23 34
24 34
25 35
26 36
27 37
28 38
29 39
30 40
31 41
32 42
33 43
34 43
35 44
36 45
37 46
38 47
39 47
40 48
41 49
42 49
43 50
44 50
45 51
46 51
47 52
48 53
49 53
50 54
51 54
52 55
53 55
54 56
55 56
56 56
57 57
58 58
59 58
60 59
61 59
62 60
63 60
64 61
65 61
66 62
67 62
68 63
69 63
70 64
71 64
72 65
73 65
74 66
75 66
76 67
77 68
78 68
79 69
80 69
81 70
82 70
83 71
84 71
85 72
86 72
87 73
88 73
89 74
90 74
91 75
92 75
93 76
94 76
95 77
96 77
97 77
98 78
99 78
100 79
101 79
102 79
103 80
104 80
105 80
106 81
107 81
108 81
109 82
110 82
111 82
112 83
113 83
114 83
115 84
116 84
117 84
118 84
119 85
120 85
121 85
122 86
