28 24
29 24
30 25
31 26
31 27
32 28
33 29
34 30
35 31
35 32
36 33
37 34
38 35
38 36
39 37
40 38
41 39
42 40
42 41
43 42
44 43
45 44
46 45
46 46
47 47
48 48
49 49
50 50
50 51
51 52
52 53
53 54
54 55
55 56
55 57
56 58
57 59
58 60
59 61
59 62
60 63
61 64
62 65
63 66
64 67
64 68
65 69
66 70
67 71
68 72
69 73
70 74
71 75
71 76
72 77
73 78
74 79
75 80
76 81
77 82
78 83
79 84
80 85
81 86
82 87
83 88
83 89
84 90
85 91
86 92
87 93
88 94
89 95
90 96
91 97
92 98
93 99
94 100
95 101
96 101
97 102
98 103
99 104
100 105
101 106
102 107
103 108
104 109
105 110
106 111
107 111
108 112
109 113
110 114
111 115
112 116
113 116
114 117
115 118
116 119
117 120
118 121
119 121
120 122
121 123
122 124
123 124
124 125
125 126
126 127
127 127
128 128
129 129
130 130
131 130
132 131
133 132
134 132
135 133
136 134
137 135
138 135
139 136
140 137
141 137
142 138
143 138
144 139
145 140
146 140
147 141
148 142
149 142
150 143
151 144
152 144
153 145
154 146
155 146
156 147
157 148
158 148
159 149
160 150
161 151
162 152
163 152
164 153
165 154
166 155
167 156
168 156
169 157
170 158
171 159
172 160
173 160
174 161
175 162
176 163
177 163
178 164
179 165
180 166
181 166
182 167
183 168
184 168
185 169
186 169
187 170
188 170
189 171
190 172
191 172
192 173
193 173
194 174
195 174
196 175
197 175
198 176
199 176
200 177
201 177
202 178
203 178
204 179
205 179
206 180
207 180
208 181
209 181
210 182
211 182
212 183
213 183
214 184
215 184
216 185
217 185
218 185
219 186
220 186
221 187
222 187
223 188
224 188
225 189
226 190
227 190
228 191
229 192
230 193
231 194
232 194
233 195
234 196
234 197
235 198
236 199
237 200
238 201
239 202
239 203
240 204
241 205
242 206
242 207
243 208
244 209
245 210
245 211
246 212
247 213
248 214
249 215
250 216
250 217
251 218
252 219
253 220
254 221
255 222
256 222
257 223
258 224
259 224
260 225
261 225
262 225
263 226
264 226
265 225
266 225
267 225
268 225
269 224
270 224
271 223
272 223
273 222
274 221
275 220
276 220
277 219
278 218
279 217
280 216
281 215
282 214
283 213
284 212
285 211
286 210
287 209
288 208
289 207
290 206
291 205
292 204
293 203
294 202
295 201
296 201
297 200
298 199
299 198
300 197
301 196
302 195
303 194
304 193
305 192
306 191
307 191
308 190
309 189
310 188
311 187
312 187
313 186
314 185
315 185
316 184
317 183
318 183
319 182
320 182
321 181
322 181
323 180
324 180
325 179
326 179
327 179
328 178
329 178
330 178
331 177
332 177
333 177
334 177
335 177
336 177
337 177
338 176
339 176
340 176
341 176
342 176
343 176
344 176
345 176
346 176
347 177
348 177
349 177
350 177
351 177
352 177
353 177
354 177
355 178
356 178
357 178
358 178
359 179
360 179
361 179
362 179
363 180
364 180
365 180
366 180
367 181
368 181
369 181
370 182
371 182
372 182
373 183
374 183
375 183
376 183
377 184
378 184
379 184
380 185
381 185
382 186
383 186
384 186
385 187
386 187
387 187
