9 57
10 57
11 58
12 58
13 59
14 59
15 60
16 60
17 61
18 61
19 61
20 62
21 62
22 63
23 63
24 64
25 64
26 64
27 65
28 65
29 66
30 66
31 66
32 67
33 67
34 67
35 68
36 68
37 68
38 69
39 69
40 69
41 69
42 69
43 70
44 70
45 70
46 70
47 70
48 70
49 70
50 70
51 70
52 70
53 70
54 70
55 70
56 70
57 70
58 70
59 70
60 70
61 70
62 69
63 69
64 69
65 69
66 69
67 68
68 68
69 68
70 68
71 67
72 67
73 67
74 67
75 67
76 67
77 66
78 66
79 66
80 66
81 66
82 66
83 66
84 66
85 65
86 65
87 65
88 65
89 65
90 65
91 65
92 66
93 66
94 66
95 66
96 66
97 66
98 66
99 67
100 67
101 67
102 68
103 68
104 69
105 69
106 70
107 70
108 71
109 72
110 72
111 73
112 74
113 75
114 76
115 77
116 78
117 79
118 80
119 81
120 82
120 83
121 84
122 85
123 86
124 87
125 88
125 89
126 90
127 91
128 92
128 93
129 94
130 95
131 96
131 97
132 98
133 99
133 100
134 101
135 102
135 103
136 104
137 105
138 106
138 107
139 108
140 109
141 110
142 111
143 112
144 113
145 113
146 114
147 114
148 115
149 115
150 115
151 115
152 115
153 116
154 116
155 116
156 116
157 116
158 116
159 116
160 116
161 117
162 117
163 117
164 117
165 118
166 118
167 118
168 119
169 119
170 120
171 120
172 121
173 121
174 122
175 123
176 123
177 124
178 124
179 125
180 126
181 126
182 127
183 127
184 128
185 129
186 129
187 130
188 131
189 131
190 132
191 132
192 133
193 134
194 134
195 135
196 136
197 136
198 137
199 137
200 138
201 139
202 139
203 140
204 140
205 140
206 141
207 141
208 141
209 142
210 142
211 142
212 142
213 142
214 141
215 141
216 141
217 141
218 140
219 140
220 139
221 139
222 138
223 137
224 137
225 136
226 135
227 135
228 134
229 133
230 132
231 131
232 130
233 129
234 128
235 127
236 126
237 125
238 124
239 123
240 122
241 121
242 120
243 119
244 118
245 117
246 116
247 115
248 114
249 113
250 112
251 111
252 110
253 109
254 108
255 107
256 106
257 105
258 104
259 103
260 102
261 101
262 101
263 100
264 99
265 98
266 97
267 96
268 95
269 94
270 93
271 92
272 91
273 91
274 90
275 89
276 88
277 87
278 86
279 86
280 85
281 84
282 83
283 83
284 82
285 81
286 81
287 80
288 80
289 79
290 79
291 79
292 79
293 79
294 79
295 79
296 79
297 79
298 79
299 80
300 80
301 81
302 82
303 83
304 84
304 85
305 86
306 87
306 88
307 89
308 90
308 91
309 92
309 93
310 94
310 95
311 96
311 97
312 98
312 99
313 100
313 101
314 102
314 103
315 104
315 105
316 106
316 107
317 108
317 109
318 110
318 111
319 112
319 113
320 114
320 115
321 116
321 117
322 118
322 119
323 120
323 121
324 122
324 123
324 124
