24 3
25 4
26 5
27 6
28 6
29 7
30 8
31 9
32 10
33 11
34 12
35 12
36 13
37 14
38 15
39 16
40 16
41 17
42 18
43 19
44 19
45 20
46 21
47 22
48 22
49 23
50 24
51 24
52 25
53 25
54 26
55 26
56 27
57 27
58 28
59 28
60 29
61 29
62 30
63 30
64 30
65 31
66 31
67 31
68 32
69 32
70 32
71 33
72 33
73 33
74 34
75 34
76 34
77 35
78 35
79 35
80 36
81 36
82 36
83 37
84 37
85 38
86 38
87 39
88 39
89 40
90 40
91 41
92 42
93 42
94 43
95 44
96 44
97 45
98 46
99 47
100 48
101 48
102 49
103 50
104 51
105 52
106 53
107 54
108 55
109 56
110 57
111 58
112 59
113 60
113 61
114 62
115 63
116 64
117 65
118 66
119 67
120 68
121 69
122 70
123 71
124 72
125 73
126 74
127 75
128 76
129 77
130 78
131 79
132 80
133 81
134 82
135 83
136 83
137 84
138 85
139 86
140 86
141 87
142 88
143 88
144 89
145 90
146 90
147 91
148 92
149 92
150 93
151 93
152 94
153 94
154 95
155 95
156 95
157 96
158 96
159 96
160 97
161 97
162 97
163 98
164 98
165 98
166 98
167 98
168 99
169 99
170 99
171 99
172 99
173 99
174 99
175 99
176 99
177 99
178 99
179 99
180 99
181 99
182 99
183 99
184 99
185 99
186 98
187 98
188 98
189 98
190 98
191 98
192 98
193 97
194 97
195 97
196 97
197 97
198 97
199 97
200 97
201 96
202 96
203 96
204 96
205 96
206 96
207 96
208 95
209 95
210 95
211 95
212 95
213 95
214 95
215 94
216 94
217 94
218 94
219 94
220 94
221 93
222 93
223 93
224 93
225 93
226 92
227 92
228 92
229 92
230 92
231 91
232 91
233 91
234 91
235 90
236 90
237 90
238 90
239 90
240 89
241 89
242 89
243 89
244 89
245 89
246 88
247 88
248 88
249 88
250 88
251 88
252 88
253 88
254 88
255 88
256 88
257 88
258 88
259 88
260 88
261 88
262 88
263 88
264 88
265 88
266 88
267 88
268 88
269 88
270 88
271 88
272 88
273 88
274 89
275 89
276 89
277 89
278 89
279 90
280 90
281 90
282 90
283 91
284 91
285 91
286 91
287 92
288 92
289 93
290 93
291 93
292 94
293 94
294 95
295 95
296 96
297 96
298 97
299 97
300 98
301 98
302 99
303 100
304 100
305 101
306 102
307 103
308 103
309 104
310 105
311 106
312 107
313 108
314 109
315 110
316 111
317 112
318 113
319 114
320 115
321 116
322 117
323 118
324 119
325 120
326 121
327 122
328 123
329 124
330 125
331 126
332 127
333 128
334 129
335 130
336 131
337 131
338 132
339 133
340 134
341 135
342 135
343 136
344 136
345 137
346 138
347 138
348 138
349 139
350 139
351 140
352 140
353 140
354 140
355 140
356 141
357 141
358 141
359 141
360 141
361 141
362 141
363 141
364 141
365 141
366 141
367 141
368 141
369 141
370 141
371 141
372 141
373 140
374 140
375 140
376 140
377 140
378 140
379 140
380 140
381 139
382 139
383 139
384 139
385 139
386 139
387 138
388 138
389 138
390 138
391 138
392 137
393 137
394 137
395 137
396 136
397 136
398 136
399 136
400 135
401 135
402 135
403 134
404 134
405 134
406 133
407 133
408 133
409 132
410 132
411 132
412 131
413 131
414 131
415 130
416 130
417 129
418 129
419 129
420 128
421 128
422 127
423 127
424 126
425 126
426 126
427 125
428 125
429 124
430 124
431 123
432 123
433 122
434 122
435 121
436 121
437 120
438 120
439 119
440 119
441 118
442 118
443 117
444 117
445 116
446 116
447 115
448 115
449 114
450 114
451 113
452 113
453 112
454 112
455 112
456 111
457 111
458 111
459 110
460 110
461 110
462 109
463 109
464 109
465 109
466 109
467 109
468 109
469 109
470 109
471 109
472 109
473 109
474 109
475 109
476 109
477 110
478 110
479 110
480 111
481 111
482 112
483 112
484 113
485 113
486 114
487 114
488 115
489 115
490 116
491 116
492 117
493 117
494 118
495 118
496 119
497 120
498 120
499 121
500 121
501 122
502 122
503 123
504 123
505 124
506 124
507 125
508 125
509 126
510 126
511 127
512 127
513 127
514 128
515 128
516 129
517 129
518 130
519 130
520 131
521 131
522 132
