9 65
10 65
11 66
12 66
13 66
14 67
15 67
16 67
17 67
18 68
19 68
20 68
21 69
22 69
23 69
24 70
25 70
26 70
27 70
28 71
29 71
30 71
31 72
32 72
33 72
34 72
35 73
36 73
37 73
38 73
39 74
40 74
41 74
42 74
43 75
44 75
45 75
46 75
47 76
48 76
49 76
50 76
51 77
52 77
53 77
54 77
55 77
56 78
57 78
58 78
59 78
60 78
61 78
62 79
63 79
64 79
65 79
66 79
67 79
68 79
69 79
70 80
71 80
72 80
73 80
74 80
75 80
76 80
77 80
78 80
79 80
80 80
81 80
82 80
83 81
84 81
85 81
86 81
87 81
88 81
89 81
90 81
91 81
92 81
93 81
94 81
95 81
96 81
97 81
98 82
99 82
100 82
101 82
102 82
103 82
104 82
105 82
106 82
107 82
108 83
109 83
110 83
111 83
112 83
113 83
114 83
115 84
116 84
117 84
118 84
119 84
120 84
121 85
122 85
123 85
124 85
125 86
126 86
127 86
128 86
129 86
130 87
131 87
132 87
133 87
134 88
135 88
136 88
137 89
138 89
139 89
140 89
141 90
142 90
143 90
144 91
145 91
146 91
147 92
148 92
149 92
150 93
151 93
152 93
153 94
154 94
155 95
156 95
157 95
158 96
159 96
160 97
161 97
162 97
163 98
164 98
165 99
166 99
167 100
168 100
169 101
170 101
171 102
172 102
173 103
174 104
175 104
176 105
177 106
178 106
179 107
180 108
181 108
182 109
183 110
184 111
185 112
186 113
187 114
188 115
189 115
190 116
190 117
191 118
192 119
193 120
194 121
195 122
196 123
197 124
198 125
199 126
199 127
200 128
201 129
202 130
203 131
204 132
204 133
205 134
206 135
207 136
208 137
209 138
209 139
210 140
211 141
212 142
213 143
214 144
215 145
216 146
217 147
218 148
219 149
220 150
221 151
222 152
223 152
224 153
225 154
226 155
227 155
228 156
229 156
230 157
231 157
232 158
233 158
234 159
235 159
236 160
237 160
238 160
239 161
240 161
241 161
242 162
243 162
244 162
245 163
246 163
247 163
248 164
249 164
250 164
251 164
252 165
253 165
254 165
255 166
256 166
257 166
258 167
259 167
260 167
261 167
262 168
263 168
264 168
265 169
266 169
267 169
268 170
269 170
270 170
271 171
272 171
273 171
274 172
275 172
276 172
277 173
278 173
279 173
280 174
281 174
282 175
283 175
284 175
285 176
286 176
287 177
288 177
289 178
290 178
291 178
292 179
293 179
294 180
295 180
296 181
297 181
298 182
299 182
300 183
301 183
302 184
303 184
304 184
305 185
306 185
307 186
308 186
309 186
310 187
311 187
312 187
313 188
314 188
315 188
316 189
317 189
318 189
319 189
320 190
321 190
322 190
323 190
324 190
325 190
326 191
327 191
328 191
329 191
330 191
331 191
332 191
333 191
334 190
335 190
336 190
337 190
338 190
339 190
340 189
341 189
342 189
343 188
344 188
345 188
346 187
347 187
348 186
349 186
350 185
351 184
352 184
353 183
354 182
355 181
356 181
357 180
358 179
359 178
360 177
361 176
362 175
363 174
363 173
364 172
365 171
366 170
366 169
367 168
368 167
369 166
369 165
370 164
371 163
371 162
372 161
373 160
373 159
374 158
375 157
375 156
376 155
376 154
377 153
378 152
378 151
379 150
380 149
380 148
381 147
382 146
382 145
383 144
383 143
384 142
385 141
385 140
386 139
387 138
387 137
388 136
389 135
389 134
390 133
391 132
391 131
392 130
393 129
393 128
394 127
395 126
396 125
396 124
397 123
398 122
399 121
400 120
400 119
401 118
402 117
403 116
404 115
405 114
406 113
407 113
408 112
409 111
410 111
411 110
412 110
413 109
414 109
415 109
416 109
417 109
418 109
419 109
420 109
421 109
422 109
423 110
424 110
425 110
426 111
427 111
428 112
429 112
430 113
431 113
432 114
433 115
434 115
435 116
436 117
437 118
438 119
439 120
440 120
441 121
442 122
443 123
444 124
445 125
446 126
447 127
448 128
449 129
450 130
451 131
452 132
453 133
454 134
455 135
456 135
457 136
458 137
459 138
460 139
461 140
462 141
463 142
464 143
465 144
466 145
467 146
468 147
469 148
470 149
471 150
472 151
473 152
474 153
475 154
476 155
477 156
478 157
479 158
480 159
481 160
482 161
483 162
483 163
484 164
485 165
486 166
487 167
488 168
489 169
490 170
490 171
491 172
492 173
493 174
494 175
494 176
495 177
496 178
497 179
498 180
498 181
499 182
500 183
501 184
501 185
502 186
503 187
504 188
504 189
505 190
506 191
507 192
507 193
508 194
509 195
510 196
511 197
511 198
512 199
513 200
513 201
514 202
