35 83
36 83
37 84
38 84
39 84
40 85
41 85
42 85
43 85
44 86
45 86
46 86
47 87
48 87
49 87
50 88
51 88
52 88
53 89
54 89
55 89
56 90
57 90
58 90
59 91
60 91
61 92
62 92
63 93
64 93
65 94
66 94
67 95
68 95
69 96
70 96
71 97
72 97
73 98
74 99
75 99
76 100
77 101
78 101
79 102
80 103
81 104
82 105
83 105
84 106
85 107
86 108
87 109
88 109
89 110
90 111
91 112
92 112
93 113
94 114
95 114
96 115
97 116
98 116
99 117
100 117
101 118
102 118
103 118
104 119
105 119
106 119
107 119
108 119
109 120
110 120
111 120
112 120
113 120
114 120
115 120
116 119
117 119
118 119
119 119
120 119
121 118
122 118
123 118
124 118
125 117
126 117
127 116
128 116
129 116
130 115
131 115
132 114
133 113
134 113
135 112
136 112
137 111
138 110
139 110
140 109
141 108
142 108
143 107
144 106
145 105
146 104
147 104
148 103
149 102
150 101
151 100
152 99
153 99
154 98
155 97
156 96
157 95
158 94
159 93
160 93
161 92
162 91
163 90
164 89
165 88
166 88
167 87
168 86
169 85
170 85
171 84
172 83
173 82
174 82
175 81
176 80
177 80
178 79
179 78
180 78
181 77
182 76
183 76
184 75
185 74
186 74
187 73
188 73
189 72
190 72
191 71
192 71
193 70
194 70
195 69
196 69
197 68
198 68
199 67
200 67
201 67
202 66
203 66
204 66
205 65
206 65
207 65
208 64
209 64
210 64
211 64
212 63
213 63
214 63
215 63
216 63
217 63
218 63
219 63
220 63
221 63
222 63
223 63
224 63
225 63
226 63
227 63
228 63
229 63
230 63
231 64
232 64
233 64
234 64
235 65
236 65
237 66
238 66
239 67
240 67
241 68
242 69
243 69
244 70
245 71
246 72
247 73
248 74
249 75
249 76
250 77
251 78
252 79
252 80
253 81
253 82
254 83
255 84
255 85
256 86
256 87
257 88
257 89
258 90
258 91
259 92
259 93
260 94
260 95
260 96
261 97
261 98
262 99
262 100
262 101
263 102
263 103
264 104
264 105
264 106
265 107
265 108
266 109
266 110
266 111
267 112
267 113
267 114
268 115
268 116
268 117
269 118
269 119
269 120
270 121
270 122
270 123
271 124
271 125
272 126
272 127
272 128
273 129
273 130
273 131
274 132
274 133
274 134
275 135
275 136
276 137
276 138
276 139
277 140
277 141
278 142
278 143
279 144
279 145
280 146
280 147
281 148
281 149
282 150
283 151
284 152
285 153
286 153
287 154
288 154
289 154
290 154
291 154
292 154
293 154
294 154
295 154
296 154
297 153
298 153
299 153
300 153
301 154
302 154
303 154
304 154
305 154
306 155
307 155
308 155
309 156
310 156
311 157
312 157
313 158
314 158
315 159
316 159
317 160
318 161
319 161
320 162
321 162
322 163
323 164
324 164
325 165
326 166
327 166
328 167
329 168
330 168
331 169
332 170
333 171
334 171
335 172
336 173
337 173
338 174
339 175
340 175
341 176
342 176
343 177
344 178
345 178
346 179
347 179
348 180
349 180
350 181
351 181
352 182
353 182
354 182
355 183
356 183
357 183
358 183
359 183
360 184
361 184
362 184
363 184
364 184
365 183
366 183
367 183
368 183
369 182
370 182
371 182
372 181
373 181
374 180
375 179
376 179
377 178
378 177
379 177
380 176
381 175
382 174
383 173
384 172
385 171
386 170
387 169
388 168
389 167
389 166
390 165
391 164
392 163
393 162
393 161
394 160
395 159
395 158
396 157
397 156
397 155
398 154
399 153
400 152
400 151
401 150
402 149
402 148
403 147
404 146
404 145
405 144
406 143
407 142
407 141
408 140
409 139
410 138
411 137
412 136
413 135
414 134
415 134
416 133
417 133
418 132
419 132
420 131
421 131
422 131
423 130
424 130
425 130
426 130
427 130
428 130
429 130
430 130
431 130
432 130
433 130
434 130
435 131
436 131
437 131
438 132
439 132
440 132
441 133
442 133
443 133
444 134
445 134
446 135
447 135
448 136
449 136
450 137
451 137
452 138
453 139
454 139
455 140
456 140
457 141
458 141
459 142
460 143
461 143
462 144
463 145
464 145
465 146
466 146
467 147
468 148
469 148
470 149
471 149
472 150
473 150
474 151
475 152
476 152
477 153
478 153
479 154
480 154
481 155
482 155
483 156
484 157
485 157
486 158
487 158
488 159
489 159
490 160
491 160
492 160
493 161
494 161
495 162
496 162
497 163
498 163
499 164
500 164
501 165
502 165
503 165
504 166
505 166
506 167
507 167
508 168
509 168
510 168
511 169
512 169
513 170
514 170
515 171
516 171
517 172
518 172
519 173
520 174
521 174
522 175
523 176
524 177
525 178
526 178
527 179
528 180
529 181
530 182
531 183
532 184
532 185
533 186
534 187
535 188
536 189
537 190
538 191
538 192
539 193
540 194
541 195
542 196
542 197
543 198
544 199
545 200
546 201
