5 36
6 36
7 37
8 38
9 39
10 39
11 40
12 41
13 42
14 42
15 43
16 44
17 44
18 45
19 45
20 46
21 46
22 47
23 47
24 47
25 48
26 48
27 48
28 48
29 48
30 48
31 48
32 48
33 49
34 49
35 49
36 49
37 49
38 49
39 49
40 49
41 49
42 50
43 50
44 51
45 51
46 52
47 52
48 53
49 54
50 54
51 53
52 53
53 52
53 51
54 50
55 49
56 48
56 47
57 46
58 45
58 44
59 43
60 42
61 41
62 41
63 40
64 39
65 39
66 39
67 39
68 39
69 39
70 39
71 39
72 40
73 40
74 41
75 41
76 42
77 42
78 43
79 44
80 44
81 45
82 46
83 46
84 47
85 48
86 49
87 49
88 50
89 50
90 51
91 52
92 52
93 53
94 54
95 54
96 55
97 55
98 56
99 57
