23 31
24 31
25 32
26 32
27 33
28 34
29 35
30 36
31 37
32 37
33 38
34 39
35 40
36 41
37 42
38 43
39 44
40 45
41 46
42 47
43 48
44 49
45 50
46 51
47 52
48 53
48 54
49 55
50 56
51 57
51 58
52 59
53 60
53 61
54 62
55 63
55 64
56 65
57 66
57 67
58 68
58 69
59 70
59 71
60 72
61 73
61 74
62 75
62 76
63 77
63 78
64 79
65 80
65 81
66 82
66 83
67 84
68 85
68 86
69 87
69 88
70 89
71 90
72 91
72 92
73 93
74 94
75 95
76 96
77 97
78 98
79 99
80 99
81 100
82 100
83 101
84 101
85 101
86 102
87 102
88 102
89 102
90 102
91 102
92 102
93 102
94 102
95 102
96 102
97 102
98 102
99 102
100 102
101 102
102 102
103 101
104 101
105 101
106 102
107 102
108 102
109 102
110 102
111 102
112 102
113 102
114 103
115 103
116 103
117 103
118 104
119 104
120 104
121 104
122 105
123 105
124 106
125 106
126 106
127 107
128 107
129 108
130 108
131 108
132 109
133 109
134 110
135 110
136 111
137 111
138 112
139 113
140 113
141 114
142 114
143 115
144 115
145 116
146 116
147 117
148 118
149 118
150 119
151 119
152 120
153 121
154 121
155 122
156 122
157 123
