39 36
40 37
41 38
42 39
43 40
43 41
44 42
45 43
46 44
47 45
48 46
49 47
49 48
50 49
51 50
52 51
53 52
54 53
54 54
55 55
56 56
57 57
58 58
59 59
60 60
60 61
61 62
62 63
63 64
64 65
65 66
65 67
66 68
67 69
68 70
69 71
70 72
71 73
71 74
72 75
73 76
74 77
75 78
76 79
77 80
77 81
78 82
79 83
80 84
81 85
82 86
82 87
83 88
84 89
85 90
86 91
87 92
88 93
89 94
90 95
90 96
91 97
92 98
93 99
94 100
95 101
96 102
97 103
98 104
99 105
100 106
101 107
101 108
102 109
103 110
104 110
105 111
106 112
107 113
108 114
109 115
110 116
111 117
112 118
113 119
114 119
115 120
116 121
117 122
118 122
119 123
120 123
121 124
122 124
123 125
124 125
125 126
126 126
127 126
128 127
129 127
130 127
131 127
132 128
133 128
134 128
135 128
136 128
137 129
138 129
139 129
140 129
141 129
142 130
143 130
144 130
145 130
146 131
147 131
148 131
149 132
150 132
151 133
152 133
153 133
154 134
155 134
156 135
157 135
158 136
159 136
160 137
161 137
162 138
163 139
164 139
165 140
166 141
167 141
168 142
169 143
170 143
171 144
172 145
173 145
174 146
175 146
176 147
177 147
178 148
179 148
180 148
181 149
182 149
183 149
184 149
185 150
186 150
187 150
188 150
189 150
190 150
191 149
192 149
193 149
194 149
195 149
196 149
197 148
198 148
199 148
200 148
201 148
202 147
203 147
204 147
205 147
206 147
207 146
208 146
209 146
210 146
211 146
212 145
213 145
214 145
215 145
216 145
217 145
218 145
219 144
220 144
221 144
222 144
223 144
224 144
225 144
226 144
227 144
228 144
229 143
230 143
231 143
232 143
233 143
234 142
235 142
236 142
237 142
238 141
239 141
240 140
241 140
242 140
243 139
244 139
245 138
246 138
247 137
248 137
249 137
250 136
251 136
252 136
253 136
254 136
255 136
256 136
257 136
258 136
259 136
260 136
261 136
262 137
263 137
264 138
265 138
266 138
267 139
268 139
269 140
270 140
271 141
272 141
273 142
274 142
275 143
276 143
277 144
278 144
279 145
280 145
281 146
282 146
283 147
284 147
285 148
286 148
287 149
288 149
289 150
290 150
291 150
292 151
293 151
294 152
295 152
296 153
297 153
298 154
299 154
300 154
301 155
302 155
303 156
304 156
305 157
306 157
307 158
308 158
309 159
310 159
311 160
312 160
313 161
314 161
315 162
316 162
317 163
318 163
319 164
320 164
321 165
322 165
323 166
324 167
325 167
326 168
327 168
328 169
329 170
330 170
331 171
332 172
333 172
334 173
335 173
336 174
337 175
338 175
339 176
340 177
341 177
342 178
343 178
344 179
345 180
346 180
347 181
348 181
349 182
350 183
351 183
352 184
353 184
354 185
355 186
356 186
357 187
358 187
359 188
360 188
361 189
362 189
363 190
364 190
365 190
366 191
367 191
368 192
369 192
370 192
371 193
372 193
373 194
374 194
375 194
376 194
377 195
378 195
379 195
380 195
381 196
382 196
383 196
384 196
385 196
386 196
387 196
388 196
389 196
390 196
391 196
392 196
393 196
394 196
395 195
396 195
397 195
398 194
399 194
400 194
401 193
402 193
403 192
404 191
405 191
406 190
407 189
408 188
409 187
410 186
411 185
412 184
413 183
413 182
414 181
415 180
415 179
416 178
416 177
417 176
417 175
418 174
418 173
419 172
419 171
420 170
420 169
421 168
421 167
422 166
422 165
422 164
423 163
423 162
424 161
424 160
424 159
425 158
425 157
425 156
426 155
426 154
427 153
427 152
427 151
428 150
428 149
428 148
429 147
429 146
430 145
430 144
430 143
431 142
431 141
431 140
432 139
432 138
433 137
433 136
433 135
434 134
434 133
435 132
435 131
435 130
436 129
436 128
437 127
437 126
438 125
438 124
438 123
439 122
439 121
440 120
440 119
441 118
441 117
442 116
443 115
443 114
444 113
444 112
445 111
445 110
446 109
447 108
447 107
448 106
449 105
450 104
450 103
451 102
452 101
453 100
454 99
455 98
456 97
457 96
458 95
459 94
460 93
461 92
462 92
463 91
464 90
465 90
466 89
467 89
468 89
469 89
470 89
471 89
472 89
473 90
474 91
475 91
476 92
476 93
477 94
478 95
479 96
479 97
480 98
481 99
481 100
482 101
482 102
483 103
483 104
484 105
484 106
485 107
485 108
