10 37
11 37
12 38
13 38
14 39
15 39
16 39
17 40
18 40
19 41
20 41
21 41
22 42
23 42
24 43
25 43
26 43
27 44
28 44
29 45
30 45
31 46
32 46
33 47
34 47
35 48
36 49
37 49
38 50
39 50
40 51
41 52
42 52
43 52
44 53
45 53
46 53
47 54
48 54
49 54
50 54
51 54
52 54
53 53
54 53
55 53
56 53
57 52
58 52
59 52
60 51
61 51
62 50
63 50
64 50
65 49
66 49
67 48
68 48
69 48
70 47
71 47
72 46
73 46
74 45
75 45
76 45
77 44
78 44
79 44
80 43
81 43
82 43
83 43
84 42
85 42
86 42
87 42
88 42
89 42
90 41
91 41
92 41
93 41
94 41
95 41
96 41
97 41
98 41
99 42
100 42
101 42
102 42
103 42
104 42
105 43
106 43
107 43
108 44
109 44
110 44
111 45
112 45
113 46
114 46
115 47
116 47
117 48
118 49
119 49
120 50
121 51
122 52
123 52
124 53
125 54
126 55
127 56
128 57
129 58
130 59
131 60
132 61
133 62
134 63
135 64
136 65
137 66
137 67
138 68
139 69
140 70
141 71
141 72
142 73
143 74
144 75
144 76
145 77
146 78
147 79
147 80
148 81
149 82
150 83
150 84
151 85
152 86
152 87
153 88
154 89
155 90
155 91
156 92
157 93
157 94
158 95
159 96
160 97
160 98
161 99
162 100
163 101
163 102
164 103
165 104
166 105
167 106
168 107
169 108
170 109
171 110
172 110
173 111
174 112
175 112
176 113
177 113
178 113
179 113
180 114
181 114
182 114
183 114
184 114
185 113
186 113
187 113
188 113
189 112
190 112
191 111
192 111
193 111
194 110
195 110
196 109
197 108
198 108
199 107
200 107
201 106
202 105
203 105
204 104
205 104
206 103
207 103
208 102
209 101
210 101
211 100
212 100
213 99
214 99
215 99
216 98
217 98
218 97
219 97
220 97
221 97
222 96
223 96
224 96
225 96
226 95
227 95
228 95
229 95
230 95
231 95
232 95
233 95
234 95
235 95
236 95
237 95
238 95
239 95
240 95
241 95
242 95
243 96
244 96
245 96
246 96
247 96
248 97
249 97
250 97
251 98
252 98
253 98
254 99
255 99
256 99
257 100
258 100
259 100
260 101
261 101
262 102
263 102
264 102
265 103
266 103
267 104
268 104
269 105
270 105
271 105
272 106
273 106
274 107
275 107
276 108
277 108
278 108
279 109
280 109
281 110
282 110
283 110
284 111
285 111
286 111
287 112
288 112
289 112
290 113
291 113
292 113
293 114
294 114
295 114
296 115
297 115
298 115
299 115
300 115
301 116
302 116
303 116
304 116
305 116
306 116
307 116
308 117
309 117
310 117
311 117
312 117
313 117
314 117
315 117
316 117
317 117
318 117
319 117
320 118
321 118
322 118
323 118
324 118
325 118
326 118
327 118
328 119
329 119
330 119
331 119
332 119
333 120
334 120
335 120
336 121
337 121
338 121
339 122
340 122
341 123
342 123
343 124
344 124
345 125
346 126
347 126
348 127
349 127
350 128
351 129
352 129
353 130
354 130
355 131
356 132
357 132
358 132
359 133
360 133
361 134
362 134
363 134
364 135
365 135
366 135
367 135
368 135
369 136
370 136
371 136
372 136
373 136
374 136
375 136
376 136
377 136
378 136
379 135
380 135
381 135
382 135
383 134
384 134
385 134
386 133
387 133
388 132
389 132
390 131
391 130
392 130
393 129
394 129
395 128
396 127
397 127
398 126
399 126
400 125
401 125
402 124
403 124
404 123
405 123
406 123
407 122
408 122
409 122
410 122
411 121
412 121
413 121
414 121
415 121
416 121
417 121
418 121
419 121
420 122
421 122
422 122
423 122
424 122
425 122
426 123
427 123
428 123
429 123
430 123
431 123
432 124
433 124
434 124
435 124
436 124
437 124
438 124
439 124
440 124
441 124
442 124
443 124
444 124
445 124
446 123
447 123
448 123
449 123
450 123
451 123
452 122
453 122
454 122
455 122
456 122
457 121
458 121
459 121
460 121
461 121
462 120
463 120
464 120
465 120
466 119
467 119
468 119
469 119
470 118
471 118
472 118
473 118
474 117
475 117
476 117
477 117
478 116
479 116
480 116
481 116
482 115
483 115
484 115
485 114
486 114
487 114
488 114
489 113
490 113
491 113
492 113
493 112
494 112
495 112
496 111
497 111
498 111
499 111
500 110
501 110
502 110
503 110
504 109
505 109
506 109
507 109
