17 4
18 5
18 6
18 7
18 8
19 9
19 10
19 11
20 12
20 13
20 14
21 15
21 16
21 17
21 18
22 19
22 20
22 21
23 22
23 23
23 24
23 25
24 26
24 27
24 28
25 29
25 30
25 31
26 32
26 33
26 34
26 35
27 36
27 37
27 38
28 39
28 40
28 41
29 42
29 43
29 44
30 45
30 46
30 47
31 48
31 49
31 50
32 51
32 52
33 53
33 54
33 55
34 56
34 57
35 58
35 59
36 60
36 61
37 62
37 63
38 64
38 65
39 66
39 67
40 68
41 69
42 70
43 71
43 72
44 73
45 74
46 75
47 75
48 76
49 77
50 78
51 78
52 79
53 79
54 80
55 80
56 80
57 80
58 80
59 80
60 80
61 80
62 80
63 80
64 79
65 79
66 78
67 78
68 77
69 77
70 76
71 76
72 75
73 74
74 73
75 73
76 72
77 71
78 70
79 69
80 68
81 67
82 66
83 65
84 65
85 64
86 63
87 63
88 62
89 61
90 61
91 60
92 59
93 59
94 58
95 57
96 57
97 56
98 55
99 55
100 54
101 54
