29 31
30 32
31 32
32 33
33 33
34 34
35 34
36 35
37 35
38 36
39 36
40 37
41 37
42 38
43 38
44 39
45 39
46 40
47 40
48 41
49 41
50 41
51 42
52 42
53 43
54 43
55 44
56 44
57 44
58 45
59 45
60 45
61 46
62 46
63 46
64 47
65 47
66 47
67 47
68 48
69 48
70 48
71 48
72 49
73 49
74 49
75 49
76 49
77 49
78 50
79 50
80 50
81 50
82 50
83 50
84 50
85 50
86 50
87 50
88 51
89 51
90 51
91 51
92 51
93 51
94 51
95 51
96 51
97 51
98 51
99 51
100 51
101 51
102 51
103 51
104 51
105 51
106 51
107 51
108 51
109 51
110 51
111 51
112 51
113 51
114 51
115 52
116 52
117 52
118 52
119 52
120 52
121 52
122 52
123 52
124 52
125 53
126 53
127 53
128 53
129 53
130 53
131 54
132 54
133 54
134 54
135 55
136 55
137 55
138 55
139 56
140 56
141 56
142 56
143 57
144 57
145 57
146 58
147 58
148 58
149 58
150 59
151 59
152 59
153 60
154 60
155 60
156 60
157 61
158 61
159 61
160 62
161 62
162 62
163 62
164 63
165 63
166 63
167 64
168 64
169 64
170 64
171 65
172 65
173 65
174 65
175 66
176 66
177 66
178 66
179 66
180 67
181 67
182 67
183 67
184 67
185 68
186 68
187 68
188 68
189 68
190 69
191 69
192 69
193 69
194 69
195 69
196 70
197 70
198 70
199 70
200 70
201 71
202 71
203 71
204 71
205 71
206 71
207 72
208 72
209 72
210 72
211 73
212 73
213 73
214 73
215 73
216 74
217 74
218 74
219 74
220 75
221 75
222 75
223 75
224 75
225 76
226 76
227 76
228 76
229 77
230 77
231 77
232 77
233 77
234 77
235 78
236 78
237 78
238 78
239 78
240 79
241 79
242 79
243 79
244 80
245 80
246 80
247 80
248 81
249 81
250 82
251 82
252 83
253 83
254 84
255 84
256 85
257 86
258 86
259 87
260 88
261 88
262 89
263 90
264 91
265 91
266 92
267 92
268 93
269 94
270 94
271 95
272 95
273 96
274 96
275 96
276 97
277 97
278 97
279 98
280 98
281 98
282 98
283 99
284 99
285 99
286 99
287 100
288 100
289 100
290 100
291 100
292 101
293 101
294 101
295 101
296 101
297 102
298 102
299 102
300 102
301 103
302 103
303 103
304 103
305 104
306 104
307 104
308 104
309 105
310 105
311 105
312 106
313 106
314 106
315 107
316 107
317 107
318 108
319 108
320 108
321 109
322 109
323 110
324 110
325 111
326 111
327 112
328 112
329 113
330 113
331 114
332 114
333 115
334 115
335 116
336 117
337 117
338 118
339 118
340 119
341 120
342 120
343 121
344 121
345 122
346 122
347 123
348 123
349 124
350 124
351 125
352 125
353 125
354 126
355 126
356 127
357 127
358 127
359 127
360 128
361 128
362 128
363 129
364 129
365 129
366 129
367 129
368 130
369 130
370 130
371 130
372 130
373 130
374 131
375 131
376 131
377 131
378 131
379 131
380 131
381 131
382 131
383 132
384 132
385 132
386 132
387 132
388 132
389 132
390 132
391 132
392 133
393 133
394 133
395 133
396 133
397 133
398 134
399 134
400 134
401 134
402 134
403 135
404 135
405 135
406 136
407 136
408 136
409 137
410 137
411 137
412 138
413 138
414 139
415 139
416 139
417 140
418 140
419 141
420 141
421 142
422 142
423 143
424 143
425 144
426 144
427 145
428 145
429 146
430 147
431 147
432 148
433 148
434 149
435 149
436 150
437 150
438 151
439 152
440 152
441 153
442 153
443 154
444 154
445 155
446 155
447 156
448 156
449 157
450 157
451 157
452 158
453 158
454 158
455 159
456 159
457 159
458 159
459 159
460 159
461 159
462 159
463 159
464 159
465 158
466 158
467 157
468 157
469 156
470 156
471 155
472 154
473 154
474 153
475 152
476 151
477 150
478 149
479 148
480 147
481 146
482 145
483 144
484 143
485 142
486 141
487 140
488 139
489 138
490 137
490 136
491 135
492 134
493 133
494 132
495 131
496 130
497 129
498 128
499 127
500 126
501 125
502 124
503 123
504 122
505 121
506 120
507 119
508 118
509 117
510 116
511 115
512 114
513 114
514 113
515 112
516 111
517 111
518 110
519 109
520 109
521 108
522 107
523 106
524 106
525 105
526 105
527 104
528 103
529 103
530 102
531 102
532 101
533 100
534 100
535 99
536 99
537 98
538 97
539 97
540 96
541 95
542 95
543 94
544 94
545 93
546 92
547 91
548 91
549 90
550 89
551 88
552 88
553 87
554 86
555 85
556 84
557 84
558 83
559 82
560 81
561 80
562 79
563 78
564 78
565 77
566 76
567 75
568 74
569 73
570 72
571 72
572 71
573 70
574 69
575 68
576 68
577 67
578 66
579 66
580 65
581 64
582 64
583 63
584 62
585 62
586 61
587 61
588 60
589 60
590 59
591 59
592 58
593 58
594 58
595 57
596 57
597 57
598 56
599 56
600 56
601 56
602 55
603 55
604 55
605 55
606 54
607 54
608 54
609 54
610 54
611 54
612 54
613 54
614 54
615 54
616 54
617 54
618 54
619 54
620 54
621 54
622 54
623 54
624 54
625 54
626 54
627 55
628 55
629 55
630 55
631 55
632 56
633 56
634 56
635 57
636 57
637 58
638 58
639 59
640 59
641 60
642 60
643 61
644 62
645 63
646 63
647 64
648 65
649 66
650 67
651 68
652 69
652 70
653 71
654 72
655 73
656 74
656 75
657 76
658 77
659 78
659 79
660 80
661 81
662 82
662 83
663 84
664 85
665 86
666 87
666 88
667 89
668 90
669 91
670 92
671 93
671 94
672 95
673 96
674 97
675 98
