32 8
32 9
32 10
33 11
33 12
33 13
33 14
34 15
34 16
34 17
35 18
35 19
35 20
36 21
36 22
36 23
36 24
37 25
37 26
37 27
38 28
38 29
38 30
39 31
39 32
39 33
39 34
40 35
40 36
40 37
41 38
41 39
41 40
42 41
42 42
42 43
42 44
43 45
43 46
43 47
44 48
44 49
44 50
44 51
45 52
45 53
45 54
46 55
46 56
46 57
47 58
47 59
47 60
47 61
48 62
48 63
48 64
49 65
49 66
49 67
50 68
50 69
50 70
51 71
51 72
51 73
51 74
52 75
52 76
52 77
53 78
53 79
53 80
54 81
54 82
54 83
55 84
55 85
55 86
56 87
56 88
56 89
57 90
57 91
58 92
58 93
58 94
59 95
59 96
59 97
60 98
60 99
61 100
61 101
61 102
62 103
62 104
63 105
63 106
64 107
64 108
65 109
65 110
66 111
66 112
67 113
67 114
68 115
68 116
69 117
69 118
70 119
71 120
71 121
72 122
73 123
73 124
74 125
75 126
76 127
76 128
77 129
78 130
79 131
80 132
81 133
82 134
83 135
84 136
85 137
86 137
87 138
88 139
89 140
90 140
91 141
92 141
93 142
94 143
95 143
96 143
97 144
98 144
99 145
100 145
101 145
102 145
103 145
104 146
105 146
106 146
107 146
108 146
109 145
110 145
111 145
112 145
113 145
114 144
115 144
116 144
117 143
118 143
119 143
120 142
121 142
122 141
123 141
124 140
125 139
126 139
127 138
128 138
129 137
130 136
131 136
132 135
133 134
134 133
135 132
136 132
137 131
138 130
139 129
140 128
141 127
142 126
143 125
144 124
145 123
146 122
147 122
148 121
149 120
150 119
151 118
152 117
153 117
154 116
155 115
156 115
157 114
158 113
159 113
160 112
161 111
162 111
163 110
164 109
165 109
166 108
167 107
168 107
169 106
170 106
171 105
172 104
173 104
174 103
175 102
176 102
177 101
178 100
179 100
180 99
181 98
182 98
183 97
