10 44
11 44
12 45
12 46
13 47
14 48
14 49
15 50
16 51
17 52
17 53
18 54
19 55
20 56
20 57
21 58
22 59
22 60
23 61
24 62
25 63
25 64
26 65
27 66
28 67
29 68
29 69
30 70
31 71
32 72
33 73
33 74
34 75
35 76
36 77
37 78
38 79
39 80
40 81
40 82
41 83
42 84
43 85
44 86
45 87
46 88
47 89
48 90
49 91
50 92
51 93
52 94
53 95
54 95
55 96
56 97
57 98
58 99
59 100
60 101
61 102
62 102
63 103
64 104
65 105
66 106
67 106
68 107
69 108
70 109
71 109
72 110
73 111
74 111
75 112
76 113
77 113
78 114
79 115
80 115
81 116
82 117
83 117
84 118
85 119
86 119
87 120
88 121
89 121
90 122
91 123
92 124
93 124
94 125
95 126
96 127
97 128
98 129
99 129
100 130
101 131
102 132
103 133
104 134
105 135
106 135
107 136
108 137
109 138
110 139
111 140
112 140
113 141
114 142
115 143
116 143
117 144
118 145
119 146
120 146
121 147
122 147
123 148
124 148
125 149
126 149
127 150
128 150
129 151
130 151
131 151
132 151
133 151
134 152
135 152
136 152
137 151
138 151
139 151
140 151
141 150
142 150
143 150
144 149
145 148
146 148
147 147
148 146
149 146
150 145
151 144
152 143
153 142
154 142
155 141
156 140
157 139
158 138
159 137
160 136
161 135
162 134
163 133
164 132
165 131
166 130
167 129
168 128
169 127
170 127
171 126
172 125
173 124
174 123
175 123
176 122
177 121
178 121
179 120
180 120
181 119
182 119
183 118
184 118
185 118
186 118
187 117
188 117
189 117
190 117
191 117
192 117
193 117
194 117
195 117
196 117
197 117
198 118
199 118
200 118
201 118
202 119
203 119
204 119
205 119
206 120
207 120
208 120
209 121
210 121
211 121
212 122
213 122
214 123
215 123
216 123
217 124
218 124
219 124
220 125
221 125
222 125
223 126
224 126
225 126
226 126
227 127
228 127
229 127
230 127
231 128
232 128
233 128
234 128
235 129
236 129
237 129
238 129
239 129
240 129
241 130
242 130
243 130
244 130
245 130
246 130
247 130
248 131
249 131
250 131
251 131
252 131
253 131
254 131
255 131
256 132
257 132
258 132
259 132
260 132
261 132
262 132
263 132
264 133
265 133
266 133
267 133
268 133
269 133
270 133
271 134
272 134
273 134
274 134
275 134
276 135
277 135
278 135
279 136
280 136
281 136
282 137
283 137
284 137
285 138
286 138
287 139
288 139
289 140
290 140
291 141
292 142
293 143
294 143
295 144
296 145
297 146
298 147
299 148
300 149
301 150
302 151
303 152
304 153
305 154
306 155
307 156
308 157
309 158
309 159
310 160
311 161
312 162
313 163
314 164
315 165
316 166
317 167
318 168
319 169
320 170
321 171
322 172
323 173
324 174
325 175
326 176
327 176
328 177
329 178
329 179
330 180
331 181
332 182
333 183
334 184
335 185
336 186
337 187
338 188
339 189
339 190
340 191
341 192
342 193
343 194
343 195
344 196
345 197
346 198
346 199
347 200
348 201
349 202
349 203
350 204
351 205
352 206
352 207
353 208
