13 46
14 46
15 47
16 47
17 48
18 49
19 49
20 50
21 51
22 51
23 52
24 53
25 53
26 54
27 55
28 55
29 56
30 57
31 57
32 58
33 58
34 59
35 60
36 60
37 61
38 61
39 62
40 62
41 63
42 63
43 64
44 64
45 65
46 65
47 66
48 66
49 67
50 67
51 67
52 68
53 68
54 69
55 69
56 69
57 70
58 70
59 70
60 71
61 71
62 71
63 72
64 72
65 73
66 73
67 73
68 74
69 74
70 74
71 75
72 75
73 75
74 76
75 76
76 76
77 77
78 77
79 77
80 78
81 78
82 79
83 79
84 79
85 80
86 80
87 80
88 81
89 81
90 81
91 82
92 82
93 83
94 83
95 83
96 84
97 84
98 84
99 85
100 85
101 85
102 86
103 86
104 86
105 87
106 87
107 88
108 88
109 88
110 89
111 89
112 89
113 90
114 90
115 90
116 90
117 91
118 91
119 91
120 92
121 92
122 92
123 93
124 93
125 93
126 93
127 94
128 94
129 94
130 95
131 95
132 95
133 96
134 96
135 96
136 97
137 97
138 98
139 98
140 99
141 99
142 100
143 100
144 101
145 102
146 102
147 103
148 104
149 105
150 106
151 107
152 108
153 109
153 110
154 111
155 112
155 113
156 114
157 115
157 116
158 117
159 118
159 119
160 120
160 121
161 122
162 123
162 124
163 125
163 126
164 127
165 128
165 129
166 130
166 131
167 132
168 133
168 134
169 135
170 136
170 137
171 138
172 139
172 140
173 141
174 142
175 143
175 144
176 145
177 146
178 147
179 148
180 149
180 150
181 151
182 152
183 153
184 154
185 155
186 156
187 157
188 158
189 159
190 160
191 160
192 161
193 162
194 163
195 164
196 165
197 165
198 166
199 167
200 168
201 169
202 169
203 170
204 171
205 172
206 172
207 173
208 174
209 175
210 175
211 176
212 177
213 177
214 178
215 179
216 180
