10 14
11 15
11 16
11 17
11 18
12 19
12 20
12 21
12 22
12 23
13 24
13 25
13 26
13 27
14 28
14 29
14 30
14 31
15 32
15 33
15 34
15 35
16 36
16 37
16 38
16 39
17 40
17 41
17 42
17 43
18 44
18 45
18 46
19 47
19 48
19 49
20 50
20 51
20 52
21 53
21 54
22 55
22 56
22 57
23 58
23 59
24 60
25 61
25 62
26 63
27 64
28 65
29 66
30 67
31 68
32 69
33 69
34 70
35 70
36 70
37 70
38 70
39 70
40 70
41 70
42 70
43 70
44 69
45 69
46 69
47 68
48 68
49 68
50 67
51 67
52 66
53 66
54 65
55 65
56 65
57 64
58 64
59 64
60 63
61 63
62 63
63 63
64 63
65 62
66 62
67 62
68 62
69 62
70 62
71 62
72 62
73 62
74 62
75 62
76 62
77 62
78 62
79 62
80 62
81 62
82 62
83 63
84 63
85 63
86 63
87 64
88 64
89 64
90 65
91 66
92 66
93 67
94 68
95 69
96 70
97 71
98 72
99 73
100 73
101 74
102 75
103 75
104 76
105 76
106 77
107 77
108 78
109 78
110 79
111 79
112 80
113 80
114 81
115 81
116 81
117 82
118 82
119 83
120 83
121 84
122 84
123 85
124 85
125 85
126 86
127 86
128 86
129 87
130 87
131 87
132 87
133 88
134 88
135 88
136 88
137 88
138 89
139 89
140 89
141 89
142 89
143 89
144 89
145 90
146 90
147 90
148 90
149 90
150 90
151 90
152 90
153 90
154 90
155 90
156 91
157 91
158 91
159 91
160 91
161 91
162 91
