28 25
29 25
30 26
31 26
32 27
33 27
34 27
35 28
36 28
37 29
38 29
39 29
40 30
41 30
42 31
43 31
44 32
45 32
46 32
47 33
48 33
49 34
50 34
51 35
52 36
53 36
54 37
55 37
56 38
57 39
58 39
59 40
60 41
61 41
62 42
63 42
64 43
65 44
66 44
67 45
68 46
69 46
70 47
71 47
72 48
73 49
74 49
75 49
76 50
77 50
78 51
79 51
80 52
81 52
82 52
83 53
84 53
85 53
86 54
87 54
88 54
89 55
90 55
91 55
92 55
93 56
94 56
95 56
96 57
97 57
98 57
99 58
100 58
101 59
102 59
103 59
104 60
105 60
106 61
107 61
108 62
109 62
110 63
111 63
112 64
113 64
114 65
115 65
116 66
117 67
118 67
119 68
120 69
121 70
122 70
123 71
124 72
125 73
126 73
127 74
128 75
129 76
130 77
131 78
132 79
133 80
134 81
135 82
136 83
137 84
138 85
139 86
140 87
141 88
142 89
143 90
144 91
145 92
146 93
147 94
148 95
149 96
150 97
151 98
152 99
152 100
153 101
154 102
155 103
156 104
157 105
158 106
159 107
159 108
160 109
161 110
162 111
163 112
164 113
165 114
165 115
166 116
167 117
168 118
169 119
170 120
171 121
171 122
172 123
173 124
174 125
175 126
176 127
176 128
177 129
178 130
179 131
180 132
181 133
181 134
182 135
183 136
184 137
185 138
186 139
186 140
187 141
188 142
189 143
190 144
191 145
191 146
192 147
193 148
194 149
195 150
196 151
196 152
197 153
198 154
199 155
200 156
201 157
201 158
202 159
203 160
204 161
205 162
206 163
207 164
207 165
208 166
209 167
210 168
211 169
212 170
213 171
214 172
214 173
215 174
216 175
217 176
218 177
219 178
220 179
221 180
222 181
223 182
224 183
225 184
226 185
227 186
228 187
229 188
230 189
231 190
232 191
233 192
234 193
235 194
236 195
237 196
238 197
239 198
240 199
241 200
242 200
243 201
244 202
245 203
246 204
247 204
248 205
249 206
250 207
251 207
252 208
253 209
254 210
255 210
256 211
257 212
258 212
259 213
260 214
261 214
262 215
263 215
264 216
265 217
266 217
267 218
268 218
269 219
270 220
271 220
272 221
273 221
274 222
275 222
276 223
277 223
278 224
279 224
280 224
281 225
282 225
283 226
284 226
285 226
286 227
287 227
288 227
289 228
290 228
291 228
292 228
293 228
294 229
295 229
296 229
297 229
298 229
299 229
300 228
301 228
302 228
303 228
304 227
305 227
306 227
307 226
308 226
309 225
310 225
311 224
312 224
313 223
314 222
315 221
316 220
317 220
318 219
319 218
320 217
321 216
322 215
322 214
323 213
324 212
325 211
326 210
326 209
327 208
328 207
329 206
329 205
330 204
331 203
331 202
332 201
333 200
334 199
334 198
335 197
336 196
336 195
337 194
338 193
338 192
339 191
340 190
340 189
341 188
342 187
343 186
343 185
344 184
345 183
346 182
347 181
348 180
349 179
349 178
350 177
351 176
352 176
353 175
354 174
355 173
356 172
357 171
358 171
359 170
360 169
361 169
362 168
363 167
364 167
365 166
366 166
367 165
368 165
369 164
370 164
371 163
372 163
373 162
374 162
