20 16
21 17
21 18
21 19
22 20
22 21
22 22
23 23
23 24
23 25
24 26
24 27
24 28
25 29
25 30
25 31
26 32
26 33
26 34
26 35
27 36
27 37
27 38
28 39
28 40
29 41
29 42
29 43
30 44
30 45
30 46
31 47
31 48
31 49
32 50
32 51
33 52
33 53
33 54
34 55
34 56
35 57
35 58
36 59
36 60
37 61
37 62
38 63
38 64
39 65
39 66
40 67
40 68
41 69
42 70
42 71
43 72
43 73
44 74
45 75
45 76
46 77
47 78
48 79
48 80
49 81
50 82
51 83
51 84
52 85
53 86
54 87
55 88
56 89
56 90
57 91
58 92
59 93
60 94
61 95
62 96
63 97
64 98
64 99
65 100
66 101
67 102
68 103
69 104
70 105
71 106
72 107
73 108
74 109
75 110
76 111
77 112
78 113
78 114
79 115
80 116
81 117
82 118
83 119
84 120
85 121
86 122
87 123
88 124
88 125
89 126
90 127
91 128
92 129
93 130
93 131
94 132
95 133
96 134
97 135
97 136
98 137
99 138
100 139
101 140
101 141
102 142
103 143
104 144
105 145
106 146
106 147
107 148
108 149
109 150
110 151
111 152
112 153
113 154
114 155
115 156
116 157
117 157
118 158
119 159
120 159
121 160
122 161
123 161
124 162
125 162
126 163
127 163
128 163
129 163
130 164
131 164
132 164
133 164
134 164
135 165
136 165
137 165
138 165
139 165
140 165
141 165
142 165
143 164
144 164
145 164
146 164
147 164
148 164
149 164
150 164
151 164
152 164
153 163
154 163
155 163
156 163
157 163
158 163
159 163
160 163
161 162
162 162
163 162
164 162
165 162
166 162
167 161
168 161
169 161
170 161
171 160
172 160
173 160
174 159
175 159
176 159
177 158
178 158
179 158
180 157
181 157
182 157
183 156
184 156
185 156
186 155
187 155
188 155
189 154
190 154
191 154
192 154
193 154
194 154
195 154
196 154
197 154
198 154
199 155
200 155
201 155
202 156
203 156
204 157
205 157
206 158
207 159
208 160
209 160
210 161
211 162
212 163
213 164
214 165
215 166
216 167
217 168
218 169
219 170
220 171
221 172
222 173
223 174
224 175
225 176
226 177
227 177
228 178
229 179
230 180
231 181
232 181
233 182
234 183
235 183
236 184
237 184
238 185
239 185
240 185
241 185
242 186
243 186
244 186
245 185
246 185
247 185
248 185
249 184
250 184
251 183
252 183
253 182
254 181
255 181
256 180
257 179
258 178
259 177
260 176
261 175
262 174
262 173
263 172
264 171
265 170
266 169
267 168
268 167
268 166
269 165
270 164
271 163
272 162
272 161
273 160
274 159
275 158
276 157
277 156
278 155
279 154
280 153
281 152
282 151
283 150
284 149
285 148
286 147
287 147
288 146
289 145
290 144
291 143
292 143
293 142
294 141
295 140
296 140
297 139
298 138
299 137
300 136
301 135
302 135
303 134
304 133
305 132
306 131
307 130
308 129
309 128
310 127
310 126
311 125
312 124
313 123
314 122
314 121
315 120
316 119
317 118
317 117
318 116
319 115
319 114
320 113
321 112
321 111
322 110
323 109
323 108
324 107
324 106
325 105
326 104
326 103
327 102
328 101
328 100
329 99
329 98
330 97
331 96
