21 73
22 74
23 75
24 76
25 77
25 78
26 79
27 80
28 81
29 82
29 83
30 84
31 85
32 86
33 87
34 88
35 89
35 90
36 91
37 92
38 93
39 94
40 95
41 96
42 97
43 98
44 99
44 100
45 101
46 102
47 103
48 104
49 104
50 105
51 106
52 107
53 108
54 109
55 110
56 111
57 111
58 112
59 113
60 114
61 114
62 115
63 116
64 116
65 117
66 118
67 118
68 119
69 119
70 120
71 120
72 121
73 121
74 122
75 122
76 123
77 123
78 124
79 124
80 125
81 125
82 126
83 126
84 127
85 127
86 128
87 128
88 129
89 129
90 130
91 130
92 131
93 131
94 132
95 132
96 133
97 133
98 134
99 134
100 135
101 136
102 136
103 137
104 137
105 138
106 138
107 139
108 139
109 140
110 140
111 141
112 141
113 142
114 143
115 143
116 144
117 144
118 145
119 145
120 146
121 146
122 147
123 147
124 148
125 148
126 149
127 149
128 150
129 150
130 151
131 151
132 152
133 152
134 153
135 153
136 153
137 154
138 154
139 154
140 155
141 155
142 155
143 156
144 156
145 156
146 156
147 157
148 157
149 157
150 157
151 157
152 157
153 157
154 157
155 157
156 157
157 157
158 157
159 157
160 157
161 157
162 157
163 157
164 157
165 157
166 157
167 156
168 156
169 156
170 156
171 156
172 156
173 156
174 155
175 155
176 155
177 155
178 155
179 155
180 154
181 154
182 154
183 154
184 154
185 153
186 153
187 153
188 153
189 153
190 153
191 152
192 152
193 152
194 152
195 152
196 151
197 151
198 151
199 151
200 151
201 151
202 151
203 150
204 150
205 150
206 150
207 150
208 150
209 150
210 150
211 150
212 149
213 149
214 149
215 149
216 149
217 149
218 149
219 149
220 149
221 149
222 149
223 149
224 149
225 149
226 149
227 149
228 149
229 150
230 150
231 150
232 150
233 150
234 150
235 150
236 150
237 151
238 151
239 151
240 151
241 152
242 152
243 152
244 152
245 153
246 153
247 154
248 154
249 154
250 155
251 155
252 156
253 156
254 157
255 157
256 158
257 158
258 159
259 159
260 160
261 160
262 161
263 161
264 161
265 162
266 162
267 162
268 162
269 162
270 163
271 163
272 163
273 163
274 162
275 162
276 162
277 162
278 162
279 162
280 161
281 161
282 161
283 161
284 160
285 160
286 160
287 160
288 159
289 159
290 159
291 159
292 158
293 158
294 158
295 158
296 158
297 158
298 158
299 157
300 157
301 157
302 158
303 158
304 158
305 158
306 158
307 158
308 158
309 159
310 159
311 159
312 160
313 160
314 160
315 161
316 161
317 162
318 162
319 162
320 163
321 163
322 164
323 164
324 165
325 165
326 166
327 166
328 166
329 167
330 167
331 168
332 168
333 169
334 169
335 170
336 170
337 171
338 171
339 172
340 172
341 172
342 173
343 173
344 174
345 174
346 175
347 175
348 176
349 176
350 177
351 177
352 178
353 178
354 179
355 179
356 179
357 180
