39 20
40 21
40 22
41 23
41 24
42 25
42 26
43 27
43 28
44 29
44 30
45 31
45 32
46 33
46 34
47 35
48 36
48 37
49 38
49 39
50 40
50 41
51 42
51 43
52 44
52 45
53 46
53 47
54 48
54 49
55 50
55 51
56 52
57 53
57 54
58 55
58 56
59 57
59 58
60 59
61 60
61 61
62 62
62 63
63 64
64 65
64 66
65 67
65 68
66 69
67 70
67 71
68 72
69 73
69 74
70 75
71 76
71 77
72 78
73 79
73 80
74 81
75 82
76 83
76 84
77 85
78 86
79 87
79 88
80 89
81 90
82 91
83 92
83 93
84 94
85 95
86 96
87 97
88 98
89 99
90 100
91 101
92 102
93 103
94 104
95 105
96 106
97 107
98 108
99 109
100 109
101 110
102 111
103 112
104 112
105 113
106 114
107 114
108 115
109 116
110 116
111 117
112 117
113 118
114 119
115 119
116 120
117 120
118 121
119 122
120 122
121 123
122 123
123 124
124 125
125 125
126 126
127 127
128 127
129 128
130 129
131 129
132 130
133 131
134 132
135 132
136 133
137 134
138 134
139 135
140 136
141 136
142 137
143 138
144 138
145 139
146 140
147 140
148 141
149 141
150 142
151 143
152 143
153 144
154 144
155 145
156 145
157 146
158 146
159 146
160 147
161 147
162 147
163 148
164 148
165 148
166 148
167 149
168 149
169 149
170 149
171 149
172 149
173 149
174 149
175 148
176 148
177 148
178 148
179 147
180 147
181 147
182 146
183 146
184 146
185 145
186 145
187 145
188 144
189 144
190 144
191 143
192 143
193 143
194 142
195 142
196 142
197 142
198 141
199 141
200 141
201 141
202 141
203 141
204 140
205 140
206 140
207 140
208 140
209 141
210 141
211 141
212 141
213 141
214 141
215 142
216 142
217 142
218 142
219 143
220 143
221 144
222 144
223 145
224 145
225 146
226 146
227 147
228 147
229 148
230 149
231 149
232 150
233 151
234 152
235 153
236 153
237 154
238 155
239 156
240 156
241 157
242 158
243 159
244 159
245 160
246 160
247 161
248 161
249 162
250 162
251 162
252 163
253 163
254 163
255 163
256 163
257 163
258 163
259 163
260 164
261 164
262 164
263 164
264 164
265 164
266 164
267 164
268 164
269 164
270 164
271 164
272 164
273 165
274 165
275 165
276 165
277 165
278 166
279 166
280 166
281 167
282 167
283 167
284 168
285 168
286 168
287 169
288 169
289 169
290 170
291 170
292 171
293 171
294 172
295 172
296 172
297 173
298 173
299 174
300 174
301 175
302 175
303 176
304 176
305 177
306 177
307 177
308 178
309 178
310 179
311 179
312 180
313 180
314 181
315 181
316 181
317 182
318 182
319 183
320 183
321 183
322 184
323 184
324 184
325 185
326 185
327 185
328 185
329 186
330 186
331 186
332 186
333 186
334 186
335 187
336 187
337 187
338 187
339 187
340 187
341 187
342 187
343 187
344 187
345 187
346 187
347 187
348 186
349 186
350 186
351 186
352 186
353 186
354 185
355 185
356 185
357 185
358 185
