5 37
6 37
7 38
7 39
8 40
9 41
9 42
10 43
11 44
11 45
12 46
13 47
14 48
14 49
15 50
16 51
17 52
17 53
18 54
19 55
20 56
21 57
21 58
22 59
23 60
24 61
25 62
26 63
27 64
28 65
29 65
30 66
31 66
32 67
33 67
34 68
35 68
36 68
37 69
38 69
39 69
40 70
41 70
42 70
43 70
44 71
45 71
46 71
47 71
48 72
49 72
50 72
51 72
52 72
53 73
54 73
55 73
56 73
57 73
58 73
59 73
60 72
61 72
62 72
63 72
64 72
65 71
66 71
67 71
68 70
69 70
70 69
71 69
72 68
73 67
74 67
75 66
76 65
77 65
78 64
79 63
80 63
81 62
82 61
83 61
84 60
85 60
86 59
87 59
88 58
89 58
90 58
91 58
92 57
93 57
94 57
95 57
96 57
97 57
98 56
99 56
100 56
101 56
102 57
103 57
104 57
105 57
106 57
107 57
108 58
109 58
110 58
111 59
112 59
113 60
114 60
115 61
116 61
117 62
118 63
119 63
120 64
121 65
122 66
123 66
124 67
125 67
126 68
127 68
128 69
129 69
130 69
131 69
132 69
133 69
134 68
135 68
136 67
137 67
138 66
139 66
140 65
141 64
142 63
143 63
144 62
145 61
146 61
147 60
148 60
149 60
150 59
151 59
152 59
153 59
154 59
155 59
156 59
157 59
158 59
159 59
160 59
161 59
162 59
163 59
164 59
165 59
166 59
167 59
168 59
169 60
170 60
171 60
172 60
173 61
174 61
175 61
176 62
177 62
178 63
179 63
180 64
181 65
182 65
183 66
184 67
185 68
186 69
187 70
188 71
189 72
190 73
191 73
192 74
193 75
194 76
195 77
196 77
197 78
198 79
199 79
200 80
201 80
202 80
203 80
204 81
205 81
206 81
207 81
208 81
209 80
210 80
211 80
212 79
213 79
214 78
215 78
216 77
217 77
218 76
219 76
220 76
221 75
222 75
223 75
224 74
225 74
226 74
227 74
228 74
229 74
230 74
231 74
232 74
233 74
234 74
235 74
236 75
237 75
238 75
239 75
240 76
241 76
242 76
243 76
244 77
245 77
246 77
247 78
248 78
249 78
250 78
251 78
252 79
253 79
254 79
255 79
256 79
257 79
258 79
259 79
260 79
261 78
262 78
263 78
264 78
265 77
266 77
267 77
268 76
269 75
270 75
271 74
272 74
273 73
274 72
275 71
276 71
277 70
278 69
279 68
280 68
281 67
282 66
283 65
284 64
285 64
