14 54
15 55
15 56
16 57
16 58
17 59
18 60
18 61
19 62
19 63
20 64
20 65
21 66
22 67
22 68
23 69
23 70
24 71
24 72
25 73
25 74
26 75
26 76
27 77
27 78
28 79
29 80
29 81
29 82
30 83
30 84
31 85
31 86
32 87
32 88
33 89
33 90
34 91
34 92
35 93
35 94
36 95
36 96
37 97
37 98
37 99
38 100
38 101
39 102
39 103
40 104
40 105
41 106
41 107
42 108
42 109
43 110
43 111
44 112
44 113
45 114
45 115
46 116
46 117
47 118
48 119
48 120
49 121
49 122
50 123
50 124
51 125
52 126
52 127
53 128
54 129
54 130
55 131
56 132
56 133
57 134
58 135
58 136
59 137
60 138
61 139
61 140
62 141
63 142
64 143
64 144
65 145
66 146
67 147
68 148
69 149
69 150
70 151
71 152
72 153
73 154
74 155
75 156
75 157
76 158
77 159
78 160
79 161
80 162
81 163
81 164
82 165
83 166
84 167
85 168
86 169
87 170
88 171
89 172
90 173
90 174
91 175
92 176
93 177
94 178
95 179
96 180
97 181
98 182
99 183
100 184
101 185
102 186
103 186
104 187
105 188
106 189
107 190
108 191
109 191
110 192
111 193
112 194
113 194
114 195
115 196
116 196
117 197
118 198
119 198
120 199
121 199
122 200
123 200
124 201
125 201
126 202
127 202
128 203
129 203
130 204
131 204
132 204
133 205
134 205
135 205
136 205
137 206
138 206
139 206
140 206
141 207
142 207
143 207
144 207
145 207
146 207
147 207
148 207
149 207
150 207
151 207
152 207
153 207
154 207
155 207
156 207
157 207
158 207
159 206
160 206
161 206
162 206
163 205
164 205
165 205
166 205
167 204
168 204
169 203
170 203
171 203
172 202
173 202
174 201
175 201
176 200
177 200
178 199
179 198
180 198
181 197
182 197
183 196
184 195
185 195
186 194
187 193
188 192
189 192
190 191
191 190
192 190
193 189
194 188
195 187
196 187
197 186
198 185
199 185
200 184
201 183
202 183
203 182
204 182
205 181
206 181
207 180
208 180
209 179
210 179
211 178
212 178
213 178
214 177
215 177
216 177
217 176
218 176
219 176
220 176
221 176
222 175
223 175
224 175
225 175
226 175
227 175
228 175
229 175
230 175
231 175
232 175
233 176
234 176
235 176
236 176
237 176
238 176
239 177
240 177
241 177
242 177
243 178
244 178
245 178
246 178
247 179
248 179
249 179
250 179
251 180
252 180
253 180
254 181
255 181
256 181
257 182
258 182
259 182
