34 10
35 10
36 11
37 12
38 13
39 14
40 15
41 16
42 17
43 17
44 18
45 19
46 20
47 21
48 22
49 23
50 24
51 25
52 25
53 26
54 27
55 28
56 29
57 30
58 30
59 31
60 32
61 33
62 33
63 34
64 35
65 36
66 36
67 37
68 38
69 39
70 39
71 40
72 41
73 42
74 43
75 44
76 45
77 46
78 47
79 48
80 49
80 50
81 51
82 52
82 53
83 54
83 55
84 56
84 57
85 58
85 59
86 60
86 61
87 62
87 63
88 64
88 65
88 66
89 67
89 68
90 69
90 70
90 71
91 72
91 73
92 74
92 75
93 76
93 77
93 78
94 79
94 80
95 81
95 82
96 83
96 84
97 85
97 86
98 87
98 88
99 89
99 90
100 91
100 92
101 93
102 94
102 95
103 96
104 97
105 98
106 99
107 100
108 101
109 102
110 102
111 103
112 104
113 104
114 105
115 105
116 105
117 106
118 106
119 106
120 107
121 107
122 107
123 107
124 107
125 107
126 108
127 108
128 108
129 108
130 108
131 108
132 108
133 108
134 108
135 108
136 108
137 108
138 108
139 108
140 108
141 108
142 108
143 108
144 108
145 108
146 108
147 108
148 108
149 108
150 108
151 108
152 108
153 109
154 109
155 109
156 109
157 109
158 109
159 110
160 110
161 110
162 110
163 110
164 111
165 111
166 111
167 112
168 112
169 112
170 112
171 113
172 113
173 113
174 114
175 114
176 114
177 115
178 115
179 115
180 116
181 116
182 116
183 117
184 117
185 117
186 118
187 118
188 118
189 119
190 119
191 119
192 120
193 120
194 120
195 120
196 121
197 121
198 121
199 122
200 122
201 122
202 122
203 123
204 123
205 123
206 123
207 123
208 124
209 124
210 124
211 124
212 124
213 124
214 124
215 124
216 124
217 124
218 124
219 124
220 124
221 124
222 124
223 124
224 124
225 124
226 124
227 123
228 123
229 123
230 123
231 122
232 122
233 122
234 121
235 121
236 121
237 120
238 120
239 119
240 119
241 119
242 118
243 118
244 117
245 117
246 116
247 115
248 115
249 114
250 113
251 113
252 112
253 111
254 111
255 110
256 109
257 109
258 108
259 107
260 107
261 106
262 105
263 105
264 104
265 104
266 104
267 104
268 104
269 104
270 104
271 104
272 104
273 105
274 105
275 106
276 107
277 108
278 109
279 110
280 111
281 112
282 113
283 114
284 115
285 116
286 117
287 118
288 119
289 120
290 121
291 122
292 123
293 123
294 124
295 125
296 126
297 127
298 128
299 128
300 129
301 130
302 130
303 131
304 132
305 132
306 133
307 133
308 134
309 134
310 134
311 135
312 135
313 136
314 136
315 136
316 137
317 137
318 137
319 137
320 138
321 138
322 138
323 138
324 139
325 139
326 139
327 139
328 140
329 140
330 140
331 140
332 141
333 141
334 141
335 141
336 142
337 142
338 142
339 142
340 142
341 143
342 143
343 143
344 143
345 144
346 144
347 144
348 144
349 144
350 145
351 145
352 145
353 145
354 145
355 146
356 146
357 146
358 146
359 146
360 147
361 147
362 147
363 147
364 147
365 147
366 148
367 148
368 148
369 148
370 148
371 148
372 148
373 149
374 149
375 149
376 149
377 149
378 149
379 149
380 149
381 149
382 149
383 149
384 149
385 149
386 149
387 149
388 149
389 148
390 148
391 148
392 148
393 148
394 148
395 148
396 148
397 148
398 148
399 148
400 148
401 148
402 148
403 148
404 149
405 149
406 149
407 150
408 150
409 150
410 151
411 151
412 151
413 151
414 152
415 152
416 152
417 152
418 152
419 152
420 152
421 152
422 151
423 151
424 151
425 151
426 151
427 150
428 150
429 150
430 149
431 149
432 148
433 148
434 147
435 147
436 146
437 146
438 145
439 145
440 144
441 143
442 143
443 142
444 142
445 141
446 140
447 139
448 139
449 138
450 137
451 137
452 136
453 135
454 135
455 134
456 133
457 133
458 132
459 131
460 131
461 130
462 129
463 129
464 128
465 128
466 127
467 126
468 126
469 125
470 125
471 124
472 124
473 124
474 123
475 123
476 122
477 122
478 122
479 121
480 121
481 121
482 121
483 121
484 120
485 120
486 120
487 120
488 120
489 120
490 120
491 120
492 121
493 121
494 121
495 121
496 122
497 122
498 122
499 123
500 123
501 124
502 124
503 125
504 125
505 126
506 126
507 127
508 128
509 128
510 129
511 130
512 130
513 131
514 132
