25 60
26 61
26 62
27 63
27 64
28 65
28 66
29 67
29 68
30 69
30 70
30 71
31 72
31 73
32 74
32 75
33 76
33 77
34 78
34 79
35 80
35 81
36 82
36 83
37 84
38 85
38 86
39 87
39 88
40 89
41 90
41 91
42 92
42 93
43 94
44 95
45 96
45 97
46 98
47 99
48 100
49 101
50 102
51 103
52 104
53 105
54 106
55 107
56 107
57 108
58 109
59 109
60 110
61 111
62 111
63 112
64 112
65 113
66 113
67 114
68 115
69 115
70 116
71 116
72 117
73 117
74 118
75 118
76 119
77 120
78 120
79 121
80 121
81 122
82 123
83 123
84 124
85 125
86 126
87 126
88 127
89 128
90 128
91 129
92 130
93 130
94 131
95 131
96 132
97 133
98 133
99 134
100 134
101 135
102 135
103 135
104 136
105 136
106 136
107 136
108 136
109 136
110 136
111 136
112 136
113 136
114 136
115 135
116 135
117 135
118 134
119 134
120 134
121 133
122 133
123 133
124 132
125 132
126 132
127 131
128 131
129 130
130 130
131 130
132 129
133 129
134 128
135 128
136 127
137 127
138 126
139 125
140 125
141 124
142 123
143 123
144 122
145 121
146 121
147 120
148 120
149 119
150 119
151 118
152 118
153 117
154 117
155 117
156 117
157 116
158 116
159 116
160 116
161 116
162 115
163 115
164 115
165 115
166 114
167 114
168 114
169 113
170 113
171 113
172 112
173 112
174 112
175 112
176 111
177 111
178 111
179 111
180 111
181 111
182 111
183 111
184 111
185 111
186 111
187 111
188 111
189 111
190 111
191 112
192 112
193 112
194 113
195 113
196 114
197 114
198 115
199 115
200 116
201 116
202 117
203 117
204 118
205 119
206 120
207 120
208 121
209 122
210 123
211 123
212 124
213 125
214 126
215 127
216 128
217 129
218 130
219 131
220 132
221 133
222 133
223 134
224 135
224 136
225 137
226 138
227 139
228 140
229 141
230 142
231 143
232 144
233 145
234 146
235 147
235 148
236 149
237 150
238 151
239 152
240 153
241 154
241 155
242 156
243 157
244 158
245 159
245 160
246 161
247 162
248 163
249 164
249 165
250 166
251 167
252 168
253 169
253 170
254 171
255 172
256 173
257 174
257 175
258 176
259 177
260 178
261 179
261 180
