16 70
17 71
17 72
18 73
18 74
18 75
19 76
19 77
20 78
20 79
21 80
21 81
22 82
22 83
23 84
23 85
24 86
24 87
25 88
25 89
26 90
26 91
27 92
27 93
28 94
28 95
29 96
30 97
30 98
31 99
32 100
32 101
33 102
34 103
35 104
36 105
36 106
37 107
38 108
39 109
40 110
41 111
42 112
43 113
44 113
45 114
46 115
47 116
48 117
49 118
50 118
51 119
52 120
53 121
54 121
55 122
56 123
57 123
58 124
59 125
60 125
61 126
62 127
63 127
64 128
65 129
66 129
67 130
68 131
69 131
70 132
71 132
72 133
73 134
74 134
75 135
76 136
77 136
78 137
79 137
80 138
81 139
82 139
83 140
84 140
85 141
86 142
87 142
88 143
89 143
90 144
91 145
92 145
93 146
94 146
95 147
96 148
97 148
98 149
99 149
100 150
101 150
102 151
103 151
104 152
105 152
106 153
107 153
108 154
109 154
110 154
111 155
112 155
113 155
114 155
115 155
116 155
117 155
118 155
119 155
120 154
121 154
122 154
123 153
124 152
125 151
126 151
127 150
128 149
128 148
129 147
130 146
131 145
132 144
132 143
133 142
134 141
134 140
135 139
135 138
136 137
136 136
137 135
138 134
138 133
139 132
139 131
140 130
140 129
141 128
141 127
142 126
142 125
143 124
143 123
144 122
144 121
145 120
145 119
146 118
146 117
147 116
147 115
148 114
148 113
149 112
