16 9
17 10
18 11
18 12
19 13
20 14
20 15
21 16
22 17
22 18
23 19
23 20
24 21
25 22
25 23
26 24
27 25
27 26
28 27
28 28
29 29
30 30
30 31
31 32
32 33
32 34
33 35
34 36
34 37
35 38
35 39
36 40
37 41
37 42
38 43
39 44
39 45
40 46
41 47
42 48
42 49
43 50
44 51
44 52
45 53
46 54
46 55
47 56
47 57
48 58
49 59
49 60
50 61
50 62
51 63
51 64
52 65
52 66
53 67
53 68
54 69
54 70
55 71
55 72
56 73
56 74
57 75
57 76
57 77
58 78
58 79
59 80
59 81
60 82
60 83
61 84
61 85
62 86
62 87
63 88
63 89
64 90
64 91
65 92
65 93
66 94
67 95
67 96
68 97
68 98
69 99
70 100
70 101
71 102
72 103
72 104
73 105
74 106
75 107
75 108
76 109
77 110
78 111
79 112
80 113
80 114
81 115
82 116
83 117
84 118
85 119
86 120
87 120
88 121
89 122
90 123
91 124
92 124
93 125
94 126
95 126
96 127
97 127
98 128
99 128
100 128
101 129
102 129
103 129
104 130
105 130
106 130
107 130
108 130
109 130
110 130
111 130
112 129
113 129
114 129
115 128
116 128
117 127
118 127
119 126
120 125
121 124
122 123
123 123
124 122
125 121
126 120
127 119
128 118
129 117
130 116
131 115
132 115
133 114
134 113
135 113
136 112
137 111
138 111
139 111
140 110
141 110
142 110
143 110
144 110
145 110
146 110
147 110
148 110
149 111
150 111
151 111
152 112
153 112
154 113
155 114
156 114
157 115
158 116
159 116
160 117
161 118
162 118
163 119
164 120
165 121
166 121
167 122
168 123
169 123
170 124
171 125
172 125
173 126
174 127
175 127
176 128
177 128
178 129
179 129
180 130
181 130
182 131
183 131
184 132
185 132
186 133
187 133
188 134
189 134
190 134
191 135
192 135
193 135
194 135
195 136
196 136
197 136
198 136
199 136
200 136
201 136
202 136
203 136
204 136
205 135
206 135
207 135
208 134
209 134
210 133
211 133
212 132
213 131
214 130
215 129
216 128
217 127
218 126
219 125
220 124
221 123
222 122
223 121
223 120
224 119
225 118
226 117
226 116
227 115
228 114
229 113
229 112
230 111
231 110
231 109
232 108
233 107
234 106
234 105
235 104
236 103
237 102
238 101
239 100
240 99
241 99
242 98
243 97
244 96
245 96
246 95
247 95
248 94
249 93
250 93
251 92
252 92
253 91
254 90
255 90
256 89
257 89
258 88
259 88
260 88
261 88
262 88
263 88
264 88
265 88
266 88
267 88
268 88
