13 3
14 4
15 5
16 6
17 7
18 8
19 9
20 10
21 11
22 12
23 13
24 14
24 15
25 16
26 17
27 18
28 19
29 20
30 21
31 22
32 23
32 24
33 25
34 26
35 27
36 28
36 29
37 30
38 31
39 32
40 33
40 34
41 35
42 36
42 37
43 38
44 39
45 40
45 41
46 42
47 43
47 44
48 45
49 46
49 47
50 48
51 49
51 50
52 51
53 52
53 53
54 54
55 55
56 56
56 57
57 58
58 59
59 60
59 61
60 62
61 63
62 64
63 65
64 66
65 67
66 68
67 69
68 70
69 70
70 71
71 72
72 72
73 72
74 73
75 73
76 73
77 73
78 73
79 73
80 73
81 73
82 73
83 73
84 73
85 73
86 72
87 72
88 72
89 71
90 71
91 71
92 70
93 70
94 70
95 69
96 69
97 68
98 68
99 68
100 67
101 67
102 67
103 66
104 66
105 66
106 65
107 65
108 65
109 65
110 64
111 64
112 64
113 64
114 64
115 64
116 64
117 63
118 63
119 63
120 63
121 63
122 63
123 63
124 63
125 63
126 63
127 63
128 63
129 63
130 64
131 64
132 64
133 64
134 64
135 64
136 64
137 65
138 65
139 65
140 65
141 65
142 65
143 66
144 66
145 66
146 66
147 67
148 67
149 67
150 67
151 68
152 68
153 68
154 68
155 69
156 69
157 69
158 69
159 70
160 70
