27 15
28 16
29 17
30 18
30 19
31 20
31 21
32 22
33 23
33 24
34 25
34 26
35 27
36 28
36 29
37 30
38 31
38 32
39 33
39 34
40 35
41 36
41 37
42 38
43 39
43 40
44 41
44 42
45 43
46 44
46 45
47 46
48 47
48 48
49 49
49 50
50 51
51 52
51 53
52 54
53 55
53 56
54 57
55 58
55 59
56 60
57 61
57 62
58 63
58 64
59 65
60 66
60 67
61 68
62 69
62 70
63 71
64 72
64 73
65 74
66 75
66 76
67 77
68 78
68 79
69 80
70 81
71 82
71 83
72 84
73 85
73 86
74 87
75 88
75 89
76 90
77 91
77 92
78 93
79 94
79 95
80 96
80 97
81 98
82 99
82 100
83 101
83 102
84 103
85 104
85 105
86 106
86 107
87 108
87 109
88 110
88 111
89 112
89 113
90 114
90 115
90 116
91 117
91 118
92 119
92 120
93 121
93 122
94 123
94 124
95 125
95 126
95 127
96 128
96 129
97 130
97 131
98 132
98 133
99 134
99 135
99 136
100 137
100 138
101 139
101 140
102 141
102 142
103 143
103 144
104 145
104 146
105 147
105 148
106 149
106 150
107 151
107 152
108 153
108 154
109 155
110 156
110 157
111 158
111 159
112 160
113 161
113 162
114 163
114 164
115 165
116 166
116 167
117 168
118 169
118 170
119 171
120 172
120 173
121 174
122 175
122 176
123 177
124 178
125 179
125 180
126 181
127 182
128 183
129 184
129 185
130 186
131 187
132 188
133 189
134 190
135 191
136 192
137 193
138 194
139 195
140 196
141 197
142 198
143 199
144 200
145 201
146 202
147 203
148 204
149 204
150 205
151 206
152 207
153 207
154 208
155 209
156 209
157 210
158 210
159 211
160 212
161 212
162 213
163 213
164 214
165 214
166 214
167 215
168 215
169 215
170 216
171 216
172 216
173 216
174 217
175 217
176 217
177 217
178 217
179 217
180 217
181 217
182 217
183 217
184 217
185 217
186 217
187 217
188 216
189 216
190 216
191 215
192 215
193 214
194 214
195 213
196 213
197 212
198 211
199 211
200 210
201 209
202 208
203 208
204 207
205 206
206 205
207 204
208 203
209 202
210 201
211 200
212 200
213 199
214 198
215 197
216 196
217 195
218 194
219 193
220 192
221 192
222 191
223 190
224 190
225 189
226 188
227 188
228 187
229 187
230 186
231 186
232 185
233 185
234 185
235 184
236 184
237 184
238 184
239 184
240 184
241 184
242 184
243 184
244 184
245 184
246 184
247 185
248 185
249 185
250 186
251 186
252 186
253 187
254 187
255 188
256 188
257 189
258 190
259 190
260 191
261 192
262 192
263 193
264 194
265 194
266 195
267 196
268 196
269 197
270 198
271 199
272 199
273 200
274 201
275 201
276 202
277 203
278 204
279 204
280 205
281 206
282 206
283 207
284 208
285 208
286 209
287 210
288 210
289 211
290 211
291 212
292 213
293 213
294 214
295 214
296 215
297 216
298 216
299 217
300 217
301 218
302 218
303 219
304 219
305 220
306 220
307 221
308 221
309 221
310 222
311 222
312 223
313 223
314 223
315 224
316 224
317 224
318 225
319 225
320 225
321 226
322 226
323 226
324 226
325 227
326 227
327 227
328 227
329 227
330 227
331 227
332 228
333 228
334 228
335 228
336 228
337 227
338 227
339 227
340 227
341 227
342 226
343 226
344 226
345 225
346 225
347 225
348 224
349 224
350 223
351 223
352 222
353 221
354 221
355 220
356 219
357 218
358 217
359 217
360 216
361 215
362 214
363 213
364 212
365 211
366 210
367 209
367 208
368 207
369 206
370 205
371 204
372 203
372 202
373 201
374 200
375 199
375 198
376 197
377 196
378 195
378 194
379 193
380 192
380 191
381 190
382 189
383 188
383 187
384 186
385 185
385 184
386 183
387 182
388 181
388 180
389 179
390 178
391 177
391 176
392 175
393 174
394 173
395 172
396 171
397 170
398 169
399 168
400 167
401 166
402 165
403 165
404 164
405 163
406 162
407 162
408 161
409 161
410 160
411 159
412 159
413 158
414 157
415 157
416 156
417 156
418 155
419 154
420 154
421 153
422 153
423 152
424 152
425 151
426 150
427 150
428 149
429 149
430 149
431 148
432 148
433 148
434 147
435 147
436 147
437 147
438 147
439 147
440 147
441 147
442 147
443 147
444 147
445 147
446 147
447 147
448 147
