20 1
20 2
21 3
22 4
23 5
24 6
24 7
25 8
26 9
26 10
27 11
28 12
29 13
29 14
30 15
31 16
31 17
32 18
33 19
33 20
34 21
34 22
35 23
35 24
36 25
37 26
37 27
38 28
38 29
39 30
39 31
40 32
40 33
41 34
41 35
42 36
42 37
43 38
43 39
44 40
44 41
45 42
45 43
45 44
46 45
46 46
47 47
47 48
48 49
48 50
49 51
49 52
50 53
50 54
50 55
51 56
51 57
52 58
52 59
53 60
53 61
54 62
54 63
55 64
55 65
55 66
56 67
56 68
57 69
57 70
58 71
58 72
59 73
59 74
60 75
60 76
61 77
61 78
62 79
63 80
63 81
64 82
64 83
65 84
66 85
67 86
67 87
68 88
69 89
70 90
71 90
72 91
73 91
74 92
75 92
76 92
77 93
78 93
79 93
80 93
81 93
82 93
83 92
84 92
85 92
86 92
87 92
88 92
89 92
90 92
91 92
92 92
93 92
94 92
95 92
96 92
97 92
98 92
99 92
100 92
101 92
102 93
103 93
104 93
105 93
106 93
107 93
108 94
109 94
110 94
111 94
112 94
113 95
114 95
115 95
116 95
117 96
118 96
119 96
120 97
121 97
122 97
123 97
124 98
125 98
126 98
127 99
128 99
129 99
130 100
131 100
132 100
133 101
134 101
135 101
136 102
137 102
138 102
139 103
140 103
141 104
142 104
143 105
144 105
145 106
146 106
147 107
148 108
149 108
150 109
151 109
152 110
153 111
154 112
155 113
156 113
157 114
158 115
159 116
160 117
161 118
162 119
163 120
164 121
165 122
166 123
167 124
168 125
169 126
170 127
171 128
172 129
173 130
174 131
175 132
176 133
177 134
178 135
178 136
179 137
180 138
181 139
182 140
183 141
184 142
185 143
186 144
187 145
188 146
189 147
190 148
190 149
191 150
192 151
193 152
194 153
195 154
196 155
197 156
198 157
199 158
200 159
201 160
202 161
203 162
204 162
205 163
206 164
207 165
208 166
209 167
210 168
211 169
212 169
213 170
214 171
215 172
216 173
217 173
218 174
219 175
220 175
221 176
222 177
223 177
224 178
225 179
226 179
227 180
228 181
229 181
230 182
231 182
232 183
233 183
234 184
235 185
236 185
237 186
238 186
239 187
240 187
241 188
242 188
243 188
244 189
245 189
246 190
247 190
248 190
249 191
250 191
251 192
252 192
253 192
254 193
255 193
256 193
257 193
258 194
259 194
260 194
261 194
262 195
263 195
264 195
265 195
266 195
267 195
268 196
269 196
270 196
271 196
272 196
273 196
274 196
275 197
276 197
277 197
278 197
279 197
280 197
281 197
282 197
283 197
284 197
285 197
286 197
287 197
288 197
289 197
290 197
291 197
292 197
293 197
294 197
295 197
296 197
297 197
298 197
299 197
300 197
301 197
302 197
303 197
304 197
305 197
306 197
307 197
308 197
309 197
310 197
311 197
312 197
313 197
314 197
315 197
316 197
317 196
318 196
319 196
320 196
321 195
322 195
323 195
324 194
325 194
326 193
327 193
328 192
329 191
330 191
331 190
332 189
333 188
334 187
335 186
336 185
336 184
337 183
338 182
339 181
339 180
340 179
341 178
342 177
342 176
343 175
344 174
344 173
345 172
346 171
347 170
347 169
348 168
349 167
349 166
350 165
351 164
352 163
353 162
353 161
354 160
355 159
356 158
357 157
358 156
359 155
360 154
361 153
362 152
363 151
364 150
365 149
366 148
367 148
368 147
369 146
370 146
371 145
372 144
373 144
374 144
375 143
376 143
377 142
378 142
379 142
380 142
381 142
382 142
383 142
384 142
385 142
386 142
387 142
388 142
389 142
390 143
391 143
392 143
393 144
394 144
395 144
396 145
397 145
398 146
399 146
400 146
401 147
402 147
403 148
404 148
405 148
406 149
407 149
408 149
409 150
410 150
411 150
412 151
413 151
414 151
415 151
416 152
417 152
418 152
419 152
420 153
421 153
422 153
423 153
424 154
425 154
426 154
427 154
428 154
429 155
430 155
431 155
432 155
433 155
434 156
435 156
436 156
437 156
438 156
439 156
440 157
441 157
442 157
443 157
444 157
445 158
446 158
447 158
448 158
449 158
450 158
451 159
452 159
453 159
454 159
455 159
456 160
457 160
458 160
459 160
460 160
461 160
462 161
463 161
464 161
465 161
466 161
467 162
468 162
469 162
470 162
471 162
472 163
473 163
474 163
475 163
476 164
477 164
478 164
479 164
480 165
481 165
482 165
483 166
484 166
485 166
486 167
487 167
488 168
489 168
490 168
491 169
492 169
493 170
494 170
495 171
496 171
497 172
498 172
499 173
500 173
501 174
502 174
503 175
504 175
505 176
506 176
507 177
508 178
509 178
510 179
511 179
512 180
513 180
514 181
515 181
516 182
517 182
518 183
519 183
520 184
521 184
522 185
523 185
524 186
525 186
526 187
527 187
528 188
529 188
530 189
531 189
532 189
533 190
534 190
535 190
536 190
537 191
538 191
539 191
540 191
541 191
542 191
543 191
544 191
545 191
546 191
547 190
548 190
549 190
550 189
551 189
552 188
553 187
554 186
555 185
556 184
557 183
558 182
559 181
560 180
560 179
561 178
562 177
562 176
563 175
564 174
564 173
565 172
566 171
566 170
567 169
568 168
568 167
569 166
570 165
570 164
571 163
572 162
572 161
573 160
574 159
574 158
575 157
576 156
577 155
578 154
579 153
580 152
581 151
582 151
583 150
584 150
585 149
586 149
587 149
588 148
589 148
590 148
591 148
592 148
593 148
594 148
595 148
596 148
597 148
598 148
599 148
600 148
601 148
602 148
603 147
604 147
605 146
606 146
607 146
608 145
609 145
610 144
611 144
612 143
613 143
614 142
615 142
616 142
617 141
618 141
619 141
620 140
621 140
622 140
623 140
624 139
625 139
626 139
627 139
628 139
629 139
630 138
631 138
632 138
633 138
634 138
635 138
636 137
637 137
638 137
639 137
640 136
641 136
642 135
643 135
644 134
645 134
646 133
647 133
648 132
649 131
650 131
651 130
652 129
653 128
654 128
655 127
656 126
657 125
658 124
659 123
660 122
661 121
662 120
663 119
664 118
665 118
