7 44
8 45
8 46
8 47
9 48
9 49
9 50
10 51
10 52
10 53
11 54
11 55
12 56
12 57
12 58
13 59
13 60
13 61
14 62
14 63
15 64
15 65
16 66
16 67
16 68
17 69
17 70
18 71
18 72
19 73
19 74
20 75
20 76
21 77
21 78
22 79
23 80
23 81
24 82
24 83
25 84
26 85
26 86
27 87
28 88
28 89
29 90
30 91
30 92
31 93
32 94
33 95
33 96
34 97
35 98
36 99
36 100
37 101
38 102
39 103
39 104
40 105
41 106
42 107
42 108
43 109
44 110
45 111
46 112
46 113
47 114
48 115
49 116
50 117
50 118
51 119
52 120
53 121
54 122
55 123
56 124
57 125
58 126
59 127
60 128
61 129
62 130
63 131
64 131
65 132
66 133
67 133
68 134
69 134
70 135
71 135
72 135
73 136
