13 80
14 81
15 81
16 82
17 82
18 82
19 83
20 83
21 84
22 84
23 85
24 85
25 86
26 86
27 87
28 87
29 87
30 88
31 88
32 89
33 89
34 90
35 90
36 90
37 91
38 91
39 92
40 92
41 92
42 93
43 93
44 93
45 94
46 94
47 94
48 95
49 95
50 95
51 96
52 96
53 96
54 97
55 97
56 97
57 97
58 97
59 98
60 98
61 98
62 98
63 98
64 98
65 99
66 99
67 99
68 99
69 99
70 99
71 99
72 99
73 99
74 99
75 99
76 99
77 99
78 99
79 99
80 99
81 98
82 98
83 98
84 98
85 98
86 98
87 98
88 97
89 97
90 97
91 97
92 97
93 96
94 96
95 96
96 96
97 96
98 95
99 95
100 95
101 95
102 94
103 94
104 94
105 94
106 94
107 94
108 93
109 93
110 93
111 93
112 93
113 93
114 92
115 92
116 92
117 92
118 92
119 92
120 92
121 92
122 92
123 92
124 92
125 92
126 92
127 92
128 92
129 92
130 92
131 92
132 92
133 93
134 93
135 93
136 93
137 93
138 94
139 94
140 94
141 94
142 95
143 95
144 96
145 96
146 96
147 97
148 97
149 98
150 99
151 99
152 100
153 101
154 102
155 102
156 103
157 104
158 105
159 106
160 107
161 108
162 109
163 110
164 111
165 112
166 113
167 114
168 115
168 116
169 117
170 118
171 119
172 120
173 121
173 122
174 123
175 124
176 125
177 126
177 127
178 128
179 129
180 130
180 131
181 132
182 133
182 134
183 135
184 136
185 137
185 138
186 139
187 140
187 141
188 142
189 143
189 144
190 145
191 146
191 147
192 148
193 149
194 150
194 151
195 152
196 153
197 154
198 155
199 156
200 157
201 158
202 158
203 159
204 160
205 160
206 160
207 161
208 161
209 161
210 162
211 162
212 162
213 162
214 162
215 162
216 162
217 162
218 162
219 163
220 163
221 163
222 163
223 163
224 163
225 163
226 164
227 164
228 164
229 164
230 165
231 165
232 165
233 166
234 166
235 167
236 167
237 167
238 168
239 168
240 169
241 170
242 170
243 171
244 171
245 172
246 172
247 173
248 174
249 174
250 175
251 175
252 176
253 177
254 177
255 178
256 179
257 179
258 180
259 180
260 181
261 182
262 182
263 183
264 184
265 184
266 185
267 185
268 186
269 187
270 187
271 188
272 189
273 189
274 190
275 190
276 191
277 192
278 192
279 193
280 193
281 194
282 195
283 195
284 196
285 196
286 197
287 197
288 197
289 198
290 198
291 198
292 198
293 199
294 199
295 199
296 199
297 199
298 199
299 199
300 198
301 198
302 198
303 198
304 197
305 197
306 197
307 196
308 196
309 195
310 195
311 194
312 193
313 193
314 192
315 191
316 191
317 190
318 189
319 188
320 187
321 187
322 186
323 185
324 184
325 183
326 182
327 181
328 180
329 179
330 178
331 177
332 176
333 175
334 174
335 173
336 172
337 171
338 170
339 169
340 168
341 167
342 166
343 165
344 164
345 163
346 162
347 161
348 160
349 159
350 158
351 157
352 156
353 155
354 154
355 153
356 152
357 151
358 150
359 149
360 148
361 147
362 146
363 145
364 144
365 143
366 142
367 142
368 141
369 140
370 139
371 138
372 137
373 136
374 135
375 134
376 133
377 132
378 131
379 131
380 130
381 129
382 128
383 127
384 126
385 125
386 124
387 124
388 123
389 122
390 121
391 120
392 119
393 119
394 118
395 117
396 116
397 116
398 115
399 115
400 114
401 113
402 113
403 112
404 112
405 111
406 111
407 111
408 111
409 110
410 110
411 110
412 110
413 110
414 110
415 111
416 111
417 111
418 112
419 112
420 113
421 114
422 114
423 115
424 116
424 117
425 118
426 119
427 120
428 121
428 122
429 123
430 124
430 125
431 126
431 127
432 128
433 129
433 130
434 131
434 132
435 133
435 134
436 135
436 136
437 137
437 138
438 139
438 140
439 141
439 142
440 143
440 144
441 145
441 146
442 147
442 148
443 149
443 150
444 151
444 152
445 153
445 154
446 155
446 156
447 157
447 158
448 159
448 160
449 161
449 162
450 163
450 164
451 165
451 166
452 167
452 168
453 169
453 170
454 171
454 172
455 173
