19 3
20 4
21 4
22 5
23 5
24 6
25 6
26 7
27 7
28 8
29 8
30 9
31 9
32 10
33 10
34 11
35 11
36 12
37 13
38 13
39 14
40 14
41 15
42 16
43 16
44 17
45 17
46 18
47 19
48 20
49 20
50 21
51 22
52 23
53 23
54 24
55 25
56 26
57 27
58 28
59 29
60 30
61 31
62 32
63 33
64 34
64 35
65 36
66 37
67 38
68 39
68 40
69 41
70 42
71 43
72 44
72 45
73 46
74 47
74 48
75 49
76 50
77 51
77 52
78 53
79 54
80 55
80 56
81 57
82 58
83 59
83 60
84 61
85 62
86 63
86 64
87 65
88 66
89 67
90 68
91 69
91 70
92 71
93 72
94 73
95 74
96 75
97 76
98 77
98 78
99 79
100 80
101 81
102 82
103 83
104 84
105 85
106 86
107 87
108 88
108 89
109 90
110 91
111 92
112 93
113 94
113 95
114 96
115 97
116 98
116 99
117 100
118 101
118 102
119 103
120 104
120 105
121 106
122 107
122 108
123 109
123 110
124 111
125 112
125 113
126 114
126 115
127 116
127 117
128 118
129 119
129 120
130 121
130 122
131 123
131 124
132 125
132 126
133 127
134 128
134 129
135 130
135 131
136 132
136 133
137 134
137 135
138 136
139 137
139 138
140 139
140 140
141 141
142 142
142 143
143 144
143 145
144 146
145 147
145 148
146 149
147 150
147 151
148 152
149 153
150 154
150 155
151 156
152 157
153 158
154 159
155 160
156 161
157 161
158 162
159 163
160 163
161 164
162 164
163 164
164 165
165 165
166 165
167 165
168 165
169 165
170 165
171 164
172 164
173 164
174 164
175 163
176 163
177 163
178 163
179 162
180 162
181 161
182 161
183 161
184 160
185 160
186 159
187 159
188 158
189 158
190 158
191 157
192 157
193 156
194 156
195 155
196 155
197 154
198 154
199 153
200 153
201 152
202 152
203 151
204 151
205 150
206 150
207 149
208 149
209 148
210 148
211 147
212 147
213 146
214 146
215 145
216 145
217 144
218 143
219 143
220 143
221 142
222 142
223 141
224 141
225 140
226 140
227 139
228 139
229 138
230 138
231 137
232 137
233 136
234 136
235 136
236 135
237 135
238 134
239 134
240 134
241 133
242 133
243 133
244 132
245 132
246 132
247 131
248 131
249 131
250 131
251 130
252 130
253 130
254 130
255 130
256 130
257 129
258 129
259 129
260 129
261 129
262 129
263 129
264 129
265 129
266 129
267 130
268 130
269 130
270 130
271 130
272 131
273 131
274 131
275 132
276 132
277 133
278 133
279 134
280 134
281 135
282 136
283 137
284 137
285 138
286 139
287 140
288 141
289 142
290 143
291 144
292 145
292 146
293 147
294 148
295 149
295 150
296 151
297 152
298 153
298 154
299 155
300 156
300 157
301 158
302 159
302 160
303 161
304 162
304 163
305 164
305 165
306 166
307 167
307 168
308 169
308 170
309 171
309 172
310 173
310 174
311 175
312 176
312 177
313 178
313 179
314 180
314 181
315 182
315 183
316 184
316 185
317 186
318 187
318 188
319 189
319 190
320 191
320 192
321 193
321 194
322 195
323 196
323 197
324 198
325 199
325 200
326 201
327 202
328 203
328 204
329 205
330 206
331 207
332 208
333 209
334 210
335 211
336 211
337 212
338 212
339 213
340 213
341 214
342 214
343 214
344 214
345 214
346 214
347 214
348 214
349 214
350 214
351 214
352 214
353 213
354 213
355 213
356 212
357 212
358 211
359 211
360 210
361 210
362 209
363 209
364 208
365 208
366 207
367 207
368 206
369 206
370 205
371 204
372 204
373 203
374 202
375 202
376 201
377 201
378 200
379 199
380 199
381 198
382 197
