30 52
31 53
32 54
33 55
33 56
34 57
35 58
36 59
37 60
38 61
38 62
39 63
40 64
41 65
42 66
43 67
44 68
44 69
45 70
46 71
47 72
48 73
49 74
50 75
51 75
52 76
53 77
54 78
55 79
56 80
57 80
58 81
59 82
60 83
61 84
62 84
63 85
64 86
65 87
66 87
67 88
68 89
69 90
70 91
71 91
72 92
73 93
74 94
75 95
76 96
77 97
78 98
79 99
80 100
81 101
82 102
83 103
84 104
85 105
86 106
87 107
88 108
89 109
89 110
90 111
91 112
92 113
93 114
94 115
95 116
96 117
97 118
98 119
98 120
99 121
100 122
101 123
102 124
103 125
104 126
105 127
106 128
107 129
107 130
108 131
109 132
110 133
111 134
112 135
113 136
114 137
115 138
116 139
117 140
118 141
119 142
120 143
121 144
122 144
123 145
124 146
125 146
126 147
127 147
128 147
129 148
130 148
131 147
132 147
133 147
134 146
135 145
136 144
137 143
138 142
139 141
139 140
140 139
140 138
141 137
142 136
142 135
143 134
143 133
144 132
144 131
145 130
145 129
145 128
146 127
146 126
147 125
147 124
148 123
148 122
149 121
149 120
150 119
150 118
150 117
151 116
151 115
152 114
152 113
153 112
153 111
154 110
154 109
155 108
155 107
156 106
156 105
157 104
157 103
158 102
158 101
159 100
160 99
160 98
161 97
161 96
162 95
163 94
163 93
164 92
165 91
165 90
166 89
167 88
167 87
168 86
169 85
170 84
171 83
172 82
172 81
173 80
174 79
175 78
176 77
177 76
178 75
179 74
180 74
181 73
182 72
183 71
184 70
185 70
186 69
187 68
188 68
189 67
190 66
191 66
192 65
193 65
194 64
195 64
196 64
197 63
198 63
199 63
200 62
201 62
202 62
203 62
204 62
205 62
206 61
207 61
208 61
209 61
210 61
211 61
212 62
213 62
214 62
215 62
216 62
217 62
218 62
219 63
220 63
221 63
222 63
223 63
224 63
225 64
226 64
227 64
228 64
229 64
230 64
231 64
232 64
233 64
234 64
235 63
236 63
237 63
238 63
239 63
240 63
241 63
242 63
243 62
244 62
245 62
246 62
247 62
248 62
249 62
250 62
251 62
252 62
253 62
254 62
255 62
256 62
257 62
258 62
259 62
260 62
261 63
262 63
263 63
264 64
265 64
266 65
267 65
268 66
269 67
270 68
271 68
272 69
273 70
274 71
275 72
276 73
276 74
277 75
278 76
279 77
280 78
281 79
281 80
282 81
283 82
284 83
285 84
285 85
286 86
287 87
288 88
289 89
290 90
290 91
291 92
292 93
293 94
294 95
295 96
296 97
297 98
298 99
299 99
300 100
301 101
302 101
303 102
304 102
305 102
306 102
307 102
308 102
309 102
310 102
311 101
312 101
313 100
314 99
315 99
316 98
317 97
318 96
319 95
320 94
320 93
321 92
322 91
323 90
323 89
324 88
325 87
325 86
326 85
327 84
327 83
328 82
329 81
329 80
330 79
331 78
331 77
332 76
333 75
334 74
334 73
335 72
336 71
337 70
338 69
339 68
340 67
341 66
342 65
343 65
344 64
345 64
346 64
347 64
348 64
349 64
350 64
351 64
352 65
353 66
354 66
355 67
356 68
357 69
358 70
359 71
359 72
360 73
361 74
362 75
363 76
364 77
364 78
365 79
366 80
367 81
368 82
369 83
370 84
371 85
372 86
373 87
374 88
375 89
376 90
377 91
378 92
379 93
380 94
381 94
382 95
383 96
384 97
385 98
386 98
387 99
388 100
389 101
390 101
391 102
392 103
393 104
394 104
395 105
396 106
397 107
398 108
399 108
400 109
401 110
402 111
403 112
404 112
405 113
406 114
407 115
408 115
409 116
410 117
411 118
412 119
413 119
414 120
415 121
416 122
417 122
418 123
419 124
420 124
421 125
422 125
423 126
424 126
425 126
426 127
427 127
428 127
429 127
430 127
431 126
432 126
433 126
434 125
435 125
436 124
437 124
438 123
439 122
440 121
441 121
442 120
443 119
444 118
445 117
446 116
447 115
448 115
449 114
450 113
451 112
452 111
453 110
454 109
455 108
456 107
457 106
458 105
459 104
460 103
461 102
462 101
463 100
464 99
465 98
