14 42
14 43
15 44
15 45
15 46
16 47
16 48
16 49
16 50
17 51
17 52
17 53
18 54
18 55
18 56
19 57
19 58
19 59
19 60
20 61
20 62
20 63
21 64
21 65
21 66
22 67
22 68
22 69
23 70
23 71
23 72
24 73
24 74
24 75
25 76
25 77
25 78
26 79
26 80
26 81
27 82
27 83
28 84
28 85
28 86
29 87
29 88
30 89
30 90
31 91
31 92
32 93
33 94
33 95
34 96
35 97
36 98
37 98
38 99
39 100
40 100
41 100
42 100
43 101
44 101
45 101
46 101
47 101
48 101
49 101
50 101
51 101
52 101
53 101
54 102
55 102
56 102
57 102
58 102
59 102
60 103
61 103
62 103
63 104
64 104
65 104
66 105
67 105
68 105
69 106
70 106
71 106
72 107
73 107
74 107
75 108
76 108
77 109
78 109
79 109
80 110
81 110
82 110
83 110
84 111
85 111
86 111
87 111
88 112
89 112
90 112
91 112
92 112
93 112
94 113
95 113
96 113
97 113
98 112
99 112
100 112
101 112
102 112
103 111
104 111
105 111
106 110
107 110
108 109
109 108
110 108
111 107
112 106
113 106
114 105
115 104
116 103
117 102
118 101
119 100
120 100
121 99
122 98
122 97
123 96
124 95
125 94
126 93
127 92
128 91
129 90
130 89
131 88
132 87
133 86
133 85
134 84
135 83
136 82
137 81
138 80
139 79
140 78
141 77
142 76
143 75
144 74
145 73
146 72
147 71
148 71
149 70
150 69
151 69
152 68
153 68
154 67
155 67
156 67
157 66
158 66
159 66
160 65
161 65
162 65
163 65
164 65
165 64
166 64
167 64
168 64
169 64
170 63
171 63
172 63
173 63
174 63
175 63
176 63
177 63
178 63
179 63
180 63
181 63
182 63
183 63
184 64
185 64
186 64
187 65
188 65
189 66
190 66
191 67
192 68
193 68
194 69
195 70
195 71
196 72
197 73
198 74
198 75
199 76
199 77
200 78
201 79
201 80
202 81
202 82
203 83
203 84
204 85
204 86
205 87
205 88
206 89
207 90
207 91
208 92
208 93
209 94
210 95
210 96
211 97
212 98
212 99
213 100
214 101
215 102
216 103
217 104
218 105
219 106
220 107
221 108
222 108
223 109
224 110
225 110
226 111
227 111
228 112
229 112
230 112
231 112
232 113
233 112
234 112
235 112
236 112
237 112
238 111
239 111
240 111
241 111
242 110
243 110
244 110
245 110
246 110
247 109
248 109
249 109
250 109
251 109
252 109
253 109
254 108
255 108
256 108
257 108
258 107
259 107
260 107
261 106
262 106
263 106
264 105
265 105
266 104
267 104
268 103
269 103
270 102
271 102
272 101
273 101
274 101
275 100
276 100
277 99
278 99
279 98
280 98
281 97
282 97
283 97
284 96
285 96
286 96
287 95
288 95
289 95
290 94
291 94
292 94
293 94
294 94
295 94
296 93
297 93
298 93
299 93
300 93
301 93
302 93
303 94
304 94
305 94
306 94
307 95
308 95
309 95
310 96
311 96
312 97
313 97
314 97
315 98
316 98
317 99
318 99
319 100
320 100
321 101
322 101
323 102
324 102
325 103
326 103
327 103
328 104
329 104
330 105
331 105
332 105
333 105
334 106
335 106
336 106
337 106
338 106
339 106
340 106
341 107
342 107
343 107
344 107
345 107
