6 21
7 22
8 22
9 23
10 24
11 25
12 25
13 26
14 26
15 27
16 28
17 28
18 29
19 29
20 30
21 30
22 31
23 31
24 32
25 32
26 32
27 33
28 33
29 33
30 34
31 34
32 34
33 35
34 35
35 36
36 36
37 36
38 37
39 37
40 37
41 38
42 38
43 38
44 39
45 39
46 39
47 40
48 40
49 41
50 41
51 41
52 42
53 42
54 42
55 43
56 43
57 43
58 43
59 44
60 44
61 44
62 45
63 45
64 45
65 46
66 46
67 47
68 47
69 48
70 49
71 50
72 51
73 52
73 53
74 54
75 55
75 56
76 57
77 58
77 59
78 60
78 61
79 62
80 63
80 64
81 65
82 66
82 67
83 68
84 69
85 70
86 71
87 72
88 73
89 74
90 75
91 76
92 77
93 78
94 79
95 79
96 80
97 81
98 82
99 82
100 83
101 84
102 85
