22 94
23 95
24 96
24 97
25 98
26 99
27 100
27 101
28 102
29 103
30 104
30 105
31 106
32 107
33 108
34 109
34 110
35 111
36 112
37 113
37 114
38 115
39 116
40 117
41 118
41 119
42 120
43 121
44 122
45 123
45 124
46 125
47 126
48 127
49 128
50 129
50 130
51 131
52 132
53 133
54 134
55 135
56 136
56 137
57 138
58 139
59 140
60 141
61 142
62 143
63 144
64 145
65 146
66 147
67 148
67 149
68 150
69 151
70 152
71 153
72 154
73 155
74 156
75 157
76 158
77 159
78 160
79 160
80 161
81 162
82 163
83 164
84 165
85 166
86 167
87 168
88 169
89 170
90 171
91 172
92 173
93 173
94 174
95 175
96 176
97 177
98 178
99 179
100 180
101 180
102 181
103 182
104 183
105 184
106 185
107 185
108 186
109 187
110 188
111 188
112 189
113 190
114 191
115 191
116 192
117 193
118 194
119 194
120 195
121 195
122 196
123 197
124 197
125 198
126 199
127 199
128 200
129 200
130 201
131 201
132 202
133 202
134 203
135 203
136 203
137 204
138 204
139 205
140 205
141 205
142 206
143 206
144 206
145 207
146 207
147 207
148 207
149 208
150 208
151 208
152 208
153 208
154 209
155 209
156 209
157 209
158 209
159 210
160 210
161 210
162 210
163 210
164 210
165 210
166 211
167 211
168 211
169 211
170 211
171 211
172 211
173 211
174 211
175 211
176 212
177 212
178 212
179 212
180 212
181 212
182 212
183 212
184 211
185 211
186 211
187 211
188 211
189 211
190 211
191 211
192 211
193 211
194 211
195 211
196 210
197 210
198 210
199 210
200 210
201 210
202 210
203 210
204 210
205 210
206 209
207 209
208 209
209 209
210 209
211 209
212 209
213 209
214 209
215 209
216 209
217 209
218 209
219 209
220 209
221 209
222 209
223 209
224 209
225 209
226 209
227 209
228 209
229 209
230 209
231 209
232 209
233 209
234 209
235 209
236 209
237 209
238 209
239 209
240 209
241 209
242 209
243 209
244 209
245 209
246 209
247 209
248 209
249 209
250 209
251 209
252 209
253 209
254 209
255 209
256 209
257 209
258 209
259 209
260 208
261 208
262 208
263 208
264 208
265 208
266 208
267 208
268 208
269 208
270 208
271 208
272 208
273 208
274 208
275 208
276 208
277 208
278 208
279 208
280 208
281 208
282 208
283 208
284 208
285 208
286 208
287 208
288 208
289 208
290 209
291 209
292 209
293 209
294 209
295 209
296 209
297 210
298 210
299 210
300 210
301 210
302 211
303 211
304 211
305 211
306 211
307 212
308 212
309 212
310 212
311 213
312 213
313 213
314 213
315 214
316 214
317 214
318 214
319 215
320 215
321 215
322 216
323 216
324 216
325 217
326 217
327 217
328 218
329 218
330 218
331 218
332 219
333 219
334 219
335 220
336 220
337 220
338 221
339 221
340 221
341 222
342 222
343 222
344 223
345 223
346 223
347 224
348 224
349 224
350 224
351 225
352 225
353 225
354 226
355 226
356 226
357 226
358 227
359 227
360 227
361 227
362 228
363 228
364 228
365 228
366 228
367 229
368 229
369 229
370 229
371 229
372 229
373 229
374 229
375 230
376 230
377 230
378 230
379 230
380 230
381 230
382 230
383 230
384 230
385 229
386 229
387 229
388 229
389 229
390 229
391 229
392 229
393 228
394 228
395 228
396 228
397 227
398 227
399 227
400 226
401 226
402 226
403 225
404 225
405 224
406 224
407 224
408 223
409 222
410 222
411 221
412 221
413 220
414 219
415 219
416 218
417 217
418 216
419 215
420 214
421 214
422 213
422 212
423 211
424 210
425 209
426 208
427 207
428 206
429 205
429 204
430 203
431 202
431 201
432 200
433 199
433 198
434 197
435 196
435 195
436 194
436 193
437 192
438 191
438 190
439 189
439 188
440 187
440 186
441 185
441 184
442 183
442 182
443 181
444 180
444 179
445 178
445 177
446 176
446 175
447 174
447 173
448 172
448 171
449 170
449 169
450 168
450 167
451 166
451 165
452 164
452 163
453 162
454 161
454 160
455 159
455 158
456 157
457 156
457 155
458 154
458 153
459 152
460 151
460 150
461 149
462 148
462 147
463 146
464 145
464 144
465 143
466 142
467 141
467 140
468 139
469 138
469 137
470 136
471 135
472 134
473 133
473 132
474 131
475 130
476 129
477 128
478 127
479 126
480 125
481 124
482 123
483 122
484 122
485 121
486 120
487 119
488 119
489 118
490 118
491 117
492 117
493 116
494 116
495 115
496 115
497 115
498 114
499 114
500 114
501 113
502 113
503 113
504 113
505 112
506 112
507 112
508 112
509 112
510 112
511 111
512 111
513 111
514 111
515 111
516 111
517 111
518 111
519 111
520 111
521 111
522 111
523 111
524 111
525 111
526 111
527 111
528 111
529 111
530 111
531 111
532 111
533 111
534 111
535 111
536 111
537 111
538 111
539 111
540 111
541 112
542 112
543 112
544 112
545 112
546 112
547 113
548 113
549 113
550 113
551 114
552 114
553 114
554 115
555 115
556 115
557 116
558 116
559 117
560 117
561 118
562 118
563 119
564 120
565 120
566 121
567 122
568 122
569 123
570 124
571 125
572 126
573 127
574 128
575 129
576 130
577 131
578 132
579 133
580 134
581 135
581 136
582 137
583 138
584 139
585 140
586 141
587 142
588 143
589 144
590 145
590 146
591 147
592 148
593 149
594 150
595 150
596 151
597 152
598 153
599 154
600 155
601 155
602 156
603 157
604 157
605 158
606 159
607 159
608 160
609 160
610 161
611 162
612 162
613 163
614 163
615 164
616 164
617 164
618 165
619 165
620 166
621 166
622 166
623 167
624 167
625 167
626 168
627 168
628 168
629 169
630 169
631 169
632 170
633 170
634 170
635 170
636 171
637 171
638 171
639 171
640 172
641 172
642 172
643 172
644 173
645 173
646 173
647 173
648 173
649 174
650 174
651 174
652 174
653 174
654 174
655 175
656 175
657 175
658 175
659 175
660 175
661 176
662 176
663 176
664 176
665 176
666 176
667 176
668 176
669 176
670 177
671 177
672 177
673 177
674 177
675 177
676 177
677 177
678 177
679 177
680 177
681 177
682 177
683 177
684 177
685 176
686 176
687 176
688 176
689 176
690 176
691 176
692 175
693 175
694 175
695 175
696 174
697 174
698 174
699 173
700 173
701 172
702 172
703 172
704 171
705 171
706 170
707 170
708 170
709 169
710 169
711 168
712 168
713 167
714 167
715 166
716 166
717 166
718 165
719 165
720 165
721 164
722 164
723 164
724 163
725 163
726 163
727 163
728 162
729 162
730 162
731 162
732 162
733 162
734 161
735 161
736 161
737 161
738 161
739 161
740 161
