7 21
8 22
8 23
8 24
9 25
9 26
10 27
10 28
10 29
11 30
11 31
12 32
13 33
13 34
14 35
15 36
16 36
17 37
18 37
19 37
20 37
21 36
22 36
23 36
24 36
25 36
26 36
27 36
28 37
29 37
30 37
31 38
32 39
33 39
34 40
35 41
36 41
37 42
38 43
39 44
40 45
41 46
42 47
43 48
44 49
45 50
46 51
47 52
48 53
49 54
50 55
51 56
52 57
53 58
54 58
55 59
56 60
57 60
58 61
59 61
60 61
61 61
62 61
63 61
64 62
65 62
66 62
67 62
68 62
69 62
70 62
71 63
72 63
73 63
74 63
75 63
76 64
77 64
78 64
79 64
80 64
81 65
82 65
83 65
84 65
85 65
86 65
87 65
88 65
89 65
90 66
91 66
92 66
93 66
94 66
95 66
96 66
97 65
98 65
99 65
100 65
101 65
102 65
103 65
