23 82
24 81
25 81
26 80
27 80
28 79
29 78
30 78
31 77
32 77
33 76
34 76
35 75
36 75
37 74
38 74
39 73
40 73
41 73
42 72
43 72
44 72
45 72
46 72
47 71
48 71
49 71
50 71
51 71
52 71
53 71
54 71
55 71
56 71
57 71
58 71
59 71
60 71
61 72
62 72
63 72
64 72
65 72
66 72
67 73
68 73
69 73
70 74
71 74
72 74
73 74
74 75
75 75
76 76
77 76
78 76
79 77
80 77
81 78
82 78
83 78
84 79
85 79
86 80
87 80
88 81
89 81
90 82
91 82
92 83
93 83
94 84
95 84
96 85
97 85
98 86
99 86
100 87
101 88
102 88
103 89
104 89
105 90
106 90
107 91
108 91
109 92
110 92
111 93
112 93
113 94
114 94
115 95
116 95
117 96
118 96
119 97
120 97
121 97
122 98
123 98
124 99
125 99
126 99
127 100
128 100
129 101
130 101
131 101
132 102
133 102
134 102
135 103
136 103
137 103
138 104
139 104
140 105
141 105
142 106
143 106
144 106
145 107
146 108
147 108
148 109
149 109
150 110
151 111
152 111
153 112
154 113
155 114
156 115
157 116
158 116
159 117
160 118
160 119
161 120
162 121
163 122
164 123
165 124
166 125
167 126
168 127
168 128
169 129
170 130
170 131
