3 14
4 15
5 16
6 17
7 18
7 19
8 20
9 21
10 22
10 23
11 24
12 25
13 26
14 27
15 28
15 29
16 30
17 31
18 32
19 33
20 34
21 35
22 36
23 37
24 38
24 39
25 40
26 41
27 41
28 42
29 43
30 44
31 45
32 46
33 47
34 48
35 49
36 50
37 51
38 51
39 52
40 53
41 54
42 54
43 55
44 56
45 56
46 57
47 58
48 58
49 59
50 59
51 60
52 60
53 61
54 61
55 62
56 62
57 62
58 63
59 63
60 63
61 63
62 64
63 64
64 65
65 65
66 66
67 66
68 67
69 67
70 68
71 69
72 69
73 70
74 71
75 72
76 72
77 73
78 74
79 75
80 76
81 77
82 78
83 79
84 80
85 81
86 82
87 83
87 84
88 85
89 86
90 87
90 88
91 89
92 90
92 91
93 92
94 93
95 94
96 95
96 96
97 97
98 98
99 99
100 100
101 101
102 102
103 103
104 104
105 105
