35 6
36 6
37 7
38 7
39 8
40 9
41 9
42 10
43 11
44 12
45 12
46 13
47 14
48 14
49 15
50 16
51 17
52 17
53 18
54 19
55 20
56 20
57 21
58 22
59 23
60 24
61 24
62 25
63 26
64 27
65 28
66 29
67 30
68 30
69 31
70 32
71 33
72 34
73 35
74 36
75 37
76 38
77 39
78 40
79 41
80 42
81 43
82 44
83 45
83 46
84 47
85 48
86 49
87 50
88 51
89 52
90 53
91 54
92 55
93 56
93 57
94 58
95 59
96 60
97 61
98 62
99 63
100 64
100 65
101 66
102 67
103 68
104 69
105 70
106 71
107 72
107 73
108 74
109 75
110 76
111 77
112 78
112 79
113 80
114 81
115 82
116 83
117 84
117 85
118 86
119 87
120 88
121 89
121 90
122 91
123 92
124 93
125 94
125 95
126 96
127 97
128 98
129 99
130 100
130 101
131 102
132 103
133 104
134 105
135 106
136 107
137 108
138 109
139 110
140 111
141 112
142 112
143 113
144 114
145 114
146 115
147 115
148 116
149 116
150 117
151 117
152 118
153 118
154 118
155 118
156 118
157 119
158 119
159 119
160 119
161 119
162 119
163 119
164 119
165 119
166 119
167 118
168 118
169 118
170 118
171 117
172 117
173 117
174 116
175 116
176 116
177 115
178 115
179 114
180 114
181 113
182 112
183 112
184 111
185 110
186 110
187 109
188 108
189 108
190 107
191 106
192 105
193 105
194 104
195 103
196 102
197 101
198 101
199 100
200 99
201 98
202 98
203 97
204 96
205 95
206 95
207 94
208 93
209 93
210 92
211 92
212 91
213 91
214 90
215 90
216 90
217 89
218 89
219 89
220 89
221 89
222 89
223 90
224 90
225 90
226 91
227 91
228 92
229 92
230 93
231 93
232 94
233 95
234 96
235 96
236 97
237 98
238 98
239 99
240 100
241 100
242 101
243 102
244 103
245 103
246 104
247 105
248 106
249 107
250 108
251 109
252 110
253 111
254 112
255 113
255 114
256 115
257 116
258 117
259 118
260 119
261 120
262 121
263 122
264 123
265 124
266 125
267 125
268 126
269 127
270 127
271 128
272 128
273 128
274 129
275 129
276 129
277 129
278 129
279 129
280 129
281 128
282 128
283 128
284 127
285 127
286 127
287 126
288 126
289 125
290 125
291 125
292 124
293 124
294 124
295 123
296 123
297 123
298 122
299 122
300 122
301 122
302 122
303 122
304 122
305 122
306 122
307 122
308 122
309 122
310 122
311 122
312 122
313 123
314 123
315 123
316 123
317 124
318 124
319 124
320 124
321 125
322 125
323 125
324 125
325 126
326 126
327 126
328 126
329 127
330 127
331 127
332 127
333 128
334 128
335 128
336 128
337 128
338 128
339 128
340 128
341 129
342 129
343 129
344 129
345 129
346 129
347 129
348 128
349 128
350 128
351 128
352 128
353 128
354 128
355 128
356 128
357 128
358 127
359 127
360 127
361 127
362 127
363 127
364 127
365 127
366 127
367 127
368 127
369 127
370 127
371 127
372 127
373 127
374 127
375 127
376 127
377 127
378 128
379 128
380 128
381 128
382 129
383 129
384 129
385 130
386 130
387 131
388 131
389 132
390 132
391 133
392 133
393 134
394 134
395 135
396 136
397 136
398 137
399 138
400 138
401 139
402 140
403 141
404 141
405 142
406 143
407 144
408 145
409 145
410 146
411 147
412 148
413 149
414 149
415 150
416 151
417 151
418 152
419 153
420 154
421 154
422 155
423 155
424 156
425 156
426 157
427 157
428 157
429 158
430 158
431 158
432 158
433 158
434 159
435 159
436 159
437 159
438 159
439 159
440 159
441 159
442 159
443 159
444 160
445 160
446 160
447 160
448 160
449 160
450 160
451 160
452 160
453 160
454 160
455 160
456 160
457 160
458 160
459 160
460 160
461 160
462 161
463 161
464 161
465 161
466 161
467 161
468 161
469 161
470 161
471 162
472 162
473 162
474 162
475 162
476 162
477 163
478 163
479 163
480 163
481 164
482 164
483 164
484 164
485 165
486 165
487 165
488 166
489 166
490 166
491 166
492 167
