7 17
8 18
9 18
10 19
11 20
12 20
13 21
14 21
15 22
16 22
17 23
18 24
19 24
20 25
21 25
22 26
23 27
24 27
25 28
26 28
27 29
28 30
29 30
30 31
31 32
32 32
33 33
34 34
35 34
36 35
37 36
38 36
39 37
40 38
41 38
42 39
43 40
44 41
45 41
46 42
47 43
48 44
49 45
50 46
51 46
52 47
53 48
54 49
55 50
56 51
57 52
58 53
59 54
60 55
61 55
62 56
63 57
64 58
65 59
66 60
67 61
68 62
69 63
70 64
71 65
72 65
73 66
74 67
75 68
76 69
77 70
78 71
79 71
80 72
81 73
82 74
83 74
84 75
85 76
86 77
87 77
88 78
89 78
90 79
91 80
92 80
93 81
94 81
95 81
96 82
97 82
98 82
99 83
100 83
101 83
102 83
103 84
104 84
105 84
106 84
107 84
108 84
109 84
110 84
111 84
112 84
113 84
114 85
115 85
116 85
117 85
118 85
119 85
120 85
121 85
122 86
123 86
124 86
125 86
126 86
127 87
128 87
129 87
130 88
131 88
132 89
133 89
134 90
135 91
136 91
137 92
138 93
139 94
140 94
141 95
142 96
143 97
144 98
145 99
146 100
147 101
148 102
149 103
150 104
151 105
152 106
153 107
154 108
155 109
156 109
157 110
158 111
159 112
160 112
161 113
162 114
163 115
164 115
165 116
166 117
167 117
168 118
169 119
170 119
171 120
172 120
173 121
174 121
175 122
176 122
177 123
178 123
179 124
180 124
181 124
182 124
183 124
184 125
185 125
186 125
187 125
188 124
189 124
190 124
191 124
192 124
193 123
194 123
195 123
196 123
197 122
198 122
199 122
200 122
201 122
202 122
203 122
204 121
205 121
206 121
207 121
208 121
209 122
210 122
211 122
212 122
213 122
214 122
215 122
216 122
217 122
218 122
219 122
220 122
221 122
222 123
223 123
224 123
225 123
226 123
227 123
228 123
229 123
230 123
231 123
232 123
233 123
234 123
235 123
236 123
237 123
238 123
239 122
240 122
241 122
242 122
243 122
244 121
245 121
246 121
247 121
248 120
249 120
250 120
251 119
252 119
253 119
254 118
255 118
256 117
257 117
258 116
259 116
260 115
261 115
262 114
263 114
264 113
265 113
266 112
267 112
268 111
269 111
270 110
271 110
272 109
273 109
274 108
275 108
276 107
277 107
278 106
279 106
280 105
281 105
282 105
283 104
284 104
285 103
286 103
287 102
288 102
289 102
290 101
291 101
292 101
293 100
294 100
295 100
296 99
297 99
298 99
299 98
300 98
301 98
302 97
303 97
304 97
305 96
306 96
307 96
308 95
309 95
310 95
311 94
312 94
313 94
