28 57
29 57
30 58
31 59
31 60
32 61
33 62
34 63
35 64
36 65
37 66
38 67
39 68
40 69
40 70
41 71
42 72
43 73
44 74
45 75
46 76
47 76
48 77
49 78
50 79
51 80
52 81
53 82
54 82
55 83
56 84
57 85
58 85
59 86
60 87
61 88
62 88
63 89
64 90
65 91
66 91
67 92
68 93
69 94
70 94
71 95
72 96
73 96
74 97
75 98
76 99
77 99
78 100
79 101
80 101
81 102
82 103
83 104
84 104
85 105
86 106
87 106
88 107
89 108
90 108
91 109
92 110
93 110
94 111
95 111
96 112
97 113
98 113
99 114
100 115
101 115
102 116
103 116
104 117
105 117
106 118
107 118
108 119
109 119
110 120
111 120
112 121
113 121
114 122
115 122
116 123
117 123
118 124
119 124
120 124
121 125
122 125
123 126
124 126
125 126
126 127
127 127
128 127
129 128
130 128
131 128
132 128
133 129
134 129
135 129
136 129
137 130
138 130
139 130
140 130
141 131
142 131
143 131
144 131
145 131
146 131
147 132
148 132
149 132
150 132
151 132
152 132
153 132
154 132
155 132
156 132
157 133
158 133
159 133
160 133
161 132
162 132
163 132
164 132
165 132
166 132
167 132
168 132
169 131
170 131
171 131
172 131
173 130
174 130
175 130
176 129
177 129
178 128
179 128
180 127
181 127
182 126
183 126
184 125
185 125
186 124
187 124
188 123
189 123
190 122
191 122
192 121
193 121
194 121
195 121
196 121
197 121
198 121
199 121
200 121
201 122
202 123
203 124
204 125
204 126
205 127
206 128
206 129
207 130
207 131
208 132
208 133
209 134
209 135
209 136
210 137
210 138
211 139
211 140
211 141
212 142
212 143
213 144
213 145
213 146
214 147
214 148
214 149
215 150
215 151
215 152
216 153
216 154
217 155
217 156
217 157
218 158
218 159
218 160
219 161
219 162
220 163
220 164
220 165
221 166
221 167
222 168
222 169
222 170
223 171
223 172
224 173
224 174
225 175
225 176
226 177
226 178
227 179
227 180
228 181
229 182
229 183
230 184
231 185
232 186
233 187
234 187
235 188
236 189
237 189
238 189
239 189
240 189
241 188
242 188
243 187
244 187
245 186
246 185
247 185
248 184
249 183
250 182
251 181
252 180
253 179
254 178
255 177
256 176
257 175
258 174
259 174
260 173
261 172
262 171
263 170
264 169
265 168
266 167
267 167
268 166
269 165
270 164
271 163
272 163
273 162
274 161
275 161
276 160
277 159
278 158
279 158
280 157
281 157
282 156
283 155
284 155
285 154
286 154
287 153
288 153
289 152
290 151
291 151
292 150
293 150
294 149
295 149
296 148
297 148
298 147
299 147
300 146
301 146
302 145
303 145
304 144
305 143
306 143
307 142
308 142
309 141
310 141
311 140
312 140
313 139
314 138
315 138
316 137
317 137
318 136
319 136
320 135
321 135
322 134
323 134
324 133
325 133
326 133
327 132
328 132
329 131
330 131
331 131
332 130
333 130
334 130
335 129
336 129
337 129
338 129
339 128
340 128
341 128
342 128
343 127
344 127
345 127
346 127
347 127
348 126
349 126
350 126
351 126
352 126
353 125
354 125
355 125
356 125
357 125
358 124
359 124
360 124
361 124
362 124
363 123
364 123
365 123
366 123
367 122
368 122
369 122
370 121
371 121
372 121
373 120
374 120
375 119
376 119
377 119
378 118
379 117
380 117
381 116
382 116
383 115
384 114
385 114
386 113
387 112
388 111
389 110
390 109
391 108
392 107
393 106
394 105
395 104
396 103
397 102
398 101
399 100
400 99
401 98
402 97
403 97
404 96
405 96
406 95
407 95
408 95
409 95
410 95
411 95
412 95
413 95
414 95
415 95
416 95
417 95
418 95
419 96
420 96
421 96
422 96
423 97
424 97
425 97
426 98
427 98
428 98
429 99
430 99
431 99
432 100
433 100
434 100
435 100
436 101
437 101
438 101
439 101
440 101
441 102
442 102
443 102
444 102
445 102
446 103
447 103
448 103
449 103
450 103
451 103
452 104
453 104
454 104
455 104
456 104
457 104
458 104
459 104
460 105
461 105
462 105
463 105
464 105
465 105
466 105
467 105
468 105
469 105
470 105
471 105
472 105
473 105
474 105
475 106
476 106
477 106
478 106
479 106
480 106
481 106
482 106
483 106
484 106
485 106
486 106
487 106
488 106
489 106
490 106
491 106
492 106
493 106
494 106
495 107
496 107
497 107
498 107
499 107
500 107
501 107
502 107
503 107
504 107
505 108
506 108
507 108
508 108
509 108
510 108
511 108
512 108
513 109
514 109
515 109
516 109
517 109
518 109
519 109
520 109
521 110
522 110
523 110
524 110
