39 37
40 38
40 39
41 40
41 41
42 42
43 43
43 44
44 45
44 46
45 47
45 48
46 49
46 50
47 51
47 52
48 53
48 54
49 55
50 56
50 57
51 58
51 59
52 60
52 61
53 62
54 63
54 64
55 65
55 66
56 67
56 68
57 69
58 70
58 71
59 72
59 73
60 74
61 75
61 76
62 77
63 78
63 79
64 80
65 81
65 82
66 83
67 84
67 85
68 86
69 87
70 88
70 89
71 90
72 91
73 92
74 93
74 94
75 95
76 96
77 97
78 98
78 99
79 100
80 101
81 102
81 103
82 104
83 105
84 106
84 107
85 108
86 109
86 110
87 111
88 112
88 113
89 114
90 115
90 116
91 117
92 118
92 119
93 120
93 121
94 122
95 123
95 124
96 125
96 126
97 127
98 128
98 129
99 130
99 131
100 132
101 133
101 134
102 135
102 136
103 137
103 138
104 139
105 140
105 141
106 142
106 143
107 144
108 145
108 146
109 147
109 148
110 149
110 150
111 151
112 152
112 153
113 154
114 155
114 156
115 157
115 158
116 159
117 160
117 161
118 162
119 163
120 164
120 165
121 166
122 167
123 168
124 169
125 170
126 171
127 172
128 172
129 173
130 173
131 173
132 174
133 174
134 173
135 173
136 173
137 172
138 172
139 171
140 170
141 169
142 168
143 167
144 166
145 165
146 164
147 163
148 162
149 161
149 160
150 159
151 158
152 157
153 156
154 155
155 154
156 153
157 152
158 151
159 150
160 149
161 149
162 148
163 148
164 147
165 147
166 146
167 146
168 146
169 146
170 145
171 145
172 145
173 145
174 145
175 145
176 145
177 145
178 145
179 145
180 146
181 146
182 146
183 146
184 146
185 147
186 147
187 147
188 148
189 148
190 148
191 149
192 149
193 150
194 150
195 151
196 151
197 152
198 152
199 153
200 153
201 154
202 155
203 155
204 156
205 157
206 157
207 158
208 159
209 159
210 160
211 161
212 162
213 162
214 163
215 164
216 165
217 166
218 167
219 167
220 168
221 169
222 170
223 171
224 172
225 173
226 174
227 175
228 176
229 177
229 178
230 179
231 180
232 181
233 182
234 183
234 184
235 185
236 186
237 187
238 188
238 189
239 190
240 191
240 192
241 193
242 194
243 195
243 196
244 197
245 198
245 199
246 200
247 201
247 202
248 203
249 204
249 205
250 206
251 207
251 208
252 209
253 210
254 211
254 212
255 213
256 214
257 215
257 216
258 217
259 218
260 219
261 220
262 221
263 222
264 223
265 223
266 224
267 225
268 226
269 226
270 227
271 228
272 228
273 229
274 229
275 229
276 230
277 230
278 230
279 231
280 231
281 231
282 231
283 232
284 232
285 232
286 232
287 232
288 232
289 232
290 232
291 232
292 231
293 231
294 231
295 231
296 230
297 230
298 230
299 229
300 229
301 229
302 228
303 228
304 227
305 226
306 226
307 225
308 224
309 224
310 223
311 222
312 222
313 221
314 220
315 219
316 218
317 218
318 217
319 216
320 215
321 214
322 213
323 212
324 211
325 211
326 210
327 209
328 208
329 207
330 206
331 205
332 204
333 203
334 203
335 202
336 201
337 200
338 199
339 198
340 198
341 197
342 196
343 195
344 194
345 194
346 193
347 192
348 191
349 190
350 189
351 188
352 187
353 186
354 185
355 184
356 183
357 182
358 181
358 180
359 179
360 178
361 177
361 176
362 175
363 174
363 173
364 172
365 171
365 170
366 169
367 168
367 167
368 166
369 165
370 164
370 163
371 162
372 161
373 160
373 159
374 158
375 157
376 156
377 155
378 154
379 153
380 153
381 152
382 151
383 150
384 149
385 148
386 148
