12 28
12 29
12 30
13 31
13 32
14 33
14 34
14 35
15 36
15 37
16 38
16 39
17 40
17 41
18 42
18 43
19 44
19 45
20 46
20 47
21 48
21 49
22 50
22 51
23 52
23 53
24 54
25 55
25 56
26 57
27 58
27 59
28 60
29 61
30 62
31 63
32 64
33 65
34 66
35 67
36 67
37 67
38 67
39 67
40 67
41 66
42 66
43 65
44 64
45 63
46 62
47 61
48 60
49 59
50 58
50 57
51 56
52 55
53 54
54 53
55 52
56 52
57 51
58 50
59 50
60 50
61 49
62 49
63 49
64 49
65 49
66 49
67 49
68 50
69 50
70 51
71 51
72 52
73 53
74 53
75 54
76 55
77 55
78 56
79 57
80 57
81 58
82 58
83 59
84 59
85 60
86 60
87 61
88 62
89 62
90 63
91 64
92 65
93 66
94 67
95 67
96 68
97 69
98 70
99 71
100 71
101 72
102 72
103 71
104 71
105 70
106 69
107 68
108 67
109 66
110 65
111 64
112 64
113 63
114 62
115 61
116 60
117 60
118 59
119 58
120 58
121 58
122 57
123 57
124 57
125 57
126 57
127 57
128 57
129 57
130 57
131 57
132 57
133 57
134 57
135 57
136 57
137 58
138 58
139 58
140 59
141 59
142 60
143 60
144 61
145 61
146 62
147 62
148 62
149 63
150 63
151 64
152 64
153 64
154 65
155 65
156 65
157 65
158 65
159 65
160 64
161 64
162 63
163 63
164 62
165 62
166 61
167 60
168 59
169 58
170 58
171 57
172 56
173 55
174 55
175 54
176 53
177 53
178 52
179 52
180 51
181 51
182 50
183 50
184 50
185 49
186 49
187 49
188 48
189 48
190 48
191 48
192 48
193 48
194 47
195 47
196 47
197 47
198 47
199 47
200 47
201 47
202 46
203 46
204 46
205 46
206 46
207 46
208 46
209 46
210 46
211 45
212 45
213 45
214 45
215 45
216 45
217 44
218 44
219 44
220 44
221 43
222 43
223 43
224 43
225 42
226 42
227 42
228 42
229 41
230 41
231 41
232 41
233 40
234 40
235 40
236 39
237 39
238 39
239 38
240 38
241 37
242 37
243 36
244 36
