10 20
11 21
11 22
12 23
12 24
13 25
13 26
13 27
14 28
14 29
15 30
15 31
15 32
16 33
16 34
17 35
17 36
18 37
18 38
19 39
19 40
20 41
20 42
21 43
21 44
22 45
23 46
24 47
25 48
26 49
27 50
28 50
29 51
30 51
31 51
32 52
33 52
34 52
35 52
36 52
37 52
38 52
39 52
40 52
41 52
42 52
43 52
44 52
45 52
46 52
47 53
48 53
49 53
50 54
51 54
52 54
53 55
54 55
55 56
56 56
57 56
58 57
59 57
60 57
61 57
62 58
63 58
64 58
65 58
66 58
67 58
68 58
69 57
70 57
71 57
72 57
73 56
74 56
75 56
76 55
77 55
78 55
79 54
80 54
81 54
82 54
83 54
84 54
85 54
86 54
87 54
88 54
89 54
90 54
91 55
92 55
93 56
94 56
95 57
96 58
97 59
98 60
99 61
100 62
101 63
102 64
103 65
104 66
104 67
104 68
