10 63
11 64
12 65
13 66
13 67
14 68
15 69
15 70
16 71
16 72
17 73
18 74
18 75
19 76
20 77
21 78
21 79
22 80
23 81
24 82
24 83
25 84
26 85
27 86
28 87
29 88
30 89
31 90
32 91
33 92
34 93
35 94
35 95
36 96
37 97
38 98
39 99
39 100
40 101
41 102
42 103
42 104
43 105
44 106
44 107
45 108
46 109
47 110
47 111
48 112
49 113
50 114
50 115
51 116
52 117
53 118
54 119
54 120
55 121
56 122
57 123
58 124
59 125
60 126
61 127
61 128
62 129
63 130
64 131
65 132
66 133
67 134
68 135
69 136
70 137
71 138
72 139
73 140
74 141
74 142
75 143
76 144
77 145
78 146
79 147
80 148
81 149
82 150
83 151
84 151
85 152
86 153
87 154
88 155
89 155
90 156
91 156
92 157
93 157
94 158
95 158
96 159
97 159
98 159
99 159
100 160
101 160
102 160
103 160
104 160
105 160
106 160
107 160
108 160
109 160
110 159
111 159
112 159
113 159
114 158
115 158
116 158
117 158
118 157
119 157
120 157
121 156
122 156
123 155
124 155
125 154
126 154
127 153
128 153
129 152
130 152
131 151
132 150
133 149
134 148
135 148
136 147
137 146
138 145
139 144
140 143
140 142
141 141
142 140
143 139
144 138
145 137
145 136
146 135
147 134
148 133
149 132
149 131
150 130
151 129
152 128
152 127
153 126
154 125
155 124
155 123
156 122
157 121
158 120
158 119
159 118
160 117
161 116
161 115
162 114
163 113
164 112
164 111
165 110
166 109
167 108
167 107
168 106
169 105
170 104
171 103
171 102
172 101
173 100
174 99
175 98
176 97
177 96
178 95
179 94
180 93
181 92
182 91
183 90
184 90
185 89
186 88
187 88
188 87
189 87
190 86
191 86
192 86
193 85
194 85
195 85
196 85
197 84
198 84
199 84
200 84
201 84
202 84
203 84
204 84
205 84
206 84
207 84
208 84
209 84
210 84
211 84
212 84
213 85
214 85
215 85
216 85
217 85
218 85
219 85
220 85
221 86
222 86
223 86
224 87
225 87
226 87
227 88
228 88
229 88
230 89
231 89
232 90
233 90
234 91
235 92
236 92
237 93
238 94
239 94
240 95
241 96
242 97
243 97
244 98
245 99
246 100
247 101
248 102
249 103
250 104
251 105
252 106
253 107
253 108
254 109
255 110
256 111
257 112
257 113
258 114
259 115
260 116
260 117
261 118
262 119
263 120
263 121
264 122
265 123
266 124
266 125
267 126
268 127
268 128
269 129
270 130
271 131
271 132
272 133
273 134
274 135
274 136
275 137
276 138
277 139
278 140
278 141
279 142
280 143
281 144
282 145
283 146
284 147
285 148
286 149
287 149
288 150
289 151
290 151
291 152
292 152
293 152
294 153
295 153
296 153
297 153
298 153
299 152
300 152
301 152
302 152
303 151
304 151
305 151
306 150
307 150
308 149
309 149
310 148
311 148
312 148
313 147
314 147
315 146
316 146
317 145
318 145
319 144
320 144
321 143
322 143
323 142
324 142
325 141
326 141
327 140
328 139
329 139
330 138
331 138
332 137
333 137
334 136
335 136
336 135
337 135
338 134
339 134
340 133
341 133
342 132
343 132
344 131
345 131
346 130
347 130
348 129
349 129
350 128
351 128
352 127
353 127
354 126
355 126
356 125
357 125
358 124
359 124
360 123
361 123
362 122
363 122
364 121
365 121
366 120
367 120
368 119
369 119
370 118
371 118
372 117
373 117
374 116
375 116
376 116
377 115
378 115
379 115
380 114
381 114
382 114
383 113
384 113
385 113
386 113
387 113
388 113
389 113
390 113
391 113
392 113
393 113
394 113
395 113
396 113
397 114
398 114
399 114
400 115
401 115
402 116
403 116
404 117
405 117
406 118
407 118
408 119
409 120
410 121
411 122
412 123
413 123
414 124
415 125
416 126
417 127
418 128
419 129
420 129
421 130
422 131
423 132
424 132
425 133
426 133
427 134
428 134
429 134
430 135
431 135
432 135
433 135
434 135
435 135
436 135
437 135
438 135
439 135
440 135
441 135
442 135
443 134
444 134
445 134
446 133
447 133
448 133
449 132
450 132
451 131
452 131
453 130
454 130
455 129
456 128
457 128
458 127
459 126
460 125
461 125
462 124
463 123
464 122
465 121
466 120
467 119
468 118
468 117
469 116
470 115
471 114
472 113
472 112
473 111
474 110
475 109
475 108
476 107
477 106
477 105
478 104
479 103
479 102
480 101
481 100
481 99
482 98
