21 1
22 2
23 3
24 4
25 5
25 6
26 7
27 8
28 9
29 10
30 11
30 12
31 13
32 14
33 15
34 16
35 17
35 18
36 19
37 20
38 21
39 22
39 23
40 24
41 25
42 26
42 27
43 28
44 29
45 30
46 31
46 32
47 33
48 34
49 35
49 36
50 37
51 38
51 39
52 40
53 41
54 42
54 43
55 44
56 45
57 46
57 47
58 48
59 49
59 50
60 51
61 52
62 53
62 54
63 55
64 56
64 57
65 58
66 59
67 60
67 61
68 62
69 63
69 64
70 65
71 66
72 67
72 68
73 69
74 70
75 71
75 72
76 73
77 74
78 75
78 76
79 77
80 78
81 79
81 80
82 81
83 82
84 83
85 84
85 85
86 86
87 87
88 88
88 89
89 90
90 91
91 92
92 93
92 94
93 95
94 96
95 97
95 98
96 99
97 100
98 101
98 102
99 103
100 104
100 105
101 106
102 107
103 108
103 109
104 110
105 111
105 112
106 113
107 114
107 115
108 116
109 117
109 118
110 119
111 120
112 121
112 122
113 123
114 124
114 125
115 126
116 127
117 128
117 129
118 130
119 131
120 132
121 133
122 134
123 135
124 136
125 137
126 138
127 139
128 140
129 140
130 141
131 142
132 142
133 143
134 143
135 144
136 144
137 144
138 145
139 145
140 145
141 145
142 145
143 145
144 145
145 145
146 145
147 145
148 145
149 144
150 144
151 144
152 144
153 144
154 144
155 144
156 144
157 144
158 145
159 145
160 145
161 145
162 145
163 146
164 146
165 146
166 146
167 147
168 147
169 147
170 148
171 148
172 148
173 149
174 149
175 149
176 149
177 149
178 150
179 150
180 150
181 150
182 150
183 151
184 151
185 151
186 151
187 151
188 152
189 152
190 152
191 152
192 153
193 153
194 153
195 153
196 154
197 154
198 154
199 154
200 155
201 155
202 155
203 155
204 155
205 155
206 155
207 155
208 155
209 155
210 155
211 155
212 155
213 154
214 154
215 154
216 153
217 153
218 152
219 152
220 151
221 151
222 150
223 149
224 149
225 148
226 147
227 146
228 145
229 145
230 144
231 143
232 142
233 141
234 140
235 140
236 139
237 138
238 137
239 136
240 135
241 134
242 133
243 132
244 131
245 131
246 130
247 129
248 128
249 127
250 126
251 125
252 125
253 124
254 123
255 122
256 122
257 121
258 120
259 120
260 119
261 119
262 119
263 118
264 118
265 117
266 117
267 117
268 117
269 117
270 116
271 116
272 116
273 116
274 116
275 115
276 115
277 115
278 115
279 114
280 114
281 113
282 113
283 112
284 111
285 111
286 110
287 109
288 108
289 108
290 107
291 106
292 105
293 104
294 103
295 102
296 102
297 101
298 100
299 100
300 99
301 98
302 98
303 97
304 97
305 97
306 96
307 96
308 96
309 95
310 95
311 95
312 95
313 94
314 94
315 94
316 94
317 94
318 93
319 93
320 93
321 93
322 93
323 93
324 93
325 92
326 92
327 92
328 92
329 92
330 92
331 92
332 92
333 92
334 92
335 92
336 92
337 92
338 92
339 92
340 92
341 93
342 93
343 93
344 93
345 94
346 94
347 94
348 95
349 95
350 96
351 96
352 97
353 97
354 98
355 98
356 99
357 100
358 100
359 101
360 102
361 102
362 103
363 104
364 105
365 105
366 106
367 107
368 108
369 108
370 109
371 110
372 111
373 111
374 112
375 113
376 113
377 114
378 115
379 115
380 116
381 117
382 117
383 118
384 119
385 119
386 120
387 120
388 121
389 121
390 121
391 122
392 122
393 123
394 123
395 123
396 123
397 124
398 124
399 124
400 124
401 124
402 124
403 124
404 124
405 124
406 125
407 125
408 125
409 125
410 125
411 126
412 126
413 126
414 127
415 127
416 128
417 128
418 129
419 129
420 129
421 130
422 130
423 131
424 131
425 131
426 132
427 132
428 132
429 132
430 132
431 132
432 132
433 132
434 132
435 131
436 131
437 131
438 130
439 130
440 129
441 129
442 128
443 128
444 127
445 127
446 126
447 126
448 126
449 125
450 125
451 125
452 124
453 124
454 124
455 123
456 123
457 123
458 123
459 122
460 122
461 122
462 122
463 121
464 121
465 121
466 121
467 120
468 120
469 120
470 120
471 120
472 119
473 119
