19 66
20 66
21 67
22 67
23 68
24 68
25 68
26 69
27 69
28 70
29 70
30 70
31 71
32 71
33 72
34 72
35 72
36 73
37 73
38 73
39 74
40 74
41 75
42 75
43 75
44 75
45 76
46 76
47 76
48 76
49 77
50 77
51 77
52 77
53 77
54 77
55 77
56 77
57 78
58 78
59 78
60 78
61 78
62 78
63 78
64 78
65 78
66 78
67 78
68 78
69 78
70 78
71 78
72 78
73 78
74 78
75 78
76 78
77 78
78 78
79 78
80 78
81 78
82 78
83 78
84 78
85 79
86 79
87 79
88 79
89 79
90 80
91 80
92 80
93 81
94 81
95 81
96 82
97 82
98 83
99 83
100 84
101 84
102 85
103 85
104 86
105 86
106 87
107 87
108 88
109 88
110 89
111 89
112 90
113 91
114 91
115 92
116 92
117 93
118 94
119 94
120 95
121 95
122 96
123 96
124 97
125 98
126 98
127 99
128 99
129 100
130 100
131 101
132 101
133 102
134 102
135 103
136 103
137 104
138 104
139 105
140 105
141 105
142 106
143 106
144 107
145 107
146 107
147 108
148 108
149 108
150 109
151 109
152 109
153 110
154 110
155 110
156 111
157 111
158 111
159 111
160 112
161 112
162 112
163 112
164 113
165 113
166 113
167 113
168 113
169 114
170 114
171 114
172 114
173 114
174 114
175 115
176 115
177 115
178 115
179 115
180 115
181 115
182 115
183 115
184 116
185 116
186 116
187 116
188 116
189 116
190 116
191 116
192 116
193 116
194 116
195 116
196 116
197 116
198 116
199 116
200 116
201 116
202 116
203 116
204 116
205 116
206 116
207 116
208 116
209 116
210 116
211 116
212 116
213 117
214 117
215 117
216 117
217 117
218 117
219 117
220 117
221 117
222 117
223 117
224 117
225 118
226 118
227 118
228 118
229 118
230 118
231 118
232 119
233 119
234 119
235 119
236 119
237 120
238 120
239 120
240 120
241 121
242 121
243 121
244 122
245 122
246 122
247 123
248 123
249 123
250 124
251 124
252 124
253 125
254 125
255 126
256 126
257 126
258 127
259 127
260 128
261 128
262 129
263 129
264 130
265 130
266 131
267 131
268 132
269 132
270 133
271 133
272 134
273 134
274 135
275 135
276 136
277 136
278 137
279 138
280 138
281 139
282 139
283 140
284 141
285 141
286 142
287 142
288 143
289 143
290 144
291 145
292 145
293 146
294 147
