32 59
32 60
33 61
34 62
34 63
35 64
36 65
36 66
37 67
37 68
38 69
39 70
39 71
40 72
41 73
41 74
42 75
42 76
43 77
44 78
44 79
45 80
46 81
46 82
47 83
48 84
48 85
49 86
50 87
50 88
51 89
52 90
52 91
53 92
54 93
55 94
55 95
56 96
57 97
57 98
58 99
59 100
60 101
60 102
61 103
62 104
63 105
63 106
64 107
65 108
66 109
67 110
67 111
68 112
69 113
70 114
71 115
71 116
72 117
73 118
74 119
75 120
76 121
77 122
77 123
78 124
79 125
80 126
81 127
82 128
83 129
84 130
85 131
86 132
87 133
88 134
89 135
90 135
91 136
92 137
93 138
94 138
95 139
96 140
97 140
98 141
99 141
100 141
101 142
102 142
103 142
104 142
105 142
106 143
107 143
108 143
109 143
110 143
111 144
112 144
113 144
114 145
115 146
116 147
117 148
118 149
119 150
120 151
121 152
122 153
123 154
124 154
125 155
126 156
127 157
128 157
129 158
130 158
131 158
132 159
133 159
134 159
135 158
136 158
137 157
138 157
139 156
140 156
141 155
142 154
143 153
144 152
145 152
146 151
147 150
148 149
149 149
150 148
151 147
152 147
153 146
154 146
155 145
156 145
157 144
158 144
159 144
160 143
161 143
162 143
163 142
164 142
165 142
166 141
167 141
168 141
169 140
170 140
171 140
172 139
173 139
174 139
175 138
176 138
177 137
178 137
179 136
180 136
181 135
182 134
183 133
184 133
185 132
186 131
187 130
188 129
189 128
190 127
190 126
191 125
192 124
193 123
193 122
194 121
195 120
195 119
196 118
196 117
197 116
198 115
198 114
199 113
199 112
200 111
201 110
201 109
202 108
202 107
203 106
203 105
204 104
205 103
205 102
206 101
206 100
207 99
208 98
208 97
209 96
210 95
210 94
211 93
212 92
212 91
213 90
214 89
215 88
215 87
216 86
217 85
218 84
219 83
220 82
221 81
222 80
223 80
224 79
225 78
226 78
227 77
228 77
229 76
230 76
231 76
232 76
233 75
234 75
235 75
236 75
237 75
238 75
239 75
240 75
241 75
242 75
243 75
244 75
245 76
246 76
247 76
248 76
249 77
250 77
251 77
252 77
253 77
254 78
255 78
256 78
257 78
258 79
259 79
260 79
261 79
262 79
263 80
264 80
265 80
266 80
267 80
268 80
269 80
270 80
271 80
272 80
273 80
274 80
275 80
276 80
277 80
278 80
279 80
280 80
281 80
282 80
283 80
284 80
285 80
286 80
287 80
288 80
289 80
290 80
291 80
292 80
293 80
294 80
295 80
296 80
297 80
298 81
299 81
300 81
301 81
302 81
303 81
304 81
305 82
306 82
307 82
308 82
309 83
310 83
311 84
312 84
313 84
314 85
315 85
316 86
317 87
318 87
319 88
320 89
321 89
322 90
323 91
324 92
325 92
326 93
327 94
328 95
329 96
330 97
331 98
331 99
332 100
333 101
334 102
335 103
335 104
336 105
337 106
337 107
338 108
339 109
339 110
340 111
341 112
341 113
342 114
342 115
343 116
343 117
344 118
345 119
345 120
346 121
346 122
347 123
347 124
348 125
348 126
349 127
349 128
350 129
350 130
351 131
351 132
352 133
353 134
353 135
354 136
354 137
355 138
355 139
356 140
357 141
357 142
358 143
359 144
359 145
360 146
361 147
362 148
362 149
363 150
364 151
365 152
366 153
367 153
368 154
369 155
370 155
371 155
372 156
373 156
374 156
375 156
376 156
377 156
378 156
379 156
380 155
381 155
382 155
383 154
384 154
385 153
386 152
387 152
388 151
389 150
390 150
391 149
392 148
393 147
394 146
395 145
396 145
397 144
398 143
399 142
400 141
401 140
402 139
403 138
404 137
404 136
405 135
406 134
407 133
408 132
409 131
410 130
411 129
412 128
412 127
413 126
414 125
415 124
416 123
417 122
418 121
418 120
419 119
420 118
421 117
422 116
423 115
424 114
425 113
426 112
427 111
428 110
429 109
430 108
431 107
432 106
433 105
434 105
435 104
436 103
437 103
438 102
439 101
440 101
441 100
442 100
443 99
444 99
445 98
446 98
447 98
448 97
449 97
450 97
451 97
452 97
453 97
454 97
455 97
456 97
457 97
458 97
459 97
460 97
461 97
462 98
463 98
464 98
465 98
466 99
467 99
468 99
469 100
470 100
471 101
472 101
473 101
474 102
475 102
476 103
477 103
478 104
479 104
480 105
481 105
482 106
483 106
484 107
485 107
486 107
487 108
488 108
489 109
490 110
491 110
492 111
493 111
494 112
495 112
496 113
497 113
498 114
499 115
500 115
501 116
502 116
503 117
504 118
505 118
506 119
507 120
508 120
509 121
510 122
511 123
512 124
513 125
514 126
515 127
516 128
517 129
518 130
519 131
520 132
520 133
521 134
522 135
522 136
523 137
524 138
524 139
525 140
525 141
526 142
527 143
527 144
528 145
528 146
529 147
529 148
530 149
530 150
531 151
531 152
531 153
532 154
532 155
533 156
533 157
534 158
534 159
534 160
535 161
535 162
536 163
536 164
537 165
537 166
537 167
538 168
538 169
538 170
539 171
539 172
540 173
540 174
540 175
541 176
541 177
542 178
542 179
542 180
543 181
543 182
543 183
544 184
544 185
545 186
545 187
545 188
546 189
546 190
