9 21
10 22
11 23
12 24
12 25
13 26
14 27
14 28
15 29
16 30
16 31
17 32
18 33
18 34
19 35
20 36
20 37
21 38
22 39
22 40
23 41
24 42
24 43
25 44
26 45
26 46
27 47
27 48
28 49
29 50
29 51
30 52
31 53
31 54
32 55
32 56
33 57
34 58
34 59
35 60
35 61
36 62
36 63
37 64
38 65
38 66
39 67
39 68
40 69
40 70
41 71
41 72
42 73
42 74
43 75
44 76
44 77
45 78
45 79
46 80
46 81
47 82
47 83
48 84
48 85
49 86
50 87
50 88
51 89
51 90
52 91
53 92
54 93
54 94
55 95
56 96
57 97
58 97
59 98
60 99
61 99
62 100
63 100
64 100
65 101
66 101
67 102
68 102
69 103
70 103
71 104
72 104
73 105
74 105
75 106
76 106
77 107
78 107
79 108
80 108
81 109
82 109
83 110
84 110
85 110
86 111
87 111
88 112
89 112
90 112
91 113
92 113
93 113
94 114
95 114
96 114
97 114
98 114
99 115
100 115
101 115
102 114
103 114
104 114
105 114
106 114
107 113
108 113
109 112
110 112
111 111
112 111
113 110
114 110
115 109
116 108
117 108
118 107
119 107
120 106
121 105
122 105
123 104
124 104
125 103
126 102
127 102
128 101
129 101
130 100
131 100
132 99
133 98
134 98
135 97
136 97
137 96
138 95
139 95
140 94
141 94
142 93
143 93
144 92
145 91
146 91
147 90
148 90
149 89
150 89
151 88
152 88
153 87
154 86
155 86
156 86
157 85
158 85
159 84
160 84
161 83
162 83
163 83
164 82
165 82
166 82
167 82
168 82
169 82
170 82
171 82
172 82
173 82
174 82
175 82
176 83
177 83
178 84
179 84
180 85
181 86
182 87
183 88
184 89
185 90
186 91
187 92
188 93
189 94
190 95
190 96
191 97
192 98
193 99
193 100
194 101
195 102
196 103
196 104
197 105
198 106
199 107
199 108
200 109
201 110
201 111
202 112
203 113
204 114
204 115
205 116
206 117
206 118
207 119
208 120
209 121
209 122
210 123
211 124
