10 8
11 9
12 10
12 11
13 12
14 13
14 14
15 15
15 16
16 17
17 18
17 19
18 20
18 21
19 22
20 23
20 24
21 25
21 26
22 27
23 28
23 29
24 30
24 31
25 32
26 33
26 34
27 35
28 36
28 37
29 38
29 39
30 40
31 41
31 42
32 43
33 44
33 45
34 46
35 47
35 48
36 49
37 50
37 51
38 52
39 53
39 54
40 55
41 56
41 57
42 58
43 59
44 60
44 61
45 62
46 63
47 64
47 65
48 66
49 67
50 68
50 69
51 70
52 71
53 72
54 73
55 74
55 75
56 76
57 77
58 78
59 79
60 80
61 81
62 82
63 83
64 84
65 85
66 86
67 87
68 88
69 88
70 89
71 90
72 91
73 91
74 92
75 92
76 93
77 94
78 94
79 94
80 95
81 95
82 96
83 96
84 96
85 97
86 97
87 97
88 97
89 97
90 97
91 98
92 98
93 98
94 98
95 98
96 97
97 97
98 97
99 97
100 97
101 97
102 97
103 96
104 96
105 96
106 96
107 96
108 95
109 95
110 95
111 95
112 95
113 95
114 95
115 95
116 95
117 95
118 95
119 95
120 95
121 96
122 96
123 97
124 98
125 99
126 100
127 101
128 102
129 103
130 104
131 105
132 106
133 107
134 108
135 109
136 110
137 111
138 112
139 112
140 113
141 114
142 115
143 116
144 117
145 118
146 119
147 120
148 121
149 122
150 123
151 124
152 125
153 125
154 126
155 127
156 127
157 127
158 128
159 128
160 128
161 128
162 127
163 127
164 127
165 127
166 126
167 125
168 125
169 124
170 123
171 123
172 122
173 121
174 120
175 119
176 118
176 117
177 116
178 115
179 114
180 113
180 112
181 111
182 110
183 109
183 108
184 107
185 106
185 105
186 104
187 103
187 102
188 101
189 100
190 99
190 98
191 97
192 96
193 95
194 94
195 93
195 92
196 91
197 90
198 89
199 88
200 87
201 86
202 86
203 85
204 84
205 83
206 83
207 82
208 81
209 81
210 80
211 80
212 79
213 79
214 79
215 78
216 78
217 78
218 78
219 77
220 77
221 77
222 77
223 77
224 77
225 77
226 77
227 77
228 77
229 77
230 77
231 77
232 77
233 77
234 77
235 77
236 78
237 78
238 78
239 78
240 78
241 79
242 79
243 79
244 79
245 79
246 80
247 80
248 80
249 80
250 81
251 81
252 81
253 81
254 82
255 82
256 82
257 83
258 83
259 83
260 83
261 83
262 84
263 84
264 84
265 84
266 84
267 85
268 85
269 85
270 85
271 85
272 85
273 85
274 85
275 85
276 85
277 85
278 85
279 85
280 85
281 85
282 85
283 85
284 84
285 84
286 84
287 84
288 83
289 83
290 83
291 82
292 82
293 81
294 81
295 80
296 80
297 80
298 79
299 79
300 79
301 78
302 78
303 78
304 78
305 79
306 79
307 80
308 80
309 81
310 82
311 83
312 84
313 84
314 85
315 86
316 87
317 88
318 88
319 89
320 90
321 90
322 91
323 92
324 92
325 93
326 93
327 94
328 94
329 94
330 95
331 95
332 96
333 96
334 96
335 97
336 97
337 98
338 98
339 98
340 99
341 99
342 99
343 99
344 100
345 100
346 100
347 101
348 101
349 101
350 101
351 101
352 101
353 102
354 102
355 102
356 102
357 102
358 102
359 102
360 102
361 102
362 102
363 101
364 101
365 101
366 101
367 101
368 100
369 100
370 100
371 99
372 99
373 99
374 98
375 98
376 97
377 97
378 97
379 96
380 96
381 95
382 95
383 94
384 94
