31 7
32 8
32 9
33 10
33 11
34 12
34 13
34 14
35 15
35 16
36 17
36 18
37 19
37 20
38 21
38 22
39 23
39 24
40 25
40 26
41 27
41 28
41 29
42 30
42 31
43 32
43 33
44 34
44 35
45 36
45 37
46 38
46 39
47 40
47 41
48 42
48 43
49 44
49 45
50 46
50 47
51 48
52 49
52 50
53 51
53 52
54 53
54 54
55 55
55 56
56 57
56 58
57 59
58 60
58 61
59 62
59 63
60 64
61 65
61 66
62 67
62 68
63 69
64 70
64 71
65 72
66 73
66 74
67 75
68 76
68 77
69 78
70 79
70 80
71 81
72 82
73 83
73 84
74 85
75 86
76 87
77 88
77 89
78 90
79 91
80 92
81 93
82 94
83 95
84 96
85 97
85 98
86 99
87 100
88 101
89 102
90 102
91 103
92 104
93 105
94 106
95 107
96 108
97 108
98 109
99 110
100 111
101 111
102 112
103 113
104 113
105 114
106 114
107 115
108 115
109 116
110 116
111 117
112 117
113 117
114 118
115 118
116 118
117 118
118 119
119 119
120 119
121 119
122 119
123 119
124 119
125 119
126 118
127 118
128 118
129 118
130 117
131 117
132 117
133 116
134 116
135 115
136 115
137 115
138 114
139 113
140 113
141 112
142 112
143 111
144 110
145 110
146 109
147 109
148 108
149 107
150 107
151 106
152 105
153 105
154 104
155 103
156 103
157 102
158 101
159 101
160 100
161 100
162 99
163 98
164 98
165 97
166 97
167 96
168 96
169 95
170 95
171 94
172 94
173 94
174 93
175 93
176 93
177 93
178 92
179 92
180 92
181 92
182 92
183 92
184 92
185 92
186 92
187 92
188 93
189 93
190 93
191 93
192 94
193 94
194 95
195 95
196 96
197 96
198 97
199 97
200 98
201 99
202 99
203 100
204 101
205 101
206 102
207 103
208 103
209 104
210 105
211 106
212 106
213 107
214 108
215 108
216 109
217 110
218 110
219 111
220 112
221 112
222 113
223 114
224 114
225 115
226 115
227 116
228 117
229 117
230 118
231 118
232 119
233 119
234 120
235 120
236 121
237 122
238 122
239 123
240 123
241 124
242 124
243 125
244 125
245 126
246 126
247 127
248 127
249 128
250 128
251 129
252 129
253 130
254 130
255 131
256 131
257 132
258 132
259 133
260 133
261 134
262 134
263 135
264 135
265 136
266 136
267 137
268 137
269 138
270 138
271 139
272 139
273 139
274 140
275 140
276 141
277 141
278 141
279 142
280 142
281 143
282 143
283 143
284 144
285 144
286 144
287 145
288 145
289 145
290 146
291 146
292 146
293 146
294 147
295 147
296 147
297 147
298 148
299 148
300 148
301 148
302 148
303 149
304 149
305 149
306 149
307 149
308 149
309 149
310 150
311 150
312 150
313 150
314 150
315 150
316 150
317 150
318 150
319 150
320 150
321 150
322 150
323 150
324 150
325 150
326 150
327 150
328 150
329 150
330 150
331 150
332 150
333 150
334 150
335 149
336 149
337 149
338 149
339 149
340 149
341 149
342 148
343 148
344 148
345 148
346 148
347 147
348 147
349 147
350 147
351 146
352 146
353 146
354 146
355 145
356 145
357 145
358 144
359 144
360 144
361 143
362 143
363 143
364 142
365 142
366 141
367 141
368 141
369 140
370 140
371 139
372 139
373 138
374 138
375 137
376 137
377 136
378 136
379 136
380 135
381 134
382 134
383 133
384 133
385 132
386 132
387 131
388 131
389 130
390 130
391 129
392 129
393 128
394 128
395 127
396 127
397 126
398 125
399 125
400 124
401 124
402 123
403 123
404 122
405 122
406 121
407 121
408 120
409 120
410 119
411 119
412 118
413 118
414 118
415 117
416 117
417 116
418 116
419 115
420 115
421 115
422 114
423 114
424 114
425 113
426 113
427 113
428 112
429 112
430 112
431 111
432 111
433 111
434 111
435 110
436 110
437 110
438 110
439 110
440 109
441 109
442 109
443 109
444 109
445 109
446 109
447 108
448 108
449 108
450 108
451 108
452 108
453 108
454 108
455 108
456 108
457 108
458 108
459 108
460 108
461 108
462 108
463 108
464 108
465 108
466 108
467 109
468 109
469 109
470 109
471 109
472 109
473 110
474 110
475 110
476 110
477 110
478 111
479 111
480 111
481 112
482 112
483 112
484 113
485 113
486 114
487 114
488 114
489 115
490 115
491 116
492 116
493 117
494 117
495 118
496 118
497 119
498 120
499 120
500 121
501 121
502 122
503 123
504 123
505 124
506 125
507 126
508 126
509 127
510 128
511 129
512 129
513 130
514 131
515 132
516 133
517 134
518 135
519 135
520 136
521 137
522 138
523 139
524 140
525 141
526 142
527 143
528 144
529 145
530 146
531 147
532 148
533 149
534 150
534 151
535 152
536 153
537 154
538 155
539 156
540 157
541 158
542 159
543 160
544 161
544 162
545 163
546 164
547 165
548 166
549 167
550 168
551 169
552 170
552 171
553 172
554 173
555 174
556 175
557 176
558 177
559 178
559 179
560 180
561 181
562 182
563 183
564 184
565 185
566 186
566 187
567 188
568 189
569 190
570 191
571 192
572 193
573 194
573 195
574 196
575 197
576 198
577 199
578 200
579 201
580 202
581 203
582 204
583 205
584 206
585 206
586 207
587 208
588 209
589 209
590 210
591 211
592 211
593 212
594 212
595 213
596 213
597 213
598 214
599 214
600 214
601 215
602 215
603 215
604 215
605 216
606 216
607 216
608 216
609 216
610 216
611 217
612 217
613 217
614 216
615 216
616 216
617 216
618 216
619 215
620 215
621 215
622 214
623 214
624 213
625 213
626 212
627 212
628 211
629 211
630 210
631 209
632 208
633 208
634 207
635 206
636 206
637 205
638 204
639 203
640 202
641 201
642 201
643 200
644 199
645 198
646 197
647 196
648 195
649 194
650 194
651 193
652 192
653 191
654 190
655 189
656 188
657 187
658 186
659 185
660 184
661 183
662 182
663 181
664 181
665 180
666 179
667 178
668 177
669 176
