16 7
17 8
18 8
19 9
20 10
21 11
22 12
23 13
24 14
25 15
26 16
27 17
28 18
29 19
30 20
31 21
32 22
32 23
33 24
34 25
35 26
36 27
36 28
37 29
38 30
39 31
39 32
40 33
41 34
42 35
42 36
43 37
44 38
45 39
45 40
46 41
47 42
48 43
48 44
49 45
50 46
51 47
51 48
52 49
53 50
54 51
54 52
55 53
56 54
57 55
57 56
58 57
59 58
59 59
60 60
61 61
62 62
62 63
63 64
64 65
65 66
65 67
66 68
67 69
68 70
69 71
70 72
70 73
71 74
72 75
73 76
74 77
75 78
76 79
77 80
78 81
79 81
80 82
81 83
82 83
83 84
84 84
85 85
86 86
87 86
88 87
89 87
90 87
91 88
92 88
93 89
94 89
95 90
96 90
97 90
98 91
99 91
100 92
101 92
102 92
103 92
104 93
105 93
106 93
107 93
108 93
109 92
110 92
111 92
112 91
113 91
114 90
115 89
116 88
117 88
118 87
119 86
120 85
121 85
122 84
123 84
124 84
125 83
126 83
127 82
128 81
129 80
130 79
131 78
132 77
133 76
134 75
135 74
136 73
137 72
138 71
139 71
140 70
141 69
141 68
142 67
143 66
144 65
145 64
145 63
146 62
147 61
147 60
148 59
149 58
149 57
150 56
150 55
151 54
152 53
152 52
153 51
