32 26
33 27
33 28
34 29
34 30
35 31
36 32
36 33
37 34
37 35
38 36
38 37
39 38
39 39
40 40
41 41
41 42
42 43
42 44
43 45
43 46
44 47
45 48
45 49
46 50
46 51
47 52
48 53
48 54
49 55
49 56
50 57
51 58
51 59
52 60
53 61
53 62
54 63
55 64
55 65
56 66
57 67
58 68
58 69
59 70
60 71
61 72
61 73
62 74
63 75
64 76
65 77
65 78
66 79
67 80
68 81
69 82
70 83
71 84
72 85
73 86
74 87
75 88
76 89
77 90
78 91
79 92
80 93
81 93
82 94
83 95
84 96
85 96
86 97
87 97
88 98
89 98
90 99
91 99
92 100
93 100
94 100
95 100
96 101
97 101
98 101
99 101
100 101
101 101
102 101
103 101
104 101
105 101
106 101
107 101
108 101
109 101
110 102
111 102
112 102
113 103
114 103
115 103
116 104
117 105
118 105
119 106
120 107
121 108
122 109
123 110
123 111
124 112
125 113
126 114
126 115
127 116
128 117
128 118
129 119
130 120
130 121
131 122
132 123
132 124
133 125
134 126
134 127
135 128
136 129
136 130
137 131
138 132
139 133
139 134
140 135
141 136
141 137
142 138
143 139
144 140
144 141
145 142
146 143
147 144
148 145
148 146
149 147
150 148
151 149
152 150
153 151
153 152
154 153
155 154
156 155
157 156
158 157
159 158
160 159
160 160
161 161
162 162
163 163
164 164
165 165
166 166
167 167
168 168
169 169
170 170
171 171
172 172
173 172
174 173
175 174
176 175
177 176
178 176
179 177
180 178
181 178
182 179
183 180
184 180
185 181
186 181
187 182
188 182
189 183
190 183
191 184
192 184
193 184
194 184
195 185
196 185
197 185
198 185
199 185
200 185
201 185
202 185
203 185
204 185
205 184
206 184
207 184
208 183
209 183
210 182
211 181
212 181
213 180
214 179
215 178
216 178
217 177
218 176
219 175
220 174
220 173
221 172
222 171
223 170
224 169
225 168
226 167
226 166
227 165
228 164
229 163
230 162
231 161
232 160
233 159
234 158
235 157
236 157
237 156
238 156
239 155
240 155
241 155
242 154
243 154
244 154
245 154
246 153
247 153
248 153
249 153
250 153
251 152
252 152
253 152
254 152
255 151
256 151
257 150
258 150
259 150
260 149
261 149
262 148
263 147
264 147
265 146
266 145
267 145
268 144
269 143
270 142
271 142
272 141
273 140
274 139
275 138
276 137
277 136
278 135
279 134
280 134
281 133
282 132
283 131
284 130
285 129
286 128
287 127
288 126
289 126
290 125
291 124
292 123
293 123
294 122
295 122
296 121
297 121
298 121
299 120
300 120
301 120
302 120
303 120
304 120
305 120
306 120
307 121
308 121
309 121
310 122
311 122
312 123
313 123
314 124
315 125
316 125
317 126
318 127
319 127
320 128
321 129
322 130
323 130
324 131
325 132
326 133
327 133
328 134
329 135
330 136
331 137
332 137
333 138
334 139
