36 62
37 61
38 61
39 61
40 60
41 60
42 60
43 59
44 59
45 59
46 58
47 58
48 58
49 57
50 57
51 57
52 56
53 56
54 56
55 56
56 55
57 55
58 55
59 55
60 55
61 55
62 55
63 55
64 56
65 56
66 56
67 57
68 58
69 59
70 59
71 60
72 61
72 62
73 63
74 64
75 65
76 66
76 67
77 68
78 69
79 70
79 71
80 72
81 73
82 74
82 75
83 76
84 77
85 78
85 79
86 80
87 81
88 82
89 83
89 84
90 85
91 86
92 87
93 88
94 89
95 90
96 91
97 92
98 93
99 94
100 95
101 96
102 96
103 97
104 98
105 99
106 99
107 100
108 100
109 101
110 101
111 102
112 102
113 103
114 103
115 104
116 104
117 105
118 105
119 105
120 106
121 106
122 106
123 106
124 107
125 107
126 107
127 107
128 108
129 108
130 108
131 108
132 108
133 108
134 108
135 109
136 109
137 109
138 109
139 109
140 109
141 109
142 109
143 109
144 109
145 109
146 109
147 109
148 109
149 109
150 109
151 109
152 109
153 108
154 108
155 108
156 108
157 108
158 108
159 108
160 108
161 107
162 107
163 107
164 107
165 107
166 106
167 106
168 106
169 106
170 105
171 105
172 105
173 104
174 104
175 104
176 103
177 103
178 102
179 102
180 102
181 101
182 101
183 100
184 99
185 99
186 98
187 98
188 97
189 96
190 96
191 95
192 94
193 94
194 93
195 92
196 92
197 91
198 90
199 90
200 89
201 89
202 88
203 88
204 87
205 87
206 86
207 86
208 86
209 86
210 85
211 85
212 85
213 85
214 85
215 85
216 85
217 85
218 85
219 86
220 86
221 86
222 87
223 87
224 87
225 88
226 88
227 89
228 90
229 90
230 91
231 91
232 92
233 93
234 94
235 94
236 95
237 96
238 96
239 97
240 98
241 99
242 99
243 100
244 101
245 102
246 102
247 103
248 104
249 104
250 105
251 106
252 106
253 107
254 107
255 108
256 108
257 109
258 109
259 110
260 110
261 110
262 111
263 111
264 111
265 111
266 111
267 112
268 112
269 112
270 112
271 112
272 112
273 112
274 112
275 112
276 111
277 111
278 111
279 111
280 111
281 111
282 111
283 110
284 110
285 110
286 110
287 110
288 110
289 109
