12 26
13 27
13 28
13 29
14 30
14 31
14 32
14 33
15 34
15 35
15 36
15 37
16 38
16 39
16 40
17 41
17 42
17 43
17 44
18 45
18 46
18 47
19 48
19 49
19 50
20 51
20 52
20 53
20 54
21 55
21 56
21 57
22 58
22 59
22 60
23 61
23 62
23 63
24 64
24 65
25 66
25 67
25 68
26 69
26 70
27 71
27 72
27 73
28 74
28 75
29 76
29 77
30 78
30 79
31 80
31 81
32 82
32 83
33 84
34 85
34 86
35 87
36 88
36 89
37 90
38 91
39 92
40 93
41 94
42 95
43 96
44 97
45 98
46 99
47 100
48 100
49 101
50 101
51 102
52 102
53 103
54 103
55 104
56 104
57 104
58 104
59 105
60 105
61 105
62 105
63 105
64 105
65 105
66 105
67 104
68 104
69 104
70 104
71 104
72 103
73 103
74 103
75 103
76 102
77 102
78 101
79 101
80 101
81 100
82 100
83 99
84 99
85 98
86 98
87 97
88 97
89 97
90 96
91 96
92 96
93 95
94 95
95 95
96 95
97 95
98 95
99 95
100 95
101 95
102 95
