8 58
9 58
10 58
11 57
12 57
13 57
14 56
15 56
16 56
17 56
18 55
19 55
20 55
21 55
22 55
23 54
24 54
25 54
26 54
27 54
28 54
29 54
30 53
31 53
32 53
33 53
34 53
35 53
36 53
37 53
38 53
39 54
40 54
41 54
42 54
43 54
44 55
45 55
46 55
47 56
48 56
49 57
50 57
51 58
52 58
53 59
54 59
55 60
56 61
57 61
58 62
59 62
60 63
61 64
62 64
63 65
64 66
65 66
66 67
67 68
68 68
69 69
70 70
71 70
72 71
73 72
74 72
75 73
76 74
77 74
78 75
79 75
80 76
81 77
82 77
83 78
84 78
85 79
86 80
87 80
88 81
89 81
90 82
91 82
92 83
93 83
94 84
95 85
96 85
97 86
98 86
99 87
100 87
101 88
102 89
103 90
104 90
105 91
106 92
107 93
108 94
109 95
110 96
111 97
112 98
113 99
114 100
115 101
115 102
116 103
117 104
117 105
118 106
119 107
120 108
120 109
121 110
122 111
122 112
123 113
124 114
124 115
125 116
125 117
126 118
127 119
127 120
128 121
129 122
130 123
130 124
131 125
132 126
132 127
133 128
134 129
135 130
136 131
136 132
137 133
138 134
139 135
140 136
141 137
142 138
143 139
144 140
145 140
146 141
147 142
148 142
149 143
150 144
151 144
152 145
153 145
154 145
155 146
156 146
157 146
158 147
159 147
160 147
161 147
162 148
163 148
164 148
165 148
166 148
167 148
168 149
169 149
170 149
171 149
172 149
173 149
174 149
175 149
176 149
177 149
178 149
179 149
180 148
181 148
182 148
183 148
184 148
185 148
186 147
187 147
188 147
189 147
190 146
191 146
192 146
193 145
194 145
195 145
196 144
197 144
198 143
199 143
200 142
201 142
202 141
203 141
204 140
205 140
206 139
207 138
208 138
209 137
210 136
211 136
212 135
213 134
214 133
215 133
216 132
217 131
218 130
219 129
220 128
221 127
222 126
223 125
224 124
225 123
226 122
227 121
228 120
229 119
230 118
231 117
232 116
232 115
233 114
234 113
235 112
236 111
236 110
237 109
238 108
239 107
239 106
240 105
241 104
241 103
242 102
243 101
244 100
244 99
245 98
246 97
247 96
247 95
248 94
249 93
250 92
251 91
251 90
252 89
253 88
254 87
255 86
256 85
257 84
258 83
259 82
260 81
261 80
262 79
263 78
264 77
265 76
266 75
