8 55
9 55
10 56
11 57
12 57
13 58
14 59
15 59
16 60
17 61
18 62
19 62
20 63
21 64
22 64
23 65
24 66
25 66
26 67
27 67
28 68
29 69
30 69
31 70
32 70
33 70
34 71
35 71
36 71
37 72
38 72
39 72
40 72
41 73
42 73
43 73
44 73
45 73
46 73
47 73
48 73
49 73
50 73
51 73
52 73
53 73
54 73
55 73
56 73
57 73
58 74
59 74
60 74
61 74
62 74
63 75
64 75
65 76
66 76
67 77
68 77
69 78
70 79
71 79
72 80
73 81
74 81
75 81
76 81
77 81
78 80
79 79
80 78
81 77
82 76
82 75
83 74
84 73
84 72
85 71
86 70
86 69
87 68
88 67
89 66
90 65
91 64
92 63
93 62
94 61
95 61
96 60
97 60
98 59
99 59
100 59
101 59
102 59
103 59
104 59
105 59
106 59
107 60
108 60
109 60
110 61
111 61
112 62
113 62
114 63
115 64
116 64
117 65
118 66
119 66
120 67
121 68
122 68
123 69
124 70
125 70
126 71
127 72
128 72
129 73
130 74
131 74
132 75
133 76
134 76
135 77
136 78
137 78
138 79
139 80
140 80
141 81
142 81
143 82
144 83
145 83
146 84
147 84
148 85
149 86
