19 2
20 3
21 4
22 5
22 6
23 7
24 8
25 9
26 10
27 11
28 12
28 13
29 14
30 15
31 16
31 17
32 18
33 19
34 20
34 21
35 22
35 23
36 24
37 25
37 26
38 27
39 28
39 29
40 30
40 31
41 32
42 33
42 34
43 35
44 36
44 37
45 38
45 39
46 40
47 41
47 42
48 43
49 44
49 45
50 46
51 47
51 48
52 49
53 50
54 51
55 52
55 53
56 54
57 55
58 56
59 57
60 58
61 58
62 59
63 60
64 60
65 60
66 61
67 60
68 60
69 60
70 59
71 59
72 58
73 57
74 57
75 56
76 55
77 54
78 54
79 53
80 52
81 52
82 51
83 50
84 50
85 49
86 49
87 48
88 48
89 48
90 47
91 47
92 47
93 46
94 46
95 46
96 46
97 46
98 46
99 46
100 46
101 46
102 46
103 46
104 46
105 46
106 46
107 46
108 46
109 47
110 47
111 47
112 47
113 47
114 47
115 47
116 47
117 47
118 48
119 49
120 50
121 51
122 52
122 53
123 54
123 55
124 56
124 57
125 58
125 59
126 60
126 61
126 62
127 63
127 64
128 65
128 66
128 67
129 68
129 69
130 70
130 71
131 72
131 73
132 74
132 75
133 76
133 77
134 78
135 79
135 80
136 81
137 82
138 83
139 84
140 84
141 85
142 86
143 86
144 86
145 87
146 87
147 87
148 88
149 88
150 88
151 89
152 89
153 89
154 89
155 90
156 90
157 90
158 90
159 91
160 91
161 91
162 91
163 91
164 92
165 92
166 92
167 92
168 92
169 92
170 92
171 92
172 91
173 91
174 91
175 90
176 90
177 89
178 89
179 88
180 88
181 87
182 86
183 86
184 85
185 84
186 84
187 83
188 83
189 82
190 81
191 81
192 80
193 80
194 79
195 79
196 79
197 78
198 78
199 78
200 78
201 78
202 78
203 77
204 77
205 77
206 77
207 77
208 77
209 77
210 77
211 77
212 77
213 78
214 78
215 78
216 78
217 77
218 77
219 77
220 77
221 77
222 77
223 76
224 76
225 75
226 74
227 74
228 73
229 72
230 71
230 70
231 69
232 68
233 67
234 66
235 65
236 64
237 63
238 62
239 62
240 62
241 62
242 62
243 62
244 62
245 62
246 63
247 64
248 65
249 66
250 67
251 68
252 69
253 70
254 71
255 72
256 73
257 74
258 74
259 75
260 76
261 77
262 78
263 78
264 79
265 80
266 80
267 81
268 81
269 82
270 82
271 83
272 83
273 83
274 84
275 84
276 84
277 85
278 85
279 85
280 86
281 86
282 86
283 86
284 87
285 87
286 87
287 88
288 88
289 88
290 89
291 89
292 90
293 90
294 91
295 91
296 92
