7 1
8 2
9 3
10 4
11 5
12 6
13 7
13 8
14 9
15 10
16 11
17 12
18 13
19 14
19 15
20 16
21 17
22 18
22 19
23 20
24 21
25 22
25 23
26 24
27 25
27 26
28 27
29 28
29 29
30 30
31 31
32 32
32 33
33 34
34 35
35 36
36 37
37 38
38 39
39 39
40 40
41 40
42 40
43 40
44 40
45 40
46 40
47 40
48 39
49 39
50 39
51 38
52 38
53 38
54 37
55 37
56 37
57 36
58 36
59 36
60 35
61 35
62 35
63 35
64 35
65 35
66 35
67 35
68 35
69 35
70 35
71 35
72 35
73 35
74 35
75 35
76 35
77 36
78 36
79 36
80 36
81 36
82 37
83 37
84 37
85 37
86 38
87 38
88 39
