16 1
17 2
18 3
19 4
19 5
20 6
21 7
22 8
23 9
23 10
24 11
25 12
25 13
26 14
27 15
27 16
28 17
28 18
29 19
30 20
30 21
31 22
31 23
31 24
32 25
32 26
33 27
33 28
34 29
34 30
35 31
35 32
35 33
36 34
36 35
37 36
37 37
37 38
38 39
38 40
39 41
39 42
40 43
40 44
40 45
41 46
41 47
42 48
42 49
43 50
43 51
44 52
45 53
45 54
46 55
47 56
48 57
49 57
50 57
51 58
52 57
53 57
54 57
55 57
56 56
57 56
58 55
59 55
60 54
61 54
62 54
63 53
64 53
65 53
66 53
67 53
68 53
69 53
70 53
71 53
72 53
73 53
74 54
75 54
76 54
77 55
78 55
79 56
80 56
81 57
82 58
83 58
84 59
85 60
86 60
87 61
88 62
89 63
90 64
91 64
92 65
93 66
94 67
95 68
96 69
97 70
98 71
99 72
99 73
100 74
101 75
102 76
103 77
104 78
104 79
105 80
106 81
107 82
