3 5
4 5
5 6
5 7
6 8
7 9
8 10
9 11
10 12
10 13
11 14
12 15
13 16
14 17
15 18
16 19
17 20
18 21
19 22
20 23
21 24
22 24
23 25
24 26
25 27
26 28
27 29
28 30
29 31
30 32
31 33
32 34
33 35
34 36
34 37
35 38
36 39
37 40
38 41
39 42
40 43
41 44
42 45
43 46
44 46
45 47
46 48
47 49
48 50
49 50
50 51
51 52
52 53
53 53
54 54
55 55
56 55
57 56
58 56
59 57
60 57
61 57
62 58
63 58
64 58
65 58
66 58
67 58
68 58
69 58
70 57
71 57
72 57
73 56
74 56
75 56
76 56
77 55
78 55
79 55
80 54
81 54
82 54
83 54
84 53
85 53
86 53
87 53
88 53
89 53
90 52
91 52
92 52
93 52
94 52
95 52
96 52
97 52
98 52
99 52
100 52
101 52
102 52
103 52
104 52
105 52
106 53
107 53
108 53
109 54
110 54
111 54
112 55
113 55
114 56
115 56
116 57
117 57
118 58
119 58
120 59
