28 39
29 39
30 39
31 39
32 39
33 39
34 39
35 39
36 39
37 39
38 40
39 40
40 40
41 40
42 40
43 40
44 40
45 40
46 40
47 41
48 41
49 41
50 41
51 41
52 42
53 42
54 42
55 42
56 43
57 43
58 43
59 43
60 44
61 44
62 44
63 45
64 45
65 45
66 45
67 46
68 46
69 46
70 47
71 47
72 47
73 48
74 48
75 48
76 49
77 49
78 49
79 50
80 50
81 50
82 51
83 51
84 52
85 52
86 52
87 53
88 53
89 53
90 54
91 54
92 55
93 55
94 56
95 56
96 56
97 57
98 57
99 58
100 58
101 59
102 59
103 60
104 60
105 61
106 61
107 62
108 62
109 63
110 63
111 64
112 64
113 65
114 65
115 66
116 67
117 67
118 68
119 68
120 69
121 69
122 70
123 71
124 71
125 72
126 73
127 73
128 74
129 74
130 75
131 76
132 76
133 77
134 77
135 78
136 79
137 79
138 80
139 80
140 81
141 81
142 82
143 82
144 83
145 83
146 84
147 84
148 84
149 85
150 85
151 85
152 85
153 85
154 85
155 85
156 85
157 85
158 84
159 84
160 84
161 83
162 83
163 82
164 81
165 81
166 80
167 79
168 78
169 78
170 77
171 76
172 75
173 74
174 74
175 73
176 72
177 71
178 71
179 70
180 69
181 69
182 68
183 68
184 67
185 67
186 67
187 67
188 67
189 67
190 67
191 67
192 67
193 67
194 68
195 68
196 69
197 70
198 71
199 71
200 72
200 73
201 74
202 75
203 76
204 77
205 78
205 79
206 80
207 81
208 82
209 83
209 84
210 85
211 86
212 87
213 88
214 89
215 90
216 91
217 92
218 93
219 94
220 94
221 95
222 96
223 96
224 97
225 97
226 98
227 98
228 98
229 99
230 99
231 99
232 99
233 99
234 99
235 99
236 99
237 99
238 99
239 98
240 98
241 97
242 97
243 97
244 96
245 96
246 95
247 94
248 94
249 93
250 93
251 92
252 91
253 91
254 90
255 89
256 89
257 88
258 87
259 87
260 86
261 85
262 85
263 84
264 83
265 83
266 82
267 81
268 81
269 80
270 80
271 79
272 78
273 78
274 77
275 77
276 76
277 76
278 75
279 75
280 74
281 74
282 73
283 73
284 72
285 72
286 72
287 71
288 71
289 71
290 70
291 70
292 70
293 69
294 69
295 69
296 69
297 69
298 69
299 68
300 68
301 68
302 68
303 68
304 68
305 68
306 68
307 68
308 68
309 68
310 69
311 69
312 69
313 69
314 70
315 70
316 70
317 71
318 71
319 71
320 72
321 72
322 73
323 74
324 74
325 75
326 76
327 76
328 77
329 78
330 78
331 79
332 80
333 81
334 82
335 83
336 84
337 85
338 86
339 87
340 88
341 89
342 90
343 91
344 92
345 93
346 94
347 95
348 96
348 97
349 98
350 99
351 100
352 101
353 102
354 103
354 104
355 105
356 106
357 107
358 108
359 109
360 110
361 111
362 112
363 112
364 113
365 114
366 114
367 115
368 115
369 115
370 115
371 116
372 116
373 115
374 115
375 115
376 115
377 114
378 114
379 113
380 113
381 113
382 112
383 111
384 111
385 110
386 110
387 109
388 108
389 108
390 107
391 106
392 106
393 105
394 104
395 104
396 103
397 103
398 102
399 101
400 101
401 100
402 99
403 99
404 98
405 98
406 97
407 96
408 96
409 95
410 95
411 94
412 93
413 93
414 92
415 92
416 91
417 91
418 90
419 90
420 89
421 89
422 88
423 88
424 87
425 87
426 86
427 86
428 85
429 85
430 84
431 84
432 84
433 83
434 83
435 83
436 82
437 82
438 82
439 81
440 81
441 81
442 80
443 80
444 80
445 80
446 79
447 79
448 79
449 79
450 79
451 79
452 79
453 79
454 78
455 78
456 78
457 78
458 78
459 78
460 78
461 78
462 78
463 79
464 79
465 79
466 79
467 79
468 79
469 79
470 79
471 80
472 80
473 80
474 80
475 80
476 81
477 81
478 81
479 81
480 82
481 82
482 82
483 82
484 83
485 83
486 83
487 83
488 84
489 84
490 84
491 84
492 85
493 85
494 85
495 86
496 86
497 86
498 86
499 87
500 87
501 87
502 87
503 88
504 88
505 88
506 89
507 89
508 89
509 90
510 90
511 90
512 91
513 91
514 91
515 92
516 92
517 92
518 93
519 93
520 93
521 94
522 94
523 94
524 95
525 95
526 96
527 96
528 96
529 97
530 97
531 97
532 97
533 98
534 98
535 98
536 98
537 98
538 98
539 98
540 98
541 98
542 98
543 98
544 98
545 98
546 97
547 97
548 97
549 97
550 96
551 96
552 96
553 95
554 95
555 94
556 94
557 94
558 93
559 93
560 92
561 92
562 91
563 91
564 90
565 89
566 88
567 88
568 87
569 86
570 85
571 84
572 83
573 82
574 81
575 80
576 79
577 78
578 77
579 76
