32 42
32 43
33 44
33 45
33 46
34 47
34 48
35 49
35 50
35 51
36 52
36 53
36 54
37 55
37 56
38 57
38 58
38 59
39 60
39 61
40 62
40 63
40 64
41 65
41 66
42 67
42 68
42 69
43 70
43 71
43 72
44 73
44 74
45 75
45 76
46 77
46 78
46 79
47 80
47 81
48 82
48 83
48 84
49 85
49 86
50 87
50 88
50 89
51 90
51 91
52 92
52 93
53 94
53 95
54 96
54 97
54 98
55 99
55 100
56 101
56 102
57 103
57 104
58 105
58 106
59 107
59 108
60 109
60 110
61 111
61 112
62 113
62 114
63 115
64 116
64 117
65 118
65 119
66 120
67 121
68 122
69 123
69 124
70 125
71 126
72 126
73 127
74 128
75 128
76 129
77 129
78 129
79 129
80 129
81 129
82 129
83 129
84 129
85 129
86 129
87 129
88 129
89 128
90 128
91 128
92 128
93 128
94 128
95 128
96 128
97 128
98 128
99 128
100 128
101 129
102 129
103 129
104 129
105 129
106 130
107 130
108 130
109 131
110 131
111 132
112 132
113 132
114 133
115 133
116 134
117 135
118 135
119 136
120 137
121 137
122 138
123 139
124 140
125 141
126 141
127 142
128 143
129 144
130 145
131 146
132 147
133 148
134 148
135 149
136 150
137 151
138 152
139 153
140 153
141 154
142 155
143 155
144 156
145 157
146 157
147 158
148 158
149 158
150 159
151 159
152 160
153 160
154 160
155 161
156 161
157 161
158 161
159 161
160 162
161 162
162 162
163 162
164 162
165 162
166 162
167 162
168 162
169 162
170 162
171 162
172 162
173 162
174 162
175 162
176 162
177 162
178 162
179 162
180 162
181 162
182 161
183 161
184 161
185 161
186 161
187 161
188 161
189 161
190 161
191 161
192 161
193 161
194 161
195 161
196 160
197 160
198 160
199 160
200 161
201 161
202 161
203 161
204 161
205 161
206 161
207 161
208 161
209 161
210 161
211 162
212 162
213 162
214 162
215 162
216 163
217 163
218 163
219 163
220 164
221 164
222 164
223 165
224 165
225 165
226 166
227 166
228 166
229 167
230 167
231 168
232 168
233 168
234 169
235 169
236 170
237 170
238 171
239 171
240 171
241 172
242 172
243 173
244 173
245 174
246 174
247 175
248 176
249 176
250 177
251 177
252 178
253 178
254 179
255 179
256 180
257 181
258 181
259 182
260 182
261 183
262 184
263 184
264 185
265 186
266 186
267 187
268 187
269 188
270 189
271 189
272 190
273 191
274 191
275 192
276 193
277 193
278 194
279 195
280 195
281 196
282 197
283 197
284 198
285 199
286 199
287 200
288 200
289 201
290 202
291 202
292 203
293 204
294 204
295 205
296 205
297 206
298 207
299 207
300 208
301 208
302 209
303 209
304 210
305 210
306 211
307 211
308 212
309 212
310 212
311 213
312 213
313 213
314 214
315 214
316 214
317 214
318 214
319 215
320 215
321 215
322 215
323 215
324 215
325 215
326 216
327 216
328 216
329 216
330 216
331 216
332 216
333 216
334 216
335 216
336 216
337 217
338 217
339 217
340 217
341 217
342 217
343 217
344 217
345 217
346 217
347 217
348 218
349 218
350 218
351 218
352 218
353 218
354 218
355 218
356 218
357 218
358 219
359 219
360 219
361 219
362 219
363 219
364 219
365 219
366 219
367 219
368 219
369 219
370 219
371 219
372 219
373 219
374 219
375 219
376 220
377 220
378 220
379 220
380 220
381 220
382 220
383 219
384 219
385 219
386 219
387 219
388 219
389 219
390 219
391 219
392 219
393 219
394 219
395 219
396 219
397 218
398 218
399 218
400 218
401 218
402 218
403 218
404 217
405 217
406 217
407 217
408 217
409 216
410 216
411 216
412 216
413 216
414 216
415 216
416 215
417 215
418 215
419 215
420 215
421 215
422 215
423 215
424 215
425 215
426 215
427 215
428 215
429 215
430 215
431 215
432 215
433 215
434 215
435 215
436 215
437 216
438 216
439 216
440 216
441 216
442 216
443 217
444 217
445 217
446 217
447 217
448 218
449 218
450 218
451 218
452 218
453 218
454 219
455 219
456 219
457 219
458 219
459 220
460 220
461 220
462 220
463 221
464 221
465 221
466 222
467 222
468 222
469 223
470 223
471 223
472 224
473 224
474 225
475 225
476 226
477 226
478 226
479 227
480 227
481 228
482 228
483 229
484 229
485 230
486 230
487 231
488 231
489 232
490 232
491 232
492 233
493 233
494 234
495 234
496 234
497 235
498 235
499 235
500 235
501 236
502 236
503 236
504 236
505 236
506 236
507 236
508 236
509 236
510 236
511 236
512 236
513 236
514 235
515 235
516 235
517 234
518 234
519 234
520 233
521 233
522 232
523 232
524 231
525 231
526 230
527 230
528 229
529 228
530 227
531 227
532 226
533 225
534 224
535 224
536 223
537 222
538 221
539 220
540 219
541 218
542 217
543 216
544 216
545 215
546 214
547 213
548 212
549 211
550 210
551 209
552 208
553 207
554 206
555 205
556 204
557 203
558 202
558 201
559 200
560 199
561 198
