7 27
8 28
8 29
9 30
9 31
9 32
10 33
10 34
11 35
11 36
11 37
12 38
12 39
13 40
13 41
14 42
14 43
14 44
15 45
15 46
16 47
16 48
17 49
17 50
18 51
18 52
19 53
19 54
20 55
20 56
21 57
21 58
22 59
22 60
23 61
23 62
24 63
25 64
25 65
26 66
26 67
27 68
28 69
28 70
29 71
30 72
31 73
31 74
32 75
33 76
34 77
34 78
35 79
36 80
37 81
38 82
39 83
39 84
40 85
41 86
42 87
43 88
44 89
45 90
46 91
47 92
48 93
49 94
50 95
51 96
52 96
53 97
54 98
55 99
56 100
57 101
58 101
59 102
60 103
61 104
62 104
63 105
64 105
65 106
66 107
67 107
68 108
69 108
70 109
71 109
72 110
73 110
74 110
75 111
76 111
77 111
78 111
79 111
80 112
81 112
82 111
83 111
84 111
85 111
86 110
87 110
88 110
89 109
90 109
91 108
92 107
93 107
94 106
95 105
96 104
97 103
98 103
99 102
100 101
101 100
102 99
103 99
104 98
105 97
106 96
107 96
108 95
109 94
110 94
111 93
112 92
113 92
114 91
115 90
116 90
117 89
118 88
119 88
120 87
121 87
122 86
123 86
124 85
125 85
126 84
127 84
128 83
129 83
130 82
131 82
132 81
133 81
134 80
135 80
136 79
137 79
138 78
139 78
140 77
141 77
142 77
143 77
144 77
145 76
146 76
147 76
148 76
149 76
150 76
151 77
152 77
153 77
154 77
155 77
156 78
157 78
158 78
159 78
160 79
161 79
162 80
163 80
164 81
165 81
166 82
167 82
168 83
169 83
170 84
171 84
172 85
173 85
174 85
175 86
176 86
177 86
178 86
179 86
180 86
181 86
182 86
183 85
184 85
185 84
186 84
187 83
188 82
189 81
190 80
191 79
192 78
193 77
194 76
194 75
195 74
196 73
197 72
197 71
198 70
199 69
199 68
200 67
201 66
202 65
202 64
203 63
204 62
205 61
206 60
207 60
208 59
209 59
210 59
211 59
212 58
213 58
214 59
215 59
216 59
217 59
218 60
219 60
220 60
221 61
222 61
223 62
224 62
225 63
226 63
227 64
228 64
229 65
230 65
231 66
232 66
233 67
234 67
235 67
236 68
237 68
238 69
239 69
240 69
241 70
242 70
243 70
244 71
245 71
246 72
247 72
248 72
249 73
250 73
251 74
252 74
253 74
254 75
255 75
256 76
257 76
258 77
259 77
260 78
261 78
262 79
263 80
264 80
265 81
266 81
267 82
268 82
269 83
270 83
271 84
272 84
273 85
274 85
275 86
276 86
277 87
278 87
279 87
280 88
281 88
282 89
283 89
284 89
285 90
286 90
287 91
288 92
289 92
290 93
291 93
292 94
293 94
294 95
295 95
296 96
297 96
298 96
299 96
300 96
301 96
302 96
303 96
304 96
305 96
306 96
307 95
308 95
309 95
310 95
311 95
312 95
313 95
314 95
315 95
316 95
317 95
318 95
319 95
320 95
321 95
322 94
323 94
324 94
325 94
326 94
327 94
328 94
329 93
330 93
331 93
332 93
333 93
334 92
335 92
336 92
337 92
338 91
339 91
340 91
341 90
342 90
343 90
344 89
345 89
346 89
347 88
348 88
349 87
350 87
351 87
352 86
353 86
354 85
355 85
356 84
357 84
358 84
359 83
360 83
361 82
362 82
