9 34
10 34
11 35
12 35
13 36
14 37
15 38
16 38
17 39
18 40
19 40
20 41
21 42
22 43
23 43
24 44
25 45
26 45
27 46
28 47
29 48
30 48
31 49
32 50
33 50
34 51
35 52
36 53
37 53
38 54
39 54
40 55
41 55
42 56
43 56
44 57
45 57
46 58
47 58
48 58
49 58
50 59
51 59
52 59
53 59
54 59
55 59
56 59
57 60
58 60
59 60
60 60
61 60
62 60
63 60
64 60
65 60
66 60
67 60
68 60
69 60
70 60
71 61
72 61
73 61
74 62
75 62
76 63
77 64
78 65
78 66
79 67
80 68
81 69
81 70
82 71
82 72
83 73
83 74
84 75
85 76
85 77
86 78
86 79
87 80
88 81
88 82
89 83
89 84
90 85
91 86
91 87
92 88
93 89
94 90
94 91
95 92
96 93
97 94
98 95
99 96
100 97
101 98
102 98
103 99
104 100
105 101
106 101
107 102
108 102
109 103
110 103
111 103
112 104
113 104
114 104
115 105
116 105
117 105
118 105
119 105
120 105
121 105
122 105
123 105
124 105
125 104
126 104
127 104
128 104
129 103
130 103
131 103
132 103
133 102
134 102
135 101
136 101
137 101
138 100
139 100
140 99
141 99
142 98
143 98
144 97
145 97
146 96
147 96
148 95
149 95
150 94
151 94
152 93
153 93
154 92
155 91
156 91
157 90
158 90
159 89
160 89
161 88
162 88
163 87
164 87
165 87
166 86
167 86
168 85
169 85
170 84
171 84
172 84
173 83
174 83
175 83
176 82
177 82
178 82
179 82
180 81
181 81
182 81
183 81
184 81
185 81
186 80
187 80
188 80
189 80
190 80
191 80
192 80
193 80
194 80
195 80
196 80
197 81
198 81
199 81
200 81
201 81
202 81
203 82
204 82
205 82
206 83
207 83
208 83
209 84
210 84
211 85
212 85
213 86
214 87
215 87
216 88
217 89
218 89
219 90
220 91
221 92
222 93
223 94
224 94
225 95
226 96
227 97
228 98
229 99
230 100
231 101
232 101
233 102
234 103
235 104
236 104
237 105
238 106
239 106
240 107
241 107
242 108
243 108
244 109
245 109
246 109
247 110
248 110
249 110
250 110
251 111
252 111
253 111
254 111
255 111
256 111
257 110
258 110
259 110
260 110
261 110
262 110
263 109
264 109
265 109
266 109
267 109
268 109
269 108
270 108
271 108
272 108
273 108
274 108
275 108
276 108
277 108
278 108
279 108
280 108
281 108
282 109
283 109
284 109
285 109
286 109
287 109
288 110
289 110
290 110
291 111
292 111
293 111
294 112
295 112
296 113
297 113
298 114
299 114
300 115
301 116
302 116
303 117
304 117
305 118
306 119
307 119
308 120
309 120
310 121
311 122
312 122
313 123
314 123
315 124
316 125
317 125
318 126
319 127
320 127
321 128
322 128
323 129
324 130
325 130
326 131
327 131
328 132
329 133
330 134
