19 56
20 56
21 57
22 58
23 58
24 59
25 60
26 61
27 61
28 62
29 63
30 63
31 64
32 65
33 65
34 66
35 67
36 67
37 68
38 68
39 68
40 69
41 69
42 69
43 69
44 70
45 70
46 70
47 70
48 70
49 70
50 70
51 70
52 70
53 71
54 71
55 72
56 73
57 74
58 75
59 76
60 77
61 78
61 79
62 80
63 81
63 82
64 83
65 84
66 85
66 86
67 87
68 88
69 89
69 90
70 91
71 92
72 93
73 94
74 95
75 95
76 96
77 97
78 97
79 98
80 98
81 99
82 99
83 99
84 100
85 100
86 100
87 100
88 101
89 101
90 101
91 101
92 101
93 101
94 101
95 101
96 101
97 101
98 101
99 101
100 101
101 101
102 101
103 101
104 101
105 101
106 101
107 101
108 101
109 101
110 101
111 101
112 101
113 101
114 101
115 101
116 102
117 102
118 102
119 102
120 103
121 103
122 103
123 104
124 104
125 105
126 105
127 106
128 107
129 107
130 108
131 109
132 110
133 111
134 111
135 112
136 113
137 114
138 115
139 116
140 116
141 117
142 118
143 118
144 119
145 119
146 120
147 120
148 121
149 121
150 122
151 122
152 122
153 122
154 123
155 123
156 123
157 123
158 124
159 124
160 124
161 124
162 124
163 124
164 124
165 124
166 125
167 125
168 125
169 125
170 125
171 125
172 125
173 125
174 124
175 124
176 124
177 124
178 124
179 123
180 123
181 122
182 121
183 121
184 120
185 119
186 118
187 117
188 116
189 115
190 114
191 113
191 112
192 111
193 110
194 109
195 108
195 107
196 106
197 105
198 104
199 103
199 102
200 101
201 100
202 99
203 98
204 97
204 96
205 95
206 94
207 93
208 92
209 91
210 90
211 89
212 88
213 87
214 86
215 85
216 84
217 84
218 83
219 82
220 81
221 81
222 80
223 79
224 78
225 78
226 77
227 76
228 76
229 75
230 75
231 74
232 73
233 73
234 72
235 72
236 71
237 71
