4 21
5 20
6 20
7 20
8 20
9 20
10 20
11 20
12 21
13 21
14 21
15 21
16 22
17 22
18 23
19 23
20 24
21 25
22 25
23 26
24 27
25 27
26 28
27 29
28 30
29 31
30 31
31 32
32 33
33 34
34 35
35 36
36 37
37 37
38 38
39 39
40 40
41 41
42 42
43 43
44 44
45 45
46 46
47 47
48 48
49 49
50 50
51 51
52 52
53 53
53 54
54 55
55 56
56 57
56 58
57 59
58 60
58 61
59 62
60 63
60 64
61 65
61 66
62 67
63 68
64 69
64 70
65 71
66 72
67 73
68 74
69 75
70 75
71 75
72 75
73 75
74 75
75 74
76 74
77 73
78 73
79 72
80 71
81 70
82 69
83 68
84 67
84 66
85 65
86 64
87 63
88 62
88 61
89 60
90 59
91 58
92 57
93 56
94 55
95 54
96 53
97 52
98 52
99 51
100 51
101 50
102 50
103 50
104 50
105 50
106 50
107 50
108 50
109 50
110 50
111 50
112 50
113 50
114 51
115 51
116 51
117 51
118 51
119 51
120 51
121 51
122 51
123 51
124 51
125 51
126 51
127 51
128 51
129 51
130 51
131 51
132 51
133 50
134 50
135 50
136 50
137 50
138 50
139 50
140 50
141 50
142 50
143 51
144 51
145 51
146 51
147 52
148 52
149 52
150 52
151 53
152 53
153 53
154 53
155 53
156 52
157 52
158 52
159 51
160 51
161 51
162 50
163 50
164 49
165 49
166 48
167 48
168 47
169 47
170 46
171 46
172 45
173 45
174 44
175 44
176 44
177 43
178 43
179 43
180 43
181 42
182 42
183 42
184 42
185 42
186 42
187 42
188 42
189 43
190 43
191 43
192 43
193 44
