42 72
43 73
44 74
44 75
45 76
46 77
47 78
47 79
48 80
49 81
50 82
51 83
51 84
52 85
53 86
54 87
55 88
56 89
57 90
57 91
58 92
59 93
60 94
61 95
62 96
63 97
64 98
65 99
66 100
67 101
68 102
69 103
70 104
71 105
72 106
73 107
74 108
75 109
76 109
77 110
78 111
79 112
80 113
81 113
82 114
83 115
84 116
85 116
86 117
87 118
88 119
89 120
90 120
91 121
92 122
93 123
94 123
95 124
96 125
97 126
98 127
99 127
100 128
101 129
102 130
103 131
104 132
105 133
106 134
107 135
108 136
109 137
110 138
111 139
112 140
113 141
114 142
115 143
116 144
117 145
118 146
119 147
120 148
121 149
121 150
122 151
123 152
124 153
125 154
126 155
127 156
128 157
129 158
130 159
131 160
131 161
132 162
133 163
134 164
135 165
136 166
137 167
138 168
139 169
140 170
140 171
141 172
142 173
143 174
144 175
145 176
146 177
147 178
148 179
149 180
150 181
150 182
151 183
152 184
153 185
154 186
155 187
156 188
157 189
158 190
159 191
160 192
161 193
162 194
163 195
164 196
165 197
166 198
167 199
168 200
169 200
170 201
171 202
172 202
173 203
174 204
175 204
176 205
177 205
178 205
179 205
180 206
181 206
182 205
183 205
184 205
185 204
186 204
187 203
188 202
189 201
190 200
191 199
192 198
192 197
193 196
194 195
194 194
195 193
196 192
196 191
197 190
197 189
198 188
198 187
199 186
199 185
200 184
200 183
201 182
201 181
202 180
202 179
203 178
203 177
203 176
204 175
204 174
205 173
205 172
206 171
206 170
207 169
207 168
208 167
208 166
208 165
209 164
209 163
210 162
210 161
211 160
211 159
212 158
212 157
213 156
213 155
214 154
214 153
215 152
215 151
216 150
216 149
217 148
217 147
218 146
218 145
219 144
219 143
220 142
220 141
221 140
222 139
222 138
223 137
223 136
224 135
224 134
225 133
226 132
226 131
227 130
228 129
228 128
229 127
230 126
230 125
231 124
232 123
233 122
233 121
234 120
235 119
236 118
236 117
237 116
238 115
239 114
240 113
241 112
242 111
243 110
244 109
245 108
246 107
247 106
248 105
249 104
250 103
251 102
252 101
253 101
254 100
255 99
256 98
257 98
258 97
259 96
260 95
261 95
262 94
263 94
264 93
265 92
266 92
267 91
268 91
269 90
270 90
271 90
272 89
273 89
274 88
275 88
276 88
277 87
278 87
279 87
280 87
281 86
282 86
283 86
284 86
285 86
286 86
287 86
288 86
289 86
290 86
291 86
292 86
293 86
294 86
295 86
296 86
297 86
298 86
299 86
300 87
301 87
302 87
303 87
304 87
305 87
306 88
307 88
308 88
309 88
310 88
311 88
312 89
313 89
314 89
315 89
316 89
317 89
318 89
319 89
320 89
321 89
322 89
323 89
324 89
325 89
326 89
327 89
328 88
329 88
330 88
331 88
332 88
333 88
334 88
335 88
336 87
337 87
338 87
339 87
340 87
341 87
342 87
343 87
344 86
345 86
346 86
347 86
348 86
349 86
350 86
351 86
352 86
353 86
354 86
355 86
356 86
357 86
358 86
359 87
360 87
361 87
362 87
363 87
364 88
365 88
366 88
367 89
368 89
369 90
370 90
371 91
372 92
373 92
374 93
375 94
376 95
377 96
378 97
379 98
380 99
381 100
382 101
383 102
384 103
385 104
386 105
387 106
387 107
388 108
389 109
390 110
391 111
392 112
392 113
393 114
394 115
395 116
396 117
396 118
397 119
398 120
399 121
400 122
400 123
401 124
402 125
403 126
404 127
405 128
406 129
406 130
407 131
408 132
409 133
410 134
411 135
412 136
413 137
414 137
415 138
416 139
417 140
418 140
419 141
420 141
421 142
422 142
423 142
424 143
425 143
426 143
427 143
428 143
429 142
430 142
431 142
432 141
433 141
434 140
435 140
436 139
437 138
438 137
439 137
440 136
441 135
442 134
443 133
443 132
444 131
445 130
446 129
447 128
448 127
448 126
449 125
450 124
450 123
451 122
452 121
452 120
453 119
454 118
454 117
455 116
456 115
456 114
457 113
458 112
458 111
459 110
460 109
460 108
461 107
462 106
462 105
463 104
464 103
465 102
465 101
466 100
467 99
468 98
469 97
470 96
471 95
472 94
473 93
474 92
475 92
476 91
477 91
478 90
479 90
480 89
481 89
482 89
483 89
484 89
485 89
486 89
487 90
488 90
489 91
490 91
491 92
492 93
493 93
494 94
495 95
496 96
497 97
497 98
498 99
499 100
500 101
501 102
502 103
502 104
503 105
504 106
505 107
506 108
506 109
507 110
508 111
509 112
510 113
511 114
512 115
513 116
514 117
515 118
516 119
517 120
518 121
519 122
520 123
521 124
522 125
523 126
524 127
525 128
526 129
527 129
528 130
529 131
530 132
531 133
532 134
533 134
534 135
535 136
536 137
537 137
538 138
539 139
540 140
541 141
542 141
543 142
544 143
545 144
546 144
547 145
548 146
549 147
550 147
551 148
552 149
553 150
554 151
555 151
556 152
557 153
558 154
559 155
560 155
561 156
562 157
563 158
564 159
565 159
566 160
567 161
568 162
569 162
570 163
571 164
572 165
573 166
574 166
575 167
576 168
577 169
578 169
579 170
580 171
581 171
582 172
583 172
584 173
585 174
586 174
587 175
588 175
589 175
590 176
591 176
592 176
593 176
594 176
595 177
596 176
597 176
598 176
599 176
600 176
601 175
602 175
603 174
604 174
605 173
606 173
607 172
608 172
609 171
610 170
611 170
612 169
613 168
614 167
615 166
616 166
617 165
618 164
619 163
620 162
621 161
622 160
623 159
624 158
625 157
626 157
627 156
628 155
629 154
630 153
631 152
632 151
633 150
634 149
635 148
636 147
637 146
638 145
639 144
640 143
641 142
642 141
643 140
644 139
645 138
646 137
