12 2
12 3
13 4
13 5
13 6
14 7
14 8
15 9
15 10
15 11
16 12
16 13
17 14
17 15
17 16
18 17
18 18
18 19
19 20
19 21
20 22
20 23
20 24
21 25
21 26
21 27
22 28
22 29
22 30
23 31
23 32
23 33
24 34
24 35
24 36
25 37
25 38
25 39
26 40
26 41
26 42
27 43
27 44
27 45
28 46
28 47
28 48
29 49
29 50
29 51
30 52
30 53
30 54
31 55
31 56
32 57
32 58
32 59
33 60
33 61
33 62
34 63
34 64
35 65
35 66
35 67
36 68
36 69
37 70
37 71
38 72
38 73
39 74
39 75
40 76
40 77
41 78
41 79
42 80
43 81
43 82
44 83
44 84
45 85
46 86
47 87
47 88
48 89
49 90
50 91
51 92
52 93
53 94
54 95
55 96
56 97
57 98
58 99
59 100
60 101
61 101
62 102
63 103
64 104
65 104
66 105
67 106
68 106
69 107
70 107
71 108
72 109
73 109
74 110
75 110
76 111
77 111
78 112
79 112
80 113
81 113
82 113
83 114
84 114
85 115
86 115
87 116
88 116
89 116
90 117
91 117
92 117
93 118
94 118
95 118
96 119
97 119
98 119
99 120
100 120
101 120
102 121
103 121
104 121
105 121
106 122
107 122
108 122
109 122
110 123
111 123
112 123
113 123
114 124
115 124
116 124
117 124
118 124
119 125
120 125
121 125
122 125
123 125
124 125
125 125
126 126
127 126
128 126
129 126
130 126
131 126
132 126
133 126
134 126
135 126
136 126
137 126
138 126
139 126
140 126
141 126
142 126
143 126
144 126
145 126
146 126
147 126
148 126
149 126
150 126
151 126
152 126
153 126
154 125
155 125
156 125
157 125
158 125
159 125
160 125
161 125
162 125
163 125
164 125
165 125
166 125
167 125
168 125
169 125
170 125
171 126
172 126
173 126
174 126
175 126
176 126
177 126
178 127
179 127
180 127
181 127
182 128
183 128
184 128
185 129
186 129
187 129
188 130
189 130
190 131
191 131
192 132
193 132
194 133
195 133
196 134
197 134
198 135
199 135
200 136
201 136
202 137
203 137
204 138
205 138
206 139
207 139
208 140
209 140
210 141
211 141
212 142
213 142
214 142
215 143
216 143
217 143
218 143
219 143
220 144
221 144
222 144
223 144
224 143
225 143
226 143
227 143
228 143
229 142
230 142
231 142
232 141
233 141
234 140
235 140
236 139
237 139
238 138
239 138
240 137
241 137
242 136
243 135
244 135
245 134
246 134
247 133
248 132
249 132
250 131
251 130
252 130
253 129
254 128
255 128
256 127
257 126
258 126
259 125
260 124
261 124
262 123
