16 31
17 32
18 32
19 32
20 33
21 33
22 33
23 33
24 34
25 34
26 34
27 35
28 35
29 35
30 36
31 36
32 36
33 37
34 37
35 37
36 38
37 38
38 38
39 39
40 39
41 40
42 40
43 41
44 41
45 41
46 42
47 42
48 43
49 43
50 44
51 44
52 45
53 45
54 46
55 46
56 47
57 47
58 48
59 48
60 49
61 49
62 50
63 50
64 51
65 51
66 52
67 52
68 53
69 53
70 54
71 54
72 55
73 55
74 56
75 56
76 56
77 57
78 57
79 57
80 57
81 58
82 58
83 58
84 58
85 58
86 58
87 58
88 58
89 58
90 58
91 59
92 59
93 59
94 59
95 59
96 59
97 59
98 60
99 60
100 60
101 60
102 61
103 61
104 61
105 62
106 62
107 63
108 63
109 63
110 64
111 64
112 65
113 65
114 66
115 66
116 67
117 68
118 68
119 69
120 69
121 70
122 70
123 71
124 72
125 72
126 73
127 73
128 74
129 74
130 75
131 76
132 76
133 77
134 77
135 78
136 78
137 79
138 80
139 80
140 81
141 81
142 82
143 82
144 82
145 83
146 83
147 84
148 84
149 84
150 85
151 85
152 85
153 86
154 86
155 86
156 86
157 87
158 87
159 87
160 87
161 87
162 87
163 87
164 87
165 87
166 87
167 87
168 87
169 87
170 87
171 86
172 86
173 86
174 86
175 85
176 85
177 85
178 84
179 84
180 84
181 83
182 83
183 82
184 82
185 82
186 81
187 81
188 81
189 80
190 80
191 80
192 80
193 80
194 80
195 80
196 80
197 80
198 80
199 80
200 81
201 81
202 81
203 81
204 81
205 82
206 82
207 82
208 83
209 83
210 83
211 84
212 84
213 85
214 85
215 85
216 86
217 86
218 87
219 87
220 88
221 88
222 89
223 89
224 90
225 90
226 91
227 91
228 92
229 92
230 93
231 94
232 94
233 95
234 96
235 96
236 97
237 97
238 98
239 98
240 98
241 99
242 99
243 99
244 99
245 99
246 99
247 99
248 99
249 99
250 99
251 99
252 99
253 98
254 98
255 98
256 98
257 98
258 97
259 97
260 97
261 97
262 97
263 96
264 96
265 96
266 96
267 96
268 95
269 95
270 95
271 95
272 95
273 94
274 94
275 94
276 94
277 94
278 93
279 93
280 93
281 93
282 93
283 92
284 92
285 92
286 92
287 92
288 92
289 92
290 91
291 91
292 91
293 91
294 91
295 91
296 91
297 91
298 91
299 91
300 91
301 91
302 91
303 91
304 91
305 91
306 91
307 91
308 91
309 91
310 91
311 91
312 91
313 91
314 91
315 91
316 91
317 91
318 91
319 91
320 91
321 91
322 91
323 91
324 91
325 91
326 91
327 91
328 91
329 91
330 91
331 91
332 91
333 91
334 91
335 91
336 91
337 91
338 91
339 91
340 91
341 91
342 91
343 91
344 91
345 91
346 91
347 91
348 91
349 91
350 91
351 91
352 91
353 91
354 91
355 91
356 92
357 92
358 92
359 92
360 92
361 93
362 93
363 93
364 93
365 94
366 94
367 94
368 95
369 95
370 96
371 96
372 97
373 97
374 98
375 99
376 99
377 100
378 101
379 102
380 102
381 103
382 104
383 105
384 106
385 107
386 108
387 109
388 110
389 111
390 112
391 113
391 114
392 115
