36 43
37 44
38 45
39 46
40 47
41 48
42 49
43 50
44 51
45 52
46 53
47 54
48 55
49 56
50 57
50 58
51 59
52 60
53 61
54 62
55 63
56 64
57 65
58 66
59 67
60 68
61 69
62 70
63 71
64 72
65 72
66 73
67 74
68 74
69 75
70 76
71 76
72 77
73 78
74 78
75 79
76 80
77 80
78 81
79 82
80 82
81 83
82 84
83 85
84 85
85 86
86 87
87 88
88 89
89 89
90 90
91 91
92 91
93 92
94 93
95 94
96 94
97 95
98 96
99 96
100 97
101 98
102 98
103 99
104 99
105 100
106 101
107 101
108 102
109 102
110 103
111 104
112 104
113 105
114 105
115 106
116 106
117 107
118 108
119 108
120 109
121 110
122 110
123 111
124 111
125 112
126 113
127 114
128 114
129 115
130 116
131 116
132 117
133 118
134 119
135 120
136 120
137 121
138 122
139 123
140 124
141 125
142 126
143 127
144 128
145 129
146 130
147 131
148 132
149 133
150 134
151 135
151 136
152 137
153 138
154 139
155 140
156 141
156 142
157 143
158 144
159 145
159 146
160 147
161 148
162 149
162 150
163 151
164 152
165 153
165 154
166 155
167 156
168 157
168 158
169 159
170 160
171 161
171 162
172 163
173 164
174 165
174 166
175 167
176 168
177 169
177 170
178 171
179 172
180 173
181 174
182 175
182 176
183 177
184 178
185 179
186 180
187 181
188 182
189 183
190 184
191 185
192 186
193 187
194 188
195 189
196 190
197 191
198 192
199 192
200 193
201 194
202 194
203 195
204 196
205 196
206 197
207 197
208 197
209 198
210 198
211 198
212 199
213 199
214 199
215 199
216 199
217 199
218 199
219 199
220 199
221 199
222 198
223 198
224 198
225 197
226 197
227 197
228 196
229 196
230 195
231 195
232 194
233 193
234 193
235 192
236 191
237 191
238 190
239 189
240 188
241 187
242 186
243 186
244 185
245 184
246 183
247 182
248 181
249 180
250 179
251 178
252 177
253 176
254 175
254 174
255 173
256 172
257 171
258 170
259 169
260 168
261 167
262 166
263 165
264 164
265 163
266 162
267 161
268 160
269 159
270 158
271 157
272 156
273 155
274 154
275 153
276 152
277 151
278 150
279 150
280 149
281 148
282 147
283 146
284 145
285 145
286 144
287 143
288 142
289 142
290 141
291 140
292 139
293 139
294 138
295 137
296 137
297 136
298 135
299 135
300 134
301 134
302 133
303 133
304 132
305 131
306 131
307 130
308 130
309 129
310 129
311 128
312 128
313 127
314 127
315 126
316 125
317 125
318 124
319 124
320 123
321 123
322 122
323 122
324 121
325 121
326 120
327 120
328 119
329 118
330 118
331 117
332 117
333 116
334 116
335 115
336 114
337 114
338 113
339 113
340 112
341 112
342 111
343 110
344 110
345 109
346 109
347 108
348 107
349 107
350 106
351 106
352 105
353 104
354 104
355 103
