24 27
25 27
26 28
27 29
28 30
29 31
30 31
31 32
32 33
33 34
34 35
35 35
36 36
37 37
38 38
39 39
40 40
41 40
42 41
43 42
44 43
45 43
46 44
47 45
48 45
49 46
50 47
51 47
52 48
53 49
54 49
55 50
56 51
57 51
58 52
59 52
60 53
61 53
62 54
63 55
64 55
65 56
66 56
67 57
68 58
69 58
70 59
71 60
72 60
73 61
74 62
75 63
76 63
77 64
78 65
79 66
80 67
81 68
82 69
83 70
84 71
85 72
86 73
87 74
88 74
89 75
90 76
91 77
92 78
93 78
94 79
95 80
96 80
97 81
98 82
99 82
100 83
101 83
102 84
103 84
104 85
105 85
106 86
107 86
108 87
109 87
110 87
111 88
112 88
113 88
114 89
115 89
116 89
117 90
118 90
119 90
120 90
121 91
122 91
123 91
124 91
125 91
126 92
127 92
128 92
129 92
130 92
131 93
132 93
