37 65
38 66
39 67
39 68
40 69
41 70
41 71
42 72
43 73
43 74
44 75
45 76
45 77
46 78
47 79
47 80
48 81
49 82
50 83
50 84
51 85
52 86
53 87
54 88
54 89
55 90
56 91
57 92
58 93
59 94
60 95
61 96
62 97
63 98
64 98
65 99
66 100
67 101
68 102
69 102
70 103
71 104
72 104
73 105
74 105
75 106
76 107
77 107
78 108
79 108
80 109
81 109
82 110
83 110
84 111
85 111
86 111
87 112
88 112
89 113
90 113
91 113
92 114
93 114
94 114
95 115
96 115
97 115
98 116
99 116
100 116
101 116
102 117
103 117
104 117
105 117
106 117
107 117
108 118
109 118
110 118
111 118
112 118
113 118
114 118
115 118
116 118
117 118
118 118
119 118
120 118
121 118
122 118
123 117
124 117
125 117
126 117
127 117
128 116
129 116
130 116
131 116
132 115
133 115
134 114
135 114
136 114
137 113
138 113
139 112
140 112
141 112
142 111
143 111
144 110
145 110
146 109
147 109
148 108
149 108
150 108
151 107
152 107
153 106
154 106
155 106
156 106
157 105
158 105
159 105
160 105
161 105
162 105
163 105
164 105
165 105
166 105
167 105
168 105
169 105
170 105
171 106
172 106
173 106
174 107
175 107
176 107
177 108
178 108
179 109
180 109
181 110
182 110
183 111
184 111
185 112
186 112
187 113
188 114
189 115
190 115
191 116
192 117
193 117
194 118
195 119
196 120
197 121
198 121
199 122
200 123
201 123
202 124
203 125
204 125
205 126
206 126
207 127
208 127
209 127
210 128
211 128
212 128
213 128
214 128
215 128
216 128
217 128
218 128
219 128
220 128
221 127
222 127
223 127
224 127
225 126
226 126
227 126
228 126
229 125
230 125
231 125
232 124
233 124
234 123
235 123
236 123
237 122
238 122
239 122
240 121
241 121
242 120
243 120
244 119
245 119
246 119
247 118
248 118
249 117
250 117
251 116
252 116
253 115
254 115
255 114
256 114
257 113
258 113
259 112
260 112
261 111
262 111
263 110
264 110
265 109
266 109
267 108
268 108
269 107
270 107
271 106
272 106
273 105
274 104
275 104
276 103
277 103
278 102
279 102
280 101
281 101
282 100
283 99
284 99
285 98
286 98
287 97
288 97
289 96
290 96
291 96
292 95
293 95
294 94
295 94
296 94
297 94
298 93
299 93
300 93
301 93
302 93
303 93
304 93
305 93
306 93
307 93
308 94
309 94
310 94
311 94
312 95
313 95
314 96
315 96
316 97
317 97
318 98
319 98
320 99
321 100
322 101
323 102
324 102
325 103
326 104
327 105
328 106
328 107
329 108
330 109
331 110
332 111
332 112
333 113
334 114
334 115
335 116
336 117
336 118
337 119
338 120
338 121
339 122
339 123
340 124
341 125
341 126
342 127
342 128
343 129
343 130
344 131
345 132
345 133
346 134
346 135
347 136
347 137
348 138
349 139
349 140
350 141
350 142
351 143
352 144
352 145
353 146
353 147
354 148
355 149
355 150
356 151
357 152
358 153
358 154
359 155
360 156
361 157
362 158
362 159
363 160
364 161
365 162
366 163
367 164
368 164
369 165
370 166
371 167
372 167
373 168
374 169
375 169
376 170
377 170
378 170
379 171
380 171
381 172
382 172
383 172
384 172
385 173
386 173
387 173
388 173
389 173
390 173
391 173
392 173
393 173
394 173
395 173
396 173
397 173
398 173
399 173
400 172
401 172
402 172
403 172
404 171
405 171
406 171
407 170
408 170
409 169
410 169
411 169
412 168
413 168
414 167
415 166
416 166
417 165
418 165
419 164
420 164
421 163
422 162
423 162
424 161
425 160
426 160
427 159
428 159
429 158
430 157
431 157
432 156
433 155
434 155
435 154
436 153
437 153
438 152
439 152
440 151
441 151
442 150
443 150
444 149
445 149
446 149
447 148
448 148
449 148
450 148
451 148
452 148
453 148
454 148
455 148
456 148
457 148
458 148
459 148
460 149
461 149
462 149
463 150
464 150
465 151
466 151
467 152
468 152
469 153
470 154
471 154
472 155
473 156
474 156
475 157
476 158
477 159
478 159
479 160
480 161
481 162
482 163
483 164
484 165
485 166
486 167
487 168
488 169
489 170
490 171
491 172
492 173
493 174
494 175
494 176
495 177
496 178
497 179
498 180
499 181
499 182
500 183
501 184
502 185
503 186
503 187
504 188
505 189
506 190
506 191
507 192
508 193
509 194
509 195
510 196
511 197
511 198
512 199
513 200
514 201
514 202
515 203
