34 62
35 62
36 63
37 63
38 64
39 64
40 65
41 65
42 66
43 66
44 67
45 67
46 68
47 68
48 69
49 69
50 70
51 70
52 71
53 72
54 72
55 73
56 73
57 74
58 74
59 75
60 75
61 76
62 77
63 77
64 78
65 78
66 79
67 80
68 80
69 81
70 82
71 82
72 83
73 84
74 84
75 85
76 86
77 86
78 87
79 88
80 88
81 89
82 90
83 91
84 92
85 92
86 93
87 94
88 95
89 96
90 97
91 98
92 98
93 99
94 100
95 101
96 102
97 103
98 104
99 105
100 106
101 107
102 108
103 109
104 110
105 111
106 112
106 113
107 114
108 115
109 116
110 117
111 118
112 119
113 120
114 121
114 122
115 123
116 124
117 125
118 126
119 127
120 128
120 129
121 130
122 131
123 132
124 133
125 134
126 135
127 136
128 137
129 138
130 139
131 140
132 141
133 142
134 143
135 144
136 145
137 146
138 146
139 147
140 148
141 149
142 149
143 150
144 151
145 152
146 152
147 153
148 153
149 154
150 155
151 155
152 156
153 156
154 157
155 157
156 158
157 158
158 158
159 159
160 159
161 159
162 160
163 160
164 160
165 160
166 160
167 160
168 160
169 160
170 159
171 159
172 158
173 158
174 157
175 156
176 155
177 154
178 153
179 152
180 151
180 150
181 149
182 148
182 147
183 146
184 145
184 144
185 143
186 142
186 141
187 140
188 139
188 138
189 137
189 136
190 135
191 134
191 133
192 132
192 131
193 130
194 129
194 128
195 127
196 126
196 125
197 124
198 123
198 122
199 121
200 120
200 119
201 118
202 117
202 116
203 115
204 114
204 113
205 112
206 111
207 110
207 109
208 108
209 107
210 106
210 105
211 104
212 103
213 102
214 101
215 100
215 99
216 98
217 97
218 96
219 95
220 94
221 93
222 92
223 91
224 90
225 89
226 88
227 87
228 86
229 85
230 85
231 84
232 83
233 82
234 81
235 81
236 80
237 79
238 78
239 78
240 77
241 77
242 76
243 75
244 75
245 74
246 74
247 73
248 73
249 72
250 72
251 72
252 71
253 71
254 71
255 71
256 71
257 70
258 70
259 70
260 70
261 70
262 70
263 70
264 71
265 71
266 71
267 71
268 72
269 72
270 73
271 73
272 74
273 74
274 75
275 76
276 77
277 78
278 79
279 80
280 81
281 82
282 83
283 84
284 85
284 86
285 87
286 88
287 89
287 90
288 91
289 92
290 93
290 94
291 95
292 96
293 97
293 98
294 99
295 100
296 101
297 102
297 103
298 104
299 105
300 106
301 107
301 108
302 109
303 110
304 111
305 112
306 113
307 114
307 115
308 116
309 117
310 118
311 119
312 120
313 121
314 122
314 123
315 124
316 125
317 126
318 127
