13 47
14 48
14 49
14 50
14 51
15 52
15 53
15 54
15 55
16 56
16 57
16 58
17 59
17 60
17 61
17 62
18 63
18 64
18 65
19 66
19 67
19 68
19 69
20 70
20 71
20 72
21 73
21 74
21 75
22 76
22 77
22 78
22 79
23 80
23 81
23 82
24 83
24 84
25 85
25 86
25 87
26 88
26 89
26 90
27 91
27 92
27 93
28 94
28 95
29 96
29 97
30 98
30 99
31 100
31 101
31 102
32 103
33 104
33 105
34 106
34 107
35 108
35 109
36 110
37 111
37 112
38 113
39 114
39 115
40 116
41 117
42 118
43 119
44 120
45 121
46 122
47 123
48 124
49 125
50 126
51 127
52 128
53 129
54 130
55 130
56 131
57 132
58 132
59 133
60 134
61 134
62 135
63 135
64 136
65 137
66 137
67 138
68 138
69 138
70 139
71 139
72 140
73 140
74 141
75 141
76 141
77 142
78 142
79 142
80 142
81 143
82 143
83 143
84 143
85 144
86 144
87 144
88 144
89 144
90 144
91 145
92 145
93 145
94 145
95 145
96 145
97 145
98 145
99 145
100 145
101 145
102 145
103 145
104 145
105 145
106 145
107 145
108 144
109 144
110 144
111 144
112 144
113 143
114 143
115 143
116 143
117 142
118 142
119 142
120 142
121 141
122 141
123 141
124 140
125 140
126 140
127 139
128 139
129 138
130 138
131 138
132 137
133 137
134 136
135 136
136 136
137 135
138 135
139 135
140 134
141 134
142 133
143 133
144 133
145 132
146 132
147 132
148 131
149 131
150 131
151 131
152 130
153 130
154 130
155 130
156 129
157 129
158 129
159 129
160 129
161 129
162 129
163 129
164 129
165 129
166 129
167 129
168 129
169 129
170 129
171 129
172 129
173 129
174 129
175 129
176 129
177 129
178 130
179 130
180 130
181 130
182 130
183 131
184 131
185 131
186 132
187 132
188 132
189 133
190 133
191 134
192 134
193 134
194 135
195 135
196 136
197 136
198 137
199 137
200 138
201 139
202 139
203 140
204 140
205 141
206 141
207 142
208 143
209 143
210 144
211 145
212 145
213 146
214 147
215 147
216 148
217 149
218 149
219 150
220 151
221 151
222 152
223 153
224 154
225 154
226 155
227 156
228 156
229 157
230 158
231 159
232 159
233 160
234 161
235 161
236 162
237 163
238 163
239 164
240 165
241 166
242 166
243 167
244 168
245 168
246 169
247 169
248 170
249 171
250 171
251 172
252 173
253 173
254 174
255 175
256 175
257 176
258 176
259 177
260 178
261 178
262 179
263 180
264 180
265 181
266 181
267 182
268 183
269 183
270 184
271 185
272 185
273 186
274 186
275 187
276 188
277 188
278 189
279 190
280 190
281 191
282 192
283 192
284 193
285 194
286 194
287 195
288 196
289 196
290 197
291 198
292 199
293 199
294 200
295 201
296 201
297 202
298 203
299 204
300 204
301 205
302 206
303 207
304 207
305 208
306 209
307 210
308 210
309 211
310 212
311 213
312 214
313 214
314 215
315 216
316 217
317 217
318 218
319 219
320 220
321 220
322 221
323 222
324 223
325 224
326 224
327 225
328 226
329 226
330 227
331 228
332 229
333 229
334 230
335 231
336 232
337 232
338 233
339 234
340 234
341 235
342 236
343 236
344 237
345 237
346 238
347 239
348 239
349 240
350 240
351 241
352 241
353 242
354 242
355 243
356 243
357 244
358 244
359 245
360 245
361 245
362 246
363 246
364 247
365 247
366 247
367 247
368 248
369 248
370 248
371 248
372 248
373 248
374 248
375 249
376 249
377 249
378 249
379 249
380 248
381 248
382 248
383 248
384 248
385 248
386 248
387 248
388 247
389 247
390 247
391 247
392 246
393 246
394 246
395 246
396 245
397 245
398 245
399 244
400 244
401 243
402 243
403 243
404 242
405 242
406 241
407 241
408 241
409 240
410 240
411 239
412 239
413 238
414 238
415 237
416 237
417 236
418 236
419 235
420 234
421 234
422 233
423 232
424 232
425 231
426 230
427 229
428 228
429 227
430 226
431 225
432 224
433 223
433 222
434 221
435 220
436 219
436 218
437 217
438 216
438 215
439 214
439 213
440 212
440 211
441 210
442 209
442 208
443 207
443 206
444 205
444 204
445 203
446 202
446 201
447 200
447 199
448 198
449 197
449 196
450 195
451 194
451 193
452 192
453 191
454 190
455 189
456 188
457 187
458 186
458 185
459 184
460 183
461 182
462 181
463 180
464 179
465 178
466 177
467 176
468 175
469 174
470 173
471 172
471 171
472 170
473 169
474 168
474 167
475 166
476 165
477 164
478 163
478 162
479 161
480 160
481 159
481 158
482 157
483 156
484 155
485 154
486 153
486 152
487 151
488 150
489 149
490 148
491 147
491 146
492 145
493 144
494 143
495 142
496 141
497 140
498 139
499 138
500 137
501 136
502 135
503 134
504 133
505 132
506 131
507 130
508 129
509 128
510 127
511 126
512 125
513 124
514 123
515 122
516 121
517 120
518 119
519 118
520 117
521 117
522 116
523 115
524 114
525 113
526 112
527 111
528 110
529 110
530 109
531 108
532 107
533 106
534 105
535 105
536 104
537 103
538 102
539 101
540 101
541 100
542 99
543 98
544 97
545 97
546 96
547 95
548 94
549 94
550 93
551 92
552 91
553 90
554 90
555 89
