11 30
12 31
12 32
13 33
14 34
14 35
15 36
16 37
16 38
17 39
18 40
19 41
19 42
20 43
21 44
22 45
23 46
24 47
25 48
26 48
27 49
28 50
29 50
30 51
31 51
32 52
33 52
34 53
35 53
36 53
37 54
38 54
39 54
40 54
41 55
42 55
43 55
44 56
45 56
46 56
47 57
48 57
49 57
50 58
51 58
52 59
53 59
54 60
55 60
56 61
57 61
58 62
59 62
60 63
61 64
62 64
63 65
64 66
65 66
66 67
67 68
68 68
69 69
70 70
71 70
72 71
73 72
74 73
75 73
76 74
77 75
78 75
79 76
80 77
81 77
82 78
83 78
84 79
85 80
86 80
87 81
88 81
89 82
90 82
91 83
92 83
93 84
94 84
95 84
96 85
97 85
98 86
99 86
100 86
101 86
102 87
103 87
104 87
105 87
106 87
107 87
108 87
109 88
110 88
111 88
112 87
113 87
114 87
115 87
116 87
117 87
118 87
119 87
120 88
121 88
122 88
123 88
124 89
125 89
126 90
127 90
128 91
129 92
130 93
131 93
132 94
133 95
134 95
135 96
136 97
137 97
138 98
139 98
140 99
141 99
142 100
143 100
144 101
145 101
146 102
147 102
148 102
149 103
150 103
151 103
152 104
153 104
154 105
155 105
156 105
157 106
158 106
159 106
160 106
161 107
162 107
163 107
164 108
165 108
166 108
167 108
168 109
169 109
170 109
171 109
172 110
173 110
174 110
175 110
176 110
177 111
178 111
179 111
180 111
181 111
182 111
183 111
184 111
185 111
186 111
187 111
188 111
189 111
190 111
191 111
192 111
193 111
194 111
195 111
196 111
197 111
198 111
199 111
200 111
201 110
202 110
203 110
204 110
205 110
206 110
207 110
208 109
209 109
210 109
211 109
212 109
213 108
214 108
215 108
216 108
217 107
218 107
219 107
220 107
221 106
222 106
223 106
224 105
225 105
226 105
227 105
228 104
229 104
230 104
231 103
232 103
233 103
234 102
235 102
236 102
237 101
238 101
239 101
240 100
241 100
242 99
243 99
244 99
245 98
246 98
247 98
248 97
249 97
250 96
251 96
252 96
253 95
254 95
255 94
256 94
257 94
258 93
259 93
260 92
261 92
262 91
263 91
264 91
265 90
266 90
267 90
268 89
269 89
270 88
271 88
272 88
273 87
274 87
275 87
276 87
277 86
278 86
279 86
280 86
281 85
282 85
283 85
284 85
285 85
286 85
287 85
288 85
289 85
290 85
291 85
292 85
293 85
294 85
295 85
296 85
297 85
298 85
299 86
300 86
301 86
302 86
303 87
304 87
305 87
306 88
307 88
308 89
309 89
310 90
311 90
312 91
313 92
314 92
315 93
316 94
317 95
318 96
319 96
320 97
321 98
322 99
323 100
324 101
325 102
325 103
326 104
327 105
328 106
329 107
329 108
330 109
331 110
332 111
332 112
333 113
334 114
334 115
335 116
336 117
336 118
337 119
338 120
338 121
339 122
340 123
340 124
341 125
342 126
342 127
343 128
343 129
344 130
345 131
345 132
346 133
346 134
347 135
348 136
348 137
349 138
349 139
350 140
351 141
351 142
352 143
353 144
353 145
354 146
355 147
355 148
356 149
357 150
357 151
358 152
359 153
360 154
361 155
362 156
363 157
364 158
365 158
366 159
367 160
368 160
369 160
370 160
371 160
372 160
373 160
374 160
375 159
376 159
377 158
378 157
379 157
380 156
381 155
382 154
383 154
384 153
385 152
386 151
387 150
388 150
389 149
390 148
391 147
392 147
393 146
394 145
395 144
396 144
397 143
398 142
399 142
400 141
401 140
402 139
403 139
404 138
405 137
406 137
407 136
408 136
