15 8
16 8
17 9
18 9
19 9
20 9
21 10
22 10
23 10
24 10
25 11
26 11
27 11
28 11
29 12
30 12
31 12
32 12
33 12
34 12
35 12
36 12
37 12
38 12
39 12
40 12
41 12
42 12
43 12
44 12
45 12
46 12
47 12
48 12
49 12
50 12
51 12
52 12
53 12
54 12
55 12
56 12
57 12
58 12
59 12
60 12
61 12
62 12
63 12
64 12
65 12
66 12
67 13
68 13
69 13
70 14
71 14
72 15
73 15
74 16
75 17
76 17
77 18
78 19
79 20
80 21
81 22
82 22
83 23
84 24
85 25
86 26
87 27
88 28
89 29
90 30
91 31
92 32
93 33
94 34
95 35
96 36
97 37
98 38
99 39
100 40
101 40
102 41
103 42
104 43
105 43
106 44
107 45
108 46
109 47
110 47
111 48
112 49
113 50
114 51
115 51
116 52
117 53
118 54
119 55
120 56
121 57
122 57
123 58
124 59
125 60
126 61
127 62
128 62
129 63
130 64
131 65
132 66
133 67
134 68
135 69
136 69
137 70
138 71
139 72
140 73
141 74
142 75
143 75
144 76
145 77
146 78
147 78
148 79
149 79
150 79
151 79
152 80
153 80
154 80
155 79
156 79
157 79
158 79
159 79
160 79
161 79
162 79
163 79
164 80
165 80
166 80
167 80
168 81
169 81
170 81
171 82
172 82
173 82
174 83
175 83
176 83
177 84
178 84
179 85
180 85
181 86
182 86
183 87
184 87
185 87
186 88
187 88
188 88
189 89
190 89
191 89
192 89
193 89
194 89
195 89
196 89
197 89
198 89
199 89
200 89
201 88
202 88
203 87
204 87
205 87
206 86
207 86
208 85
209 85
210 84
211 84
212 83
213 83
214 82
215 82
216 81
217 80
218 80
219 79
220 79
221 78
222 78
223 78
224 77
225 77
