34 3
35 3
36 4
37 5
38 6
38 7
39 8
40 9
41 10
42 11
43 12
44 13
44 14
45 15
46 16
47 17
48 18
49 19
50 20
50 21
51 22
52 23
53 24
54 25
55 26
55 27
56 28
57 29
58 30
59 31
60 32
60 33
61 34
62 35
63 36
64 37
65 38
65 39
66 40
67 41
68 42
69 43
69 44
70 45
71 46
72 47
73 48
73 49
74 50
75 51
76 52
77 53
78 54
78 55
79 56
80 57
81 58
82 59
83 60
84 61
85 62
85 63
86 64
87 65
88 66
89 67
90 68
91 69
92 70
93 71
94 72
95 73
96 74
97 75
98 76
99 76
100 77
101 78
102 79
103 80
104 80
105 81
106 82
107 83
108 83
109 84
110 85
111 86
112 86
113 87
114 87
115 88
116 89
117 89
118 90
119 91
120 91
121 92
122 92
123 93
124 93
125 94
126 95
127 95
128 96
129 96
130 97
131 97
132 98
133 99
134 99
135 100
136 100
137 101
138 101
139 102
140 103
141 103
142 104
143 105
144 105
145 106
146 107
147 107
148 108
149 109
150 110
151 110
152 111
153 112
154 113
155 114
156 115
157 116
158 117
159 118
160 119
161 120
162 121
163 122
164 123
164 124
165 125
166 126
167 127
168 128
168 129
169 130
170 131
171 132
171 133
172 134
173 135
174 136
174 137
175 138
176 139
177 140
177 141
178 142
179 143
180 144
181 145
181 146
182 147
183 148
184 149
184 150
185 151
186 152
187 153
188 154
188 155
189 156
190 157
191 158
192 159
193 160
193 161
194 162
195 163
196 164
197 165
198 166
199 167
200 168
201 169
201 170
202 171
203 172
204 173
205 174
206 175
207 176
208 177
209 178
210 178
211 179
212 180
213 181
214 182
215 183
216 183
217 184
218 185
219 185
220 186
221 187
222 187
223 188
224 188
225 189
226 189
227 189
228 190
229 190
230 190
231 190
232 190
233 190
234 190
235 190
236 190
237 190
238 190
239 189
240 189
241 189
242 188
243 188
244 187
245 186
246 186
247 185
248 184
249 184
250 183
251 182
252 181
253 180
254 179
255 178
256 177
257 176
258 175
259 174
259 173
260 172
261 171
262 170
263 169
263 168
264 167
265 166
265 165
266 164
267 163
267 162
268 161
269 160
269 159
270 158
271 157
271 156
272 155
273 154
273 153
274 152
274 151
275 150
276 149
