24 10
25 11
26 11
27 12
28 12
29 12
30 13
31 13
32 14
33 14
34 15
35 15
36 16
37 16
38 16
39 17
40 17
41 18
42 18
43 19
44 19
45 19
46 20
47 20
48 21
49 21
50 21
51 22
52 22
53 23
54 23
55 24
56 24
57 24
58 25
59 25
60 26
61 26
62 27
63 27
64 28
65 29
66 29
67 30
68 30
69 31
70 32
71 32
72 33
73 34
74 34
75 35
76 36
77 37
78 37
79 38
80 39
81 40
82 41
83 42
84 43
85 44
86 45
87 46
88 47
89 48
89 49
90 50
91 51
92 52
93 53
93 54
94 55
95 56
96 57
97 58
97 59
98 60
99 61
100 62
100 63
101 64
102 65
103 66
103 67
104 68
105 69
105 70
106 71
107 72
108 73
109 74
109 75
110 76
111 77
112 78
113 79
113 80
114 81
115 82
116 83
117 84
118 85
119 86
120 87
121 88
122 89
123 90
124 91
125 92
126 93
127 94
128 95
129 96
130 97
131 98
132 99
133 99
134 100
135 101
136 101
137 102
138 103
139 103
140 104
141 104
142 105
143 105
144 106
145 106
146 106
147 107
148 107
149 107
150 108
151 108
152 108
153 108
154 108
155 108
156 108
157 108
158 108
159 108
160 107
161 107
162 107
163 107
164 107
165 106
166 106
167 106
168 105
169 105
170 105
171 105
172 104
173 104
174 103
175 103
176 103
177 102
178 102
179 102
180 101
181 101
182 100
183 100
184 100
185 99
186 99
187 99
188 98
189 98
190 98
191 97
192 97
193 97
194 96
195 96
196 96
197 96
198 95
199 95
200 95
201 95
202 95
203 95
204 95
205 94
206 94
207 94
208 94
209 94
210 94
211 95
212 95
213 95
214 95
215 95
216 95
217 95
218 96
219 96
220 96
221 96
222 97
223 97
224 97
225 98
226 98
227 98
228 99
229 99
230 99
231 100
232 100
233 101
234 101
235 102
236 102
237 103
238 103
239 103
240 104
241 104
242 105
243 105
244 106
245 106
246 107
247 107
248 108
249 108
250 109
251 109
252 109
253 110
254 110
255 110
256 111
257 111
258 111
259 111
260 112
261 112
262 112
263 111
264 111
265 111
266 111
267 110
268 110
269 109
270 108
271 108
272 107
273 106
274 105
275 105
276 104
277 103
278 102
279 102
280 101
281 101
282 101
283 101
284 101
285 101
286 101
287 101
288 102
289 102
290 103
291 104
292 104
293 105
294 106
295 107
296 108
297 109
298 110
299 111
300 112
300 113
301 114
302 115
303 116
304 117
305 118
306 119
307 120
307 121
308 122
309 123
310 124
311 124
312 125
313 126
314 126
315 127
316 127
317 127
318 127
319 127
320 126
321 126
322 126
323 125
324 125
325 124
326 124
327 124
328 124
329 124
330 123
331 123
332 123
333 123
334 123
335 123
336 124
337 124
338 124
339 124
340 124
341 124
342 124
343 124
344 124
345 123
346 123
347 123
348 123
349 122
350 122
351 122
352 121
353 121
354 120
355 119
356 119
357 118
358 117
359 116
360 115
361 114
362 113
363 112
364 111
365 110
365 109
366 108
367 107
368 106
368 105
369 104
370 103
371 102
371 101
372 100
373 99
373 98
374 97
375 96
375 95
376 94
377 93
378 92
379 91
379 90
380 89
381 88
382 87
383 86
384 85
385 84
386 83
387 82
388 81
389 81
390 80
391 79
392 78
393 78
394 77
395 77
396 76
397 75
398 75
399 75
400 74
401 74
402 73
403 73
404 73
405 72
406 72
407 72
408 72
409 71
410 71
411 71
412 71
413 71
414 71
415 70
416 70
417 70
418 70
419 70
420 70
421 70
422 70
423 70
424 70
425 70
426 70
427 70
428 70
429 70
430 70
431 70
432 70
433 70
434 70
435 70
436 70
437 70
438 70
439 70
440 69
441 69
442 69
443 69
444 69
445 69
446 69
447 69
448 69
449 69
450 69
451 69
452 69
453 69
454 69
455 70
456 70
457 70
458 71
459 71
460 72
461 72
462 73
463 73
464 74
465 75
