11 22
12 23
13 23
14 24
15 24
16 25
17 26
18 26
19 27
20 27
21 28
22 28
23 29
24 29
25 30
26 31
27 31
28 32
29 33
30 33
31 34
32 35
33 36
34 36
35 37
36 38
37 39
38 40
39 41
40 42
41 42
42 43
43 44
44 45
45 46
46 47
47 48
48 49
49 50
50 51
51 52
52 53
53 54
54 55
55 56
56 57
57 58
58 59
59 60
60 61
61 62
62 63
63 64
64 65
65 66
66 67
67 68
68 69
69 69
70 70
71 71
72 72
73 72
74 73
75 74
76 74
77 75
78 75
79 76
80 76
81 77
82 77
83 77
84 78
85 78
86 78
87 78
88 79
89 79
90 79
91 79
92 79
93 79
94 79
95 79
96 79
97 79
98 79
99 79
100 79
101 78
102 78
103 78
104 78
105 78
106 77
107 77
108 77
109 77
110 76
111 76
112 76
113 75
114 75
115 75
116 74
117 74
118 74
119 73
120 73
121 73
122 72
123 72
124 71
125 71
126 71
127 70
128 70
129 70
130 69
131 69
132 69
133 69
134 68
135 68
136 68
137 68
138 67
139 67
140 67
141 67
142 67
143 66
144 66
145 66
146 66
147 66
148 66
149 66
150 66
151 66
152 66
153 66
154 66
155 66
156 66
157 67
158 67
159 67
160 67
161 68
162 68
163 68
164 69
165 69
166 69
167 70
168 70
169 71
170 71
171 72
172 72
173 73
174 73
175 74
176 74
177 75
178 75
179 76
180 77
181 77
182 78
183 78
184 79
185 80
186 80
187 81
188 81
189 82
190 83
191 83
192 84
193 84
194 85
195 85
196 86
197 86
198 87
199 87
200 87
201 88
202 88
203 88
204 89
205 89
206 89
207 89
208 89
209 89
210 89
211 89
212 89
213 89
214 89
215 89
216 89
217 89
218 88
219 88
220 88
221 87
222 87
223 86
224 86
225 86
226 85
227 85
228 84
229 84
230 84
231 83
232 83
233 83
234 82
235 82
236 82
237 82
238 82
239 82
240 82
241 82
242 82
243 83
244 83
245 83
246 84
247 84
248 84
249 85
250 85
251 86
252 86
253 87
254 88
255 89
256 89
257 90
258 91
259 92
260 93
261 94
262 94
263 95
264 96
265 97
266 98
267 99
268 100
269 101
270 102
