10 35
11 36
12 37
13 38
14 39
15 40
16 41
17 42
18 43
19 44
19 45
20 46
21 47
22 48
23 49
24 50
25 51
25 52
26 53
27 54
28 55
29 56
30 57
30 58
31 59
32 60
33 61
34 62
34 63
35 64
36 65
37 66
38 67
38 68
39 69
40 70
41 71
42 72
42 73
43 74
44 75
45 76
46 77
46 78
47 79
48 80
49 81
50 82
51 83
52 84
52 85
53 86
54 87
55 88
56 89
57 90
58 91
59 92
60 93
61 94
62 95
63 96
64 97
65 98
66 99
67 100
68 101
69 102
70 103
71 104
72 105
73 106
74 107
75 107
76 108
77 109
78 110
79 111
80 112
81 113
82 114
83 114
84 115
85 116
86 117
87 118
88 119
89 120
90 121
91 122
92 123
93 124
94 125
95 126
96 126
97 127
98 128
99 129
100 130
101 131
102 132
103 133
104 134
105 135
106 136
107 137
108 138
109 139
110 140
111 141
112 142
113 142
114 143
115 144
116 145
117 146
118 147
119 148
120 149
121 149
122 150
123 151
124 152
125 152
126 153
127 154
128 155
129 155
130 156
131 157
132 157
133 158
134 158
135 159
136 159
137 160
138 160
139 160
140 161
141 161
142 161
143 161
144 161
145 162
146 161
147 161
148 161
149 161
150 161
151 160
152 160
153 159
154 159
155 158
156 158
157 157
158 156
159 155
160 154
161 153
162 152
163 151
164 150
165 149
165 148
166 147
167 146
168 145
168 144
169 143
170 142
170 141
171 140
171 139
172 138
172 137
173 136
173 135
174 134
175 133
175 132
176 131
176 130
177 129
177 128
178 127
178 126
179 125
179 124
180 123
180 122
181 121
181 120
182 119
182 118
183 117
183 116
184 115
184 114
185 113
185 112
186 111
187 110
187 109
188 108
188 107
189 106
190 105
190 104
191 103
192 102
192 101
193 100
194 99
