24 42
25 42
26 43
27 44
28 44
29 45
30 46
31 46
32 47
33 47
34 48
35 49
36 49
37 50
38 51
39 51
40 52
41 53
42 53
43 54
44 55
45 55
46 56
47 57
48 58
49 58
50 59
51 60
52 61
53 62
54 63
55 64
56 65
57 66
58 67
59 68
60 69
61 70
62 71
63 72
64 73
65 74
66 75
66 76
67 77
68 78
69 79
70 80
70 81
71 82
72 83
72 84
73 85
74 86
74 87
75 88
76 89
76 90
77 91
78 92
78 93
79 94
79 95
80 96
81 97
81 98
82 99
82 100
83 101
84 102
84 103
85 104
85 105
86 106
87 107
87 108
88 109
89 110
89 111
90 112
91 113
92 114
93 115
94 116
95 117
96 118
97 118
98 119
99 120
100 120
101 120
102 121
103 121
104 121
105 122
106 122
107 122
108 122
109 122
110 122
111 122
112 122
113 121
114 121
115 121
116 120
117 120
118 119
119 119
120 118
121 118
122 117
123 117
124 117
125 116
126 116
127 115
128 115
129 115
130 114
131 114
132 114
133 114
134 114
135 113
136 113
137 113
138 113
139 113
140 113
141 113
142 114
143 114
144 114
145 114
146 114
147 114
148 115
149 115
150 115
151 116
152 116
153 116
154 117
155 117
156 118
157 118
158 118
159 119
160 119
161 120
162 120
163 121
164 121
165 121
166 122
167 122
168 123
169 123
170 123
171 124
172 124
173 124
174 125
175 125
176 125
177 125
178 126
179 126
180 126
181 126
182 126
183 125
184 125
185 125
186 125
187 124
188 124
189 124
190 123
191 123
192 122
193 122
194 121
195 121
196 120
197 120
198 119
199 119
200 119
201 118
202 118
203 118
204 117
205 117
206 117
207 117
208 117
209 117
210 117
211 117
212 117
213 117
214 117
215 117
216 117
217 117
218 117
219 118
220 118
221 118
222 119
223 119
224 119
225 120
226 120
227 121
228 121
229 121
230 122
231 122
232 123
233 123
234 124
235 124
236 125
237 125
238 125
239 126
240 126
241 126
242 127
243 127
244 127
245 128
246 128
247 128
248 128
249 129
250 129
251 129
252 129
253 129
254 129
255 129
256 129
257 129
258 129
259 129
260 129
261 128
262 128
263 128
264 128
265 127
266 127
267 126
268 126
269 125
270 124
271 124
272 123
273 122
274 121
275 120
276 120
277 119
278 118
279 117
280 116
281 115
282 115
283 114
284 113
285 113
286 112
287 111
288 111
289 111
290 110
291 110
292 109
293 109
294 109
295 109
296 108
297 108
298 108
299 108
300 108
301 108
302 108
303 108
304 108
305 109
306 109
307 109
308 110
309 110
310 111
311 111
312 112
313 112
314 113
315 113
316 114
317 114
318 115
319 116
320 116
321 117
322 118
323 118
324 119
325 120
326 120
327 121
328 121
329 122
330 123
331 123
332 124
333 124
334 125
335 126
336 126
337 127
338 127
339 128
340 128
341 129
342 129
343 129
344 130
345 130
346 131
347 131
348 131
349 131
350 132
351 132
352 132
353 133
354 133
355 133
356 133
357 133
358 133
359 133
360 133
361 133
362 133
363 133
364 133
365 133
366 133
367 133
368 133
369 132
370 132
371 132
372 132
373 131
374 131
375 131
376 131
377 130
378 130
379 130
380 129
381 129
382 129
383 128
384 128
385 127
386 127
387 127
388 126
389 126
390 125
391 125
392 125
393 124
394 124
395 123
396 123
397 123
398 122
399 122
400 121
401 121
402 121
403 120
404 120
405 119
406 119
407 119
408 118
409 118
410 118
411 117
412 117
413 117
414 116
415 116
416 116
417 116
418 115
419 115
420 115
421 115
422 115
423 115
424 115
425 115
426 114
427 114
428 114
429 114
430 114
431 114
432 114
433 114
434 114
435 114
436 114
437 114
438 114
439 114
440 114
441 114
442 114
443 114
444 114
445 114
446 114
447 113
448 113
449 113
450 113
451 113
452 112
453 112
454 112
455 112
456 111
457 111
458 111
459 110
460 110
461 109
462 109
463 109
464 108
465 108
466 107
467 107
468 106
469 106
470 105
471 105
472 104
473 104
474 103
475 103
476 102
477 102
478 101
479 101
480 100
481 100
482 99
483 99
484 98
485 98
486 97
487 97
488 96
489 96
490 95
491 95
492 94
493 93
494 93
495 92
496 92
497 91
498 91
499 90
500 90
501 89
502 89
503 88
504 88
505 87
506 87
507 86
508 86
509 85
510 85
511 84
512 84
513 83
514 83
515 83
516 82
517 82
518 81
519 81
520 80
521 80
522 79
523 79
524 79
525 78
526 78
527 77
528 77
529 77
530 76
531 76
532 76
533 75
534 75
535 75
536 74
537 74
538 74
539 73
540 73
541 73
542 73
543 72
544 72
545 72
546 72
547 72
548 71
549 71
550 71
551 71
552 71
553 71
554 71
555 71
556 71
557 71
558 71
559 71
560 71
561 71
562 71
563 71
564 72
565 72
566 72
567 72
568 72
569 73
570 73
571 73
572 73
573 74
574 74
575 74
576 75
577 75
578 76
579 76
580 76
581 77
582 77
583 78
584 78
585 78
586 79
587 79
588 80
589 80
590 81
591 81
592 82
593 82
594 83
595 83
596 84
597 84
598 85
599 86
