22 30
23 31
24 32
25 32
26 33
27 33
28 34
29 34
30 35
31 36
32 36
33 37
34 37
35 38
36 39
37 39
38 40
39 40
40 41
41 42
42 42
43 43
44 44
45 44
46 45
47 46
48 46
49 47
50 48
51 48
52 49
53 50
54 50
55 51
56 51
57 52
58 52
59 53
60 53
61 53
62 54
63 54
64 54
65 54
66 54
67 54
68 54
69 54
70 54
71 54
72 54
73 54
74 54
75 54
76 54
77 53
78 53
79 53
80 53
81 53
82 53
83 53
84 53
85 52
86 52
87 52
88 52
89 52
90 52
91 52
92 52
93 52
94 52
95 52
96 52
97 52
98 52
99 53
100 53
101 53
102 53
103 53
104 53
105 54
106 54
107 54
108 54
109 55
110 55
111 55
112 56
113 56
114 57
115 57
116 57
117 58
118 58
119 59
120 59
121 60
122 61
123 61
124 62
125 62
126 63
127 64
128 64
129 65
130 66
131 67
132 68
133 68
134 69
135 70
136 71
137 72
138 73
139 74
140 74
141 75
142 76
143 77
144 78
145 79
146 80
147 81
148 82
149 83
150 83
151 84
152 85
153 86
154 87
155 88
156 89
157 89
158 90
159 91
160 92
161 93
162 94
163 94
164 95
165 96
166 97
167 98
168 98
169 99
170 100
171 101
172 102
173 102
174 103
175 104
176 105
177 105
178 106
179 107
180 108
