22 70
23 70
24 70
25 70
26 71
27 71
28 71
29 71
30 71
31 71
32 72
33 72
34 72
35 72
36 72
37 73
38 73
39 73
40 73
41 74
42 74
43 74
44 74
45 75
46 75
47 75
48 75
49 76
50 76
51 76
52 77
53 77
54 77
55 78
56 78
57 79
58 79
59 79
60 80
61 80
62 81
63 81
64 81
65 82
66 82
67 83
68 83
69 84
70 84
71 85
72 85
73 86
74 86
75 87
76 87
77 88
78 88
79 89
80 89
81 90
82 91
83 91
84 92
85 92
86 93
87 94
88 94
89 95
90 95
91 96
92 97
93 97
94 98
95 98
96 99
97 99
98 100
99 101
100 101
101 102
102 102
103 103
104 103
105 104
106 104
107 105
108 105
109 106
110 106
111 107
112 107
113 108
114 108
115 108
116 109
117 109
118 109
119 110
120 110
121 110
122 111
123 111
124 111
125 112
126 112
127 112
128 112
129 113
130 113
131 113
132 113
133 113
134 113
135 113
136 114
137 114
138 114
139 114
140 114
141 114
142 114
143 114
144 114
145 113
146 113
147 113
148 113
149 113
150 113
151 113
152 112
153 112
154 112
155 112
156 111
157 111
158 111
159 110
160 110
161 110
162 109
163 109
164 109
165 108
166 108
167 108
168 107
169 107
170 107
171 106
172 106
173 106
174 105
175 105
176 105
177 104
178 104
179 104
180 104
181 103
182 103
183 103
184 103
185 103
186 103
187 103
188 103
189 102
190 102
191 102
192 102
193 102
194 102
195 103
196 103
197 103
198 103
199 103
200 103
201 104
202 104
203 104
204 105
205 105
206 106
207 106
208 106
209 107
210 107
211 108
212 108
213 109
214 109
215 110
216 110
217 111
218 111
219 112
220 112
221 113
222 113
223 113
224 114
225 114
226 115
227 115
228 115
229 116
230 116
231 116
232 117
233 117
234 117
235 118
236 118
237 118
238 119
239 119
240 119
241 119
242 120
243 120
244 120
245 120
246 120
247 120
248 121
249 121
250 121
251 121
252 121
253 121
254 121
255 122
256 122
257 122
258 122
259 122
260 123
261 123
262 123
263 123
264 123
265 124
266 124
267 124
268 125
269 125
270 126
271 126
272 126
273 127
274 127
275 128
276 128
277 129
278 130
279 130
280 131
281 132
282 132
283 133
284 134
285 134
286 135
287 136
288 137
289 137
290 138
291 139
292 140
293 141
294 141
295 142
296 143
297 144
298 145
299 146
300 146
301 147
302 148
303 149
303 150
