14 64
15 65
15 66
16 67
16 68
17 69
17 70
18 71
18 72
19 73
19 74
19 75
20 76
20 77
21 78
21 79
22 80
22 81
23 82
23 83
24 84
24 85
24 86
25 87
25 88
26 89
26 90
27 91
27 92
28 93
28 94
29 95
29 96
30 97
30 98
31 99
31 100
32 101
32 102
33 103
33 104
34 105
34 106
35 107
35 108
36 109
36 110
37 111
37 112
38 113
38 114
39 115
40 116
40 117
41 118
41 119
42 120
42 121
43 122
44 123
44 124
45 125
46 126
46 127
47 128
48 129
48 130
49 131
50 132
51 133
52 134
52 135
53 136
54 137
55 138
56 139
57 140
58 141
59 142
60 143
61 144
62 145
63 146
64 147
65 148
66 149
67 149
68 150
69 151
70 152
71 152
72 153
73 154
74 154
75 155
76 155
77 156
78 156
79 157
80 157
81 158
82 158
83 159
84 159
85 160
86 160
87 160
88 161
89 161
90 161
91 162
92 162
93 162
94 163
95 163
96 163
97 163
98 164
99 164
100 164
101 164
102 165
103 165
104 165
105 166
106 166
107 166
108 167
109 167
110 168
111 168
112 168
113 169
114 170
115 170
116 171
117 172
118 172
119 173
120 174
121 175
122 176
123 177
124 178
125 179
126 180
127 181
127 182
128 183
129 184
130 185
130 186
131 187
132 188
133 189
134 190
134 191
135 192
136 193
137 194
138 195
139 196
139 197
140 198
141 199
142 200
143 201
144 201
145 202
146 203
147 204
148 204
149 205
150 205
151 206
152 206
153 206
154 207
155 207
156 207
157 207
158 207
159 207
160 207
161 207
162 207
163 207
164 206
165 206
166 206
167 205
168 205
169 205
170 204
171 204
172 204
173 203
174 203
175 202
176 202
177 201
178 201
179 200
180 200
181 199
182 199
183 198
184 198
185 197
186 197
187 196
188 196
189 195
190 195
191 194
192 194
193 193
194 193
195 193
196 192
197 192
198 191
199 191
200 191
201 190
202 190
203 190
204 189
205 189
206 189
207 189
208 188
209 188
210 188
211 188
212 188
213 188
214 188
215 187
216 187
217 187
218 187
219 187
220 187
221 187
222 187
223 187
224 187
225 187
226 187
227 187
228 188
229 188
230 188
231 188
232 188
233 188
234 188
235 189
236 189
237 189
238 190
239 190
240 190
241 191
242 191
243 191
244 192
245 192
246 193
247 193
248 194
249 194
250 195
251 195
252 196
253 196
254 197
255 197
256 198
257 198
258 199
259 199
260 200
261 200
262 201
263 201
264 202
265 202
266 203
267 203
268 204
269 204
270 205
271 205
272 206
273 206
274 206
275 207
276 207
277 207
278 208
279 208
280 209
281 209
282 209
283 210
284 210
285 210
286 211
287 211
288 211
289 212
290 212
291 212
292 213
293 213
294 213
295 214
296 214
297 214
298 215
299 215
300 215
301 216
302 216
303 216
304 217
305 217
306 217
307 218
308 218
309 218
310 219
311 219
312 219
313 220
314 220
315 220
316 221
317 221
318 221
319 222
320 222
321 222
322 222
323 222
324 223
325 223
326 223
327 223
328 223
329 223
330 223
331 223
332 223
333 223
334 223
335 223
336 223
337 223
338 223
339 223
340 222
341 222
342 222
343 222
344 221
345 221
346 220
347 220
348 220
349 219
350 218
351 218
352 217
353 217
354 216
355 215
356 214
357 214
358 213
359 212
360 211
361 210
362 209
363 208
364 207
365 207
366 206
367 205
368 204
368 203
369 202
370 201
371 200
372 199
373 198
374 197
375 196
376 195
377 194
378 193
379 192
379 191
380 190
381 189
382 188
383 187
384 186
385 185
385 184
386 183
387 183
