6 26
7 27
8 28
8 29
9 30
10 31
10 32
11 33
12 34
13 35
13 36
14 37
15 38
16 39
16 40
17 41
18 42
19 43
20 44
21 45
22 46
23 46
24 47
25 48
26 48
27 48
28 48
29 48
30 48
31 47
32 47
33 47
34 46
35 46
36 45
37 45
38 45
39 44
40 44
41 44
42 44
43 44
44 44
45 44
46 44
47 45
48 45
49 46
50 46
51 46
52 47
53 48
54 48
55 49
56 49
57 50
58 50
59 51
60 51
61 52
62 52
63 53
64 53
65 54
66 54
67 55
68 55
69 56
70 56
71 57
72 57
73 57
74 58
75 58
76 59
77 59
78 60
79 60
80 61
81 62
82 63
83 64
84 65
85 66
86 67
87 68
88 69
89 70
90 71
91 72
92 73
93 74
94 74
95 75
96 76
97 76
98 77
99 77
100 77
101 78
102 78
103 78
104 79
105 79
106 79
107 79
108 79
109 79
110 79
111 79
112 79
113 79
114 79
115 79
116 79
117 79
118 79
119 79
120 78
121 78
122 78
123 78
124 78
125 77
126 77
127 77
128 77
129 77
130 77
131 76
132 76
133 76
134 76
135 76
136 76
137 76
138 76
139 76
140 76
141 76
142 76
143 76
144 76
145 76
146 76
147 76
148 76
149 76
150 77
151 77
152 77
153 77
154 77
155 77
156 77
157 78
158 78
159 78
160 78
161 78
162 78
163 78
164 78
165 79
166 79
167 78
168 78
169 78
170 78
171 78
172 77
173 77
174 77
175 76
176 76
177 75
178 75
179 74
180 74
181 73
182 72
183 72
184 71
185 71
186 70
187 70
188 69
189 69
190 68
191 68
192 67
193 67
194 66
195 66
196 65
197 65
198 65
199 64
200 64
