8 53
9 54
10 55
10 56
10 57
11 58
11 59
11 60
12 61
12 62
12 63
13 64
13 65
13 66
14 67
14 68
15 69
15 70
15 71
16 72
16 73
17 74
17 75
17 76
18 77
18 78
19 79
19 80
20 81
20 82
20 83
21 84
21 85
22 86
22 87
23 88
23 89
24 90
24 91
25 92
25 93
26 94
27 95
27 96
28 97
28 98
29 99
30 100
30 101
31 102
31 103
32 104
33 105
33 106
34 107
35 108
36 109
36 110
37 111
38 112
38 113
39 114
40 115
41 116
41 117
42 118
43 119
44 120
44 121
45 122
46 123
47 124
47 125
48 126
49 127
50 128
50 129
51 130
52 131
53 132
54 133
54 134
55 135
56 136
57 137
58 138
58 139
59 140
60 141
61 142
62 143
62 144
63 145
64 146
65 147
66 148
67 149
68 150
69 151
70 152
71 153
72 154
73 155
74 156
75 157
76 157
77 158
78 159
79 159
80 160
81 160
82 161
83 161
84 162
85 162
86 162
87 163
88 163
