9 69
9 70
10 71
10 72
11 73
11 74
12 75
12 76
13 77
13 78
14 79
14 80
15 81
15 82
16 83
16 84
17 85
17 86
18 87
18 88
19 89
19 90
20 91
20 92
21 93
21 94
22 95
23 96
23 97
24 98
24 99
25 100
26 101
26 102
27 103
28 104
29 105
29 106
30 107
31 108
32 109
32 110
33 111
34 112
35 113
36 114
37 115
38 116
39 117
40 118
41 119
42 120
43 120
44 121
45 122
46 122
47 123
48 124
49 124
50 125
51 125
52 125
53 126
54 126
55 127
56 127
57 127
58 127
59 127
60 128
61 128
62 128
63 128
64 128
65 128
66 128
67 128
68 128
69 128
70 127
71 127
72 127
73 127
74 126
75 126
76 126
77 125
78 125
79 125
80 124
81 124
82 123
83 123
84 122
85 122
86 121
87 120
88 120
89 119
90 119
91 118
92 117
93 117
94 116
95 116
96 115
97 115
98 114
99 114
100 113
101 113
102 112
103 112
104 111
105 111
106 111
107 110
108 110
109 110
110 110
111 109
112 109
113 109
114 109
115 108
116 108
117 108
118 108
119 107
120 107
121 107
122 106
123 106
124 106
125 105
126 105
127 104
128 103
129 103
130 102
131 101
132 100
133 100
134 99
135 98
136 97
137 96
138 95
139 94
140 93
141 92
142 92
143 91
144 90
145 89
146 88
147 87
148 86
149 85
150 84
151 83
152 83
153 82
154 81
155 80
156 79
157 79
158 78
159 77
160 76
161 76
162 75
163 75
164 74
165 74
166 73
167 73
168 72
169 72
170 71
171 71
172 71
173 71
174 71
175 70
176 70
177 70
178 70
179 70
180 70
181 70
182 70
183 70
184 70
185 71
186 71
187 71
188 71
189 72
190 72
191 72
192 73
193 73
194 74
195 74
196 75
197 76
198 76
199 77
200 78
201 79
202 80
203 80
204 81
205 82
206 83
207 84
208 85
209 86
209 87
210 88
211 89
212 90
213 91
214 92
215 93
216 94
217 95
217 96
218 97
219 98
220 99
221 100
222 101
223 102
224 103
225 104
226 105
227 106
228 107
229 108
230 109
231 110
232 111
233 112
234 113
235 113
236 114
237 115
238 116
239 117
240 118
241 119
242 120
243 121
244 122
245 123
246 123
247 124
248 125
249 126
250 127
251 128
252 129
253 130
254 130
255 131
256 132
257 133
258 133
259 134
260 134
261 135
262 136
263 136
264 136
265 137
266 137
267 138
268 138
269 139
270 139
271 140
272 140
273 141
274 141
275 142
276 142
277 143
278 144
279 144
280 145
281 145
282 146
283 146
284 147
285 147
286 148
287 148
288 148
289 149
290 149
291 149
292 150
293 150
294 150
295 150
296 151
297 151
298 151
299 151
300 151
301 151
302 151
303 152
304 152
305 152
306 152
307 152
308 152
309 152
310 152
311 152
312 151
313 151
314 151
315 151
316 150
317 150
318 149
319 148
320 147
321 146
322 145
323 144
324 143
325 142
326 141
326 140
327 139
328 138
328 137
329 136
330 135
330 134
331 133
332 132
332 131
333 130
333 129
334 128
335 127
335 126
336 125
336 124
337 123
338 122
338 121
339 120
340 119
341 118
341 117
342 116
343 115
344 115
345 114
346 113
347 113
348 113
349 112
350 112
351 112
352 112
353 111
354 111
355 111
356 110
357 110
358 109
359 108
360 108
361 107
362 106
363 106
364 105
365 104
366 103
367 102
368 102
369 101
370 100
371 99
372 98
373 97
374 96
375 96
376 95
377 94
378 93
379 93
380 92
381 91
382 90
383 90
384 89
385 89
386 88
387 88
388 87
389 87
390 86
391 86
392 85
393 85
394 85
395 84
396 84
397 84
398 83
399 83
400 83
401 83
402 83
403 82
404 82
405 82
406 82
407 82
408 81
409 81
410 81
411 81
412 81
413 81
414 81
415 81
416 81
417 80
418 80
419 80
420 80
421 80
422 80
423 80
424 80
425 80
426 80
427 80
428 80
429 80
430 80
431 80
432 80
433 80
434 80
435 80
436 80
437 80
438 80
439 80
440 80
441 80
442 80
443 80
444 80
445 80
446 80
447 80
448 80
449 80
450 80
451 80
452 80
453 80
454 80
455 80
456 79
457 79
458 79
459 79
460 79
461 79
462 79
463 79
464 78
465 78
466 78
467 78
468 77
469 77
470 77
471 77
472 76
473 76
474 76
475 75
476 75
477 75
478 74
479 74
480 74
