12 8
13 9
13 10
14 11
14 12
15 13
15 14
16 15
17 16
17 17
18 18
18 19
19 20
19 21
20 22
21 23
21 24
22 25
23 26
23 27
24 28
25 29
25 30
26 31
27 32
28 33
28 34
29 35
30 36
31 37
31 38
32 39
33 40
33 41
34 42
34 43
35 44
36 45
36 46
37 47
37 48
38 49
38 50
39 51
40 52
40 53
41 54
42 55
42 56
43 57
44 58
45 59
46 59
47 60
48 60
49 60
50 60
51 60
52 61
53 61
54 61
55 61
56 61
57 61
58 62
59 62
60 62
61 63
62 63
63 63
64 63
65 63
66 63
67 63
68 63
69 63
70 63
71 63
72 63
73 63
74 63
75 63
76 63
77 63
78 63
79 63
80 63
81 63
82 64
83 64
84 64
85 65
86 66
87 66
88 67
89 68
90 69
91 69
92 70
93 71
94 71
95 72
96 72
97 72
98 72
99 72
100 72
101 71
102 71
103 70
104 70
105 69
106 69
107 68
108 67
109 67
110 67
111 66
112 66
113 66
114 66
115 66
116 66
117 66
118 66
119 67
120 67
121 68
122 69
123 70
124 70
125 71
126 72
127 72
128 73
129 73
130 74
131 74
132 74
133 74
134 74
135 74
136 74
137 75
138 75
139 75
140 75
141 75
142 76
143 76
144 76
145 76
146 77
147 77
148 78
149 78
150 78
151 79
152 79
153 79
154 80
155 80
156 81
157 81
158 81
159 82
160 82
161 82
162 83
163 83
164 84
165 84
166 85
167 85
168 86
169 86
170 87
171 87
172 87
173 88
174 88
175 87
176 87
177 86
178 85
179 84
180 83
181 82
182 81
183 80
184 79
184 78
185 77
186 76
187 75
187 74
188 73
189 72
190 71
190 70
191 69
192 68
193 67
194 66
195 66
196 65
197 64
198 63
199 63
200 62
201 62
202 62
203 61
204 61
205 61
206 61
207 61
208 61
209 61
210 61
211 61
212 62
213 62
214 62
215 62
216 63
217 63
218 63
219 64
220 64
221 65
222 65
223 66
224 67
225 67
226 68
227 69
228 70
229 71
230 72
231 73
232 74
233 75
233 76
234 77
235 78
235 79
236 80
237 81
237 82
