39 70
40 70
41 71
42 72
43 73
44 74
44 75
45 76
46 77
47 78
48 79
48 80
49 81
50 82
51 83
52 84
53 85
54 86
54 87
55 88
56 89
57 90
58 91
59 92
59 93
60 94
61 95
62 96
63 97
64 98
65 99
66 100
66 101
67 102
68 103
69 104
70 105
71 106
72 107
73 108
74 109
75 110
76 111
77 112
78 113
79 114
80 115
81 116
82 117
83 118
84 119
85 120
86 121
87 122
88 123
89 123
90 124
91 125
92 126
93 127
94 127
95 128
96 129
97 130
98 130
99 131
100 132
101 133
102 133
103 134
104 135
105 135
106 136
107 136
108 137
109 138
110 138
111 139
112 139
113 140
114 141
115 141
116 142
117 142
118 143
119 143
120 144
121 144
122 145
123 146
124 146
125 147
126 147
127 148
128 148
129 149
130 149
131 150
132 151
133 151
134 152
135 153
136 153
137 154
138 155
139 156
140 156
141 157
142 158
143 159
144 160
145 161
145 162
146 163
147 164
148 165
149 166
150 167
150 168
151 169
152 170
153 171
154 172
154 173
155 174
156 175
157 176
158 177
159 178
160 179
161 180
162 181
163 182
164 183
165 184
166 185
167 186
168 186
169 187
170 188
171 188
172 189
173 189
174 190
175 190
176 190
177 190
178 190
179 190
180 190
181 190
182 190
183 190
184 189
185 189
186 189
187 188
188 187
189 187
190 186
191 185
192 185
193 184
194 183
195 182
196 181
197 180
198 179
199 178
200 177
201 176
202 175
203 174
204 173
205 172
205 171
206 170
207 169
208 168
209 167
210 166
210 165
211 164
212 163
213 162
214 161
214 160
215 159
216 158
217 157
218 156
218 155
219 154
220 153
221 152
222 151
223 150
223 149
224 148
225 147
226 146
227 145
228 144
228 143
229 142
230 141
231 140
232 139
233 138
234 137
235 136
236 135
237 134
238 133
239 132
240 131
241 130
241 129
242 128
243 127
244 126
245 125
246 124
247 123
248 122
249 121
250 121
251 120
252 119
253 118
254 117
255 116
256 115
257 114
258 113
259 112
260 111
261 110
262 109
263 108
264 107
265 106
266 105
267 104
268 103
269 102
270 102
271 101
