17 30
18 31
19 32
19 33
20 34
21 35
21 36
22 37
23 38
23 39
24 40
25 41
25 42
26 43
27 44
28 45
28 46
29 47
30 48
31 49
31 50
32 51
33 52
34 53
35 54
36 55
37 56
37 57
38 58
39 59
40 59
41 60
42 61
43 62
44 63
45 63
46 64
47 65
48 65
49 66
50 66
51 67
52 67
53 68
54 68
55 69
56 69
57 69
58 70
59 70
60 70
61 70
62 71
63 71
64 71
65 71
66 71
67 72
68 72
69 72
70 72
71 72
72 72
73 72
74 72
75 72
76 72
77 72
78 73
79 73
80 73
81 73
82 73
83 73
84 73
85 73
86 73
87 73
88 73
89 73
90 73
91 73
92 74
93 74
94 74
95 74
96 74
97 75
98 75
99 75
100 75
101 76
102 76
103 76
104 77
105 77
106 78
107 78
108 79
109 79
110 80
111 81
112 81
113 82
114 83
115 83
116 84
117 85
118 85
119 86
120 87
121 88
122 88
123 89
124 90
125 90
126 91
127 92
128 92
129 93
130 93
131 94
132 94
133 95
134 95
135 95
136 96
137 96
138 96
139 96
140 97
141 97
142 97
143 97
144 97
145 98
146 98
147 98
148 98
149 98
150 98
151 98
152 99
153 99
154 99
155 99
156 99
157 99
158 99
159 99
160 99
161 99
162 99
163 100
164 100
165 99
166 99
167 99
168 99
169 99
170 99
171 99
172 98
173 98
174 98
175 97
176 97
177 97
178 96
179 95
180 95
181 94
182 94
183 93
184 92
185 91
186 91
187 90
188 89
189 88
190 87
191 87
192 86
193 85
194 84
195 83
196 83
197 82
198 81
199 80
200 80
201 79
202 78
203 78
204 77
205 77
206 76
207 76
208 75
209 75
210 74
211 74
212 73
213 73
214 73
215 73
216 72
217 72
218 72
219 72
220 72
221 71
222 71
223 71
224 71
225 71
226 71
227 71
228 71
229 71
230 71
231 71
232 71
233 71
234 71
235 71
236 71
237 71
238 71
239 71
240 71
241 71
242 71
243 71
244 71
245 71
246 72
247 72
248 72
249 72
250 72
251 72
252 72
253 73
254 73
255 73
256 73
257 73
258 74
259 74
260 74
261 74
262 75
263 75
264 75
265 76
266 76
267 76
268 77
269 77
270 77
271 78
272 78
273 79
274 79
275 80
276 80
277 81
278 81
279 82
280 82
281 83
282 84
283 84
284 85
285 86
286 86
287 87
288 88
289 88
290 89
291 90
292 91
293 91
294 92
295 93
296 94
297 95
298 95
299 96
300 97
301 98
302 99
303 100
304 101
305 102
306 102
307 103
308 104
309 105
310 106
311 107
312 108
313 109
314 110
315 111
316 112
317 113
318 114
319 115
320 116
321 117
322 118
323 118
324 119
325 120
326 121
327 122
328 123
329 123
330 124
331 125
332 126
333 126
334 127
335 127
336 128
337 128
338 128
339 129
340 129
341 129
342 129
343 129
344 129
345 128
346 128
347 128
348 127
349 127
350 127
351 126
352 126
353 125
354 125
355 125
356 124
357 124
358 123
359 123
360 123
361 122
362 122
363 122
364 122
365 121
366 121
367 121
368 120
369 120
370 120
371 120
372 120
373 119
374 119
375 119
376 119
377 119
378 119
379 119
380 118
381 118
382 118
383 118
384 118
385 118
386 118
387 118
388 118
389 118
390 118
391 118
392 117
393 117
394 117
395 117
396 117
397 117
398 117
399 117
400 116
401 116
402 116
403 116
404 115
405 115
406 115
407 115
408 114
409 114
410 113
411 113
412 113
413 112
414 112
415 111
416 111
417 110
418 110
419 109
420 109
421 108
422 108
423 107
424 107
425 106
426 106
427 105
428 105
429 104
430 104
431 104
432 103
433 103
434 103
435 103
436 103
437 102
438 102
439 102
440 102
441 102
442 102
443 102
444 103
445 103
446 103
447 103
448 104
449 104
450 104
451 105
452 105
453 106
454 106
455 107
456 107
457 108
458 109
459 109
460 110
461 111
462 112
463 113
464 114
465 114
466 115
467 116
468 117
469 118
470 119
471 120
472 121
473 122
474 123
475 124
476 125
477 126
478 127
479 128
480 129
481 130
482 130
483 131
484 132
485 132
486 133
487 133
488 134
489 134
490 134
491 134
492 134
493 134
494 134
495 133
496 132
497 132
498 131
499 130
500 129
501 128
502 127
503 126
504 125
505 124
505 123
506 122
507 121
508 120
509 119
510 118
511 117
512 116
513 115
513 114
514 113
515 112
516 111
517 110
518 110
519 109
520 108
521 107
522 106
523 105
524 105
525 104
526 103
527 103
528 102
529 102
530 101
531 101
532 100
533 100
534 99
535 99
536 99
537 98
538 98
539 98
540 98
541 97
542 97
543 97
544 97
545 97
546 96
547 96
548 96
549 96
550 96
551 96
552 95
553 95
554 95
555 95
556 95
557 95
558 95
559 94
560 94
561 94
562 94
563 94
564 93
565 93
566 93
567 93
568 93
569 93
570 92
571 92
572 92
573 92
574 92
575 91
576 91
577 91
578 91
579 91
