19 48
20 49
20 50
21 51
21 52
22 53
22 54
23 55
24 56
24 57
25 58
25 59
26 60
26 61
27 62
27 63
28 64
28 65
29 66
29 67
30 68
30 69
31 70
31 71
32 72
32 73
33 74
33 75
34 76
34 77
35 78
35 79
35 80
36 81
36 82
37 83
37 84
38 85
38 86
39 87
39 88
40 89
40 90
40 91
41 92
41 93
42 94
42 95
43 96
43 97
44 98
44 99
44 100
45 101
45 102
46 103
46 104
46 105
47 106
47 107
48 108
48 109
49 110
49 111
49 112
50 113
50 114
51 115
51 116
52 117
52 118
53 119
53 120
53 121
54 122
54 123
55 124
55 125
56 126
56 127
57 128
57 129
58 130
58 131
59 132
59 133
60 134
60 135
61 136
61 137
62 138
62 139
63 140
63 141
64 142
64 143
65 144
66 145
66 146
67 147
68 148
68 149
69 150
70 151
70 152
71 153
72 154
72 155
73 156
74 157
75 158
75 159
76 160
77 161
78 162
79 163
80 164
80 165
81 166
82 167
83 168
84 169
85 170
86 171
87 172
88 173
89 174
90 175
91 176
92 177
93 177
94 178
95 179
96 180
97 181
98 181
99 182
100 183
101 184
102 184
103 185
104 186
105 186
106 187
107 188
108 188
109 189
110 189
111 190
112 190
113 191
114 192
115 192
116 193
117 193
118 193
119 194
120 194
121 195
122 195
123 196
124 196
125 196
126 197
127 197
128 197
129 197
130 198
131 198
132 198
133 198
134 198
135 198
136 198
137 199
138 198
139 198
140 198
141 198
142 198
143 197
144 197
145 197
146 196
147 196
148 195
149 194
150 193
151 192
152 191
153 190
154 189
155 188
155 187
156 186
157 185
157 184
158 183
158 182
159 181
159 180
160 179
160 178
161 177
161 176
162 175
162 174
163 173
163 172
164 171
164 170
164 169
165 168
165 167
166 166
166 165
166 164
167 163
167 162
168 161
168 160
168 159
169 158
169 157
169 156
170 155
170 154
