21 44
21 45
22 46
22 47
22 48
23 49
23 50
23 51
24 52
24 53
24 54
25 55
25 56
25 57
26 58
26 59
26 60
27 61
27 62
27 63
28 64
28 65
28 66
29 67
29 68
30 69
30 70
30 71
31 72
31 73
31 74
32 75
32 76
33 77
33 78
33 79
34 80
34 81
35 82
35 83
36 84
36 85
36 86
37 87
37 88
38 89
38 90
39 91
39 92
40 93
40 94
41 95
42 96
42 97
43 98
43 99
44 100
45 101
45 102
46 103
47 104
47 105
48 106
49 107
50 108
51 109
52 110
53 111
54 112
55 113
56 114
57 115
58 115
59 116
60 117
61 117
62 118
63 118
64 119
65 119
66 119
67 119
68 120
69 120
70 120
71 120
72 120
73 120
74 120
75 119
76 119
77 119
78 119
79 118
80 118
81 118
82 117
83 117
84 116
85 116
86 115
87 115
88 114
89 114
90 113
91 112
92 111
93 111
94 110
95 109
96 108
97 107
98 106
99 106
100 105
101 104
102 103
103 102
104 101
105 100
106 99
107 98
108 97
109 96
110 95
111 94
112 94
113 93
114 92
115 91
116 90
117 89
118 89
119 88
120 87
121 87
122 86
123 85
124 85
125 84
126 84
127 83
128 83
129 82
130 82
131 81
132 81
133 81
134 80
135 80
136 80
137 80
138 79
139 79
140 79
141 79
142 79
143 79
144 79
145 79
146 79
147 79
148 79
149 79
150 79
151 79
152 80
153 80
154 80
155 80
156 80
157 81
158 81
159 81
160 82
161 82
162 82
163 83
164 83
165 84
166 84
167 84
168 85
169 85
170 86
171 86
172 87
173 87
174 88
175 88
176 89
177 90
178 90
179 91
180 91
181 92
182 92
183 93
184 94
185 94
186 95
187 96
188 96
189 97
190 98
191 98
192 99
193 100
194 100
195 101
196 102
197 103
198 103
199 104
200 105
201 106
202 106
203 107
204 108
205 109
206 109
207 110
208 111
209 112
210 113
211 113
212 114
213 115
214 116
215 117
216 118
217 119
218 120
219 120
220 121
221 122
222 123
223 124
224 125
225 125
226 126
227 127
228 128
229 129
230 129
231 130
232 131
233 131
234 132
235 133
236 133
237 134
238 134
239 134
240 135
241 135
242 135
243 135
244 135
245 135
246 135
247 135
248 135
249 135
250 134
251 134
252 133
253 133
254 132
255 132
256 131
257 131
258 130
259 129
260 129
261 128
262 127
263 127
264 126
265 125
266 125
267 124
268 124
269 124
270 124
271 123
272 123
273 123
274 124
275 124
276 124
277 125
278 125
279 126
280 127
281 127
282 128
283 129
283 130
284 131
285 132
286 133
286 134
287 135
288 136
288 137
289 138
290 139
290 140
291 141
291 142
292 143
293 144
293 145
294 146
295 147
295 148
296 149
296 150
297 151
298 152
299 153
299 154
300 155
301 156
302 157
303 158
304 159
305 160
306 161
307 161
308 162
309 163
310 163
311 163
312 163
313 164
314 163
315 163
316 163
317 163
318 162
319 162
320 161
321 161
322 160
323 160
324 159
325 158
326 158
327 157
328 156
329 155
330 155
331 154
332 153
333 152
334 151
335 151
336 150
337 149
338 148
339 147
340 147
341 146
342 145
343 144
344 143
345 142
346 142
347 141
348 140
349 139
350 138
351 137
352 136
353 136
354 135
355 134
356 133
357 132
358 131
359 131
