4 4
5 5
6 6
7 7
7 8
8 9
9 10
9 11
10 12
11 13
11 14
12 15
13 16
13 17
14 18
15 19
16 20
16 21
17 22
18 23
19 24
19 25
20 26
21 27
21 28
22 29
23 30
24 31
24 32
25 33
26 34
27 35
27 36
28 37
29 38
30 39
30 40
31 41
32 42
33 43
34 44
34 45
35 46
36 47
37 48
38 49
39 50
39 51
40 52
41 53
42 54
43 55
44 56
45 57
46 58
47 59
48 60
49 61
50 62
51 63
52 64
53 65
54 66
55 66
56 67
57 68
58 68
59 69
60 69
61 69
62 69
63 69
64 69
65 69
66 69
67 69
68 69
69 69
70 68
71 68
72 68
73 68
74 67
75 67
76 67
77 67
78 67
79 67
80 67
81 67
82 67
83 67
84 68
85 68
86 68
87 68
88 69
89 69
90 69
91 70
92 70
93 71
94 71
95 72
96 72
97 73
98 73
99 73
100 74
101 74
102 75
103 75
104 75
105 75
106 76
107 76
108 76
109 76
110 76
111 76
112 76
113 76
114 76
115 75
116 75
117 75
118 75
119 75
120 74
121 74
122 74
123 74
124 74
125 74
126 74
127 74
128 74
129 74
130 74
131 74
132 74
133 74
134 75
135 75
136 75
137 76
138 77
139 77
140 78
141 79
142 79
143 80
144 81
145 81
146 82
147 83
148 83
149 84
