15 27
16 28
17 29
18 30
19 31
20 32
20 33
21 34
22 35
23 36
24 37
25 38
26 39
26 40
27 41
28 42
29 43
30 44
31 45
32 46
33 47
34 48
35 49
36 49
37 50
38 51
39 52
40 52
41 53
42 54
43 54
44 55
45 55
46 56
47 57
48 57
49 58
50 58
51 59
52 59
53 60
54 61
55 61
56 62
57 63
58 64
59 65
59 66
60 67
61 68
62 69
63 70
64 71
65 72
66 73
67 74
68 75
69 75
70 75
71 76
72 75
73 75
74 75
75 74
76 73
77 72
78 71
79 70
80 69
81 68
82 67
83 66
84 65
84 64
85 63
86 62
87 61
88 60
89 59
89 58
90 57
91 56
92 55
93 54
94 53
95 52
96 51
97 50
98 49
99 48
100 47
101 46
102 45
103 44
104 43
105 42
106 41
107 40
108 40
