13 40
14 41
15 41
16 42
17 43
18 44
19 44
20 45
21 46
22 47
23 48
24 49
25 50
25 51
26 52
27 53
28 54
28 55
29 56
30 57
30 58
31 59
32 60
32 61
33 62
34 63
34 64
35 65
35 66
36 67
37 68
37 69
38 70
39 71
39 72
40 73
41 74
41 75
42 76
43 77
43 78
44 79
45 80
46 81
46 82
47 83
48 84
49 85
50 86
51 87
52 88
53 89
54 90
55 91
56 92
57 92
58 93
59 94
60 94
61 95
62 95
63 96
64 96
65 96
66 96
67 96
68 97
69 97
70 96
71 96
72 96
73 96
74 96
75 95
76 95
77 95
78 95
79 94
80 94
81 93
82 93
83 93
84 92
85 92
86 91
87 91
88 91
89 90
90 90
91 90
92 89
93 89
94 89
95 88
96 88
97 88
98 87
99 87
100 87
101 86
102 86
103 86
104 86
105 86
106 85
107 85
108 85
109 85
110 85
111 85
112 85
113 85
114 85
115 85
116 84
117 84
118 84
119 84
120 84
121 84
122 83
123 83
124 83
125 82
126 81
127 81
128 80
129 79
130 78
131 78
132 77
133 76
134 75
135 74
136 73
137 73
138 72
139 71
140 70
141 70
142 69
143 68
144 68
145 67
146 67
147 66
148 66
149 66
150 66
151 65
152 65
153 65
154 65
155 65
156 65
157 65
158 65
159 65
160 65
161 66
162 66
163 66
164 66
165 66
166 67
167 67
168 67
169 68
170 68
171 68
172 69
173 69
174 70
175 70
176 71
177 71
178 72
179 72
180 73
181 73
182 74
183 74
184 75
185 76
186 76
187 77
188 77
189 78
190 79
191 79
192 80
193 80
194 81
195 82
196 82
197 83
198 83
199 84
200 84
201 85
202 85
203 86
204 86
205 87
206 87
207 87
208 88
209 88
210 88
211 89
212 89
213 89
214 89
215 89
216 90
217 90
218 90
219 90
220 90
221 89
222 89
223 89
224 89
225 88
226 88
227 88
228 87
229 86
230 86
231 85
232 84
233 83
234 82
235 81
236 80
237 79
238 78
239 77
240 76
241 75
242 74
243 73
244 72
245 71
246 70
247 69
248 68
249 67
250 66
251 66
252 65
253 64
254 64
255 63
256 63
257 62
258 62
259 62
260 62
261 62
262 62
263 62
264 62
265 62
266 63
267 63
268 63
269 64
270 65
271 66
272 67
273 68
274 69
274 70
275 71
276 72
276 73
277 74
277 75
278 76
279 77
280 78
281 79
282 80
283 81
284 81
285 81
286 80
287 80
288 79
289 78
290 77
291 77
292 76
293 75
294 74
295 73
296 72
297 71
298 70
299 69
300 68
301 67
302 66
303 66
304 65
305 64
306 63
307 62
308 61
309 61
310 60
311 59
312 58
313 57
314 57
315 56
316 55
317 54
318 53
319 53
320 52
321 51
322 50
323 50
324 49
325 48
