6 29
7 29
8 29
9 30
10 30
11 30
12 31
13 31
14 32
15 32
16 32
17 33
18 33
19 34
20 34
21 35
22 35
23 36
24 36
25 37
26 38
27 38
28 39
29 39
30 40
31 41
32 42
33 42
34 43
35 44
36 44
37 45
38 46
39 46
40 47
41 48
42 48
43 49
44 49
45 50
46 50
47 50
48 51
49 51
50 51
51 51
52 52
53 52
54 52
55 52
56 52
57 52
58 52
59 52
60 53
61 53
62 53
63 53
64 53
65 53
66 53
67 52
68 52
69 52
70 52
71 52
72 52
73 52
74 52
75 52
76 52
77 52
78 52
79 52
80 52
81 52
82 52
83 51
84 51
85 51
86 51
87 51
88 51
89 51
90 51
91 51
92 51
93 51
94 51
95 50
96 50
97 50
98 50
99 49
100 49
101 49
102 49
103 48
104 48
105 48
106 47
107 47
108 47
109 46
110 46
111 45
112 45
113 45
114 44
115 44
116 44
117 43
118 43
119 42
120 42
121 42
122 42
123 41
124 41
125 41
126 40
127 40
128 40
129 39
130 39
131 39
132 38
133 38
134 38
135 37
136 37
137 36
138 36
139 36
140 35
141 35
142 35
143 35
144 34
145 34
146 34
147 33
148 33
149 33
150 32
151 32
152 31
153 30
154 30
155 29
156 28
157 27
158 26
159 26
160 25
161 24
162 23
163 22
164 22
165 21
166 21
167 21
168 21
169 21
170 21
171 22
172 22
173 23
174 24
175 25
176 26
177 27
178 28
179 29
180 30
181 31
182 32
183 33
184 34
185 34
186 35
187 36
188 36
189 37
190 37
191 38
192 38
193 39
194 39
195 40
196 40
197 41
198 41
199 42
200 42
201 42
202 43
203 43
204 44
205 44
206 45
207 45
208 46
209 46
210 47
211 47
212 48
213 48
214 48
215 49
216 49
217 50
218 50
219 51
220 51
221 52
222 52
223 53
224 53
225 53
226 54
227 54
228 55
229 55
230 56
231 56
232 57
233 57
234 58
235 59
236 59
237 60
238 60
239 61
240 62
241 62
242 63
243 63
244 64
245 64
246 65
247 65
248 65
249 65
250 65
251 65
252 64
253 64
254 64
255 64
