16 95
17 96
18 97
19 98
20 99
21 100
22 101
23 102
24 103
25 104
26 105
27 106
28 107
29 108
30 109
31 110
32 111
33 112
34 113
35 114
36 115
37 116
38 117
39 118
40 119
41 120
42 120
43 121
44 122
45 123
46 124
47 125
48 126
49 127
50 127
51 128
52 129
53 130
54 131
55 131
56 132
57 133
58 134
59 134
60 135
61 136
62 136
63 137
64 138
65 138
66 139
67 139
68 140
69 141
70 141
71 142
72 142
73 143
74 143
75 144
76 144
77 145
78 145
79 146
80 146
81 146
82 147
83 147
84 148
85 148
86 148
87 149
88 149
89 149
90 150
91 150
92 150
93 151
94 151
95 151
96 152
97 152
98 152
99 152
100 152
101 153
102 153
103 153
104 153
105 153
106 154
107 154
108 154
109 154
110 154
111 154
112 155
113 155
114 155
115 155
116 155
117 155
118 155
119 155
120 155
121 155
122 155
123 156
124 156
125 156
126 156
127 156
128 156
129 156
130 156
131 156
132 156
133 156
134 157
135 157
136 157
137 157
138 157
139 157
140 158
141 158
142 158
143 158
144 158
145 159
146 159
147 159
148 159
149 159
150 160
151 160
152 160
153 160
154 161
155 161
156 161
157 162
158 162
159 162
160 162
161 163
162 163
163 163
164 164
165 164
166 164
167 164
168 165
169 165
170 165
171 166
172 166
173 166
174 166
175 167
176 167
177 167
178 167
179 168
180 168
181 168
182 168
183 168
184 168
185 169
186 169
187 169
188 169
189 169
190 169
191 169
192 169
193 169
194 169
195 169
196 169
197 169
198 168
199 168
200 168
201 168
202 168
203 167
204 167
205 167
206 167
207 167
208 166
209 166
210 166
211 165
212 165
213 165
214 165
215 164
216 164
217 164
218 163
219 163
220 163
221 162
222 162
223 162
224 161
225 161
226 161
227 160
228 160
229 159
230 159
231 159
232 158
233 158
234 158
235 157
236 157
237 156
238 156
239 156
240 155
241 155
242 155
243 154
244 154
245 154
246 153
247 153
248 153
249 152
250 152
251 152
252 151
253 151
254 151
255 150
256 150
257 150
258 149
259 149
260 149
261 149
262 149
263 148
264 148
265 148
266 148
267 148
268 148
269 147
270 147
271 147
272 147
273 147
274 147
275 147
276 147
277 147
278 147
279 147
280 147
281 147
282 147
283 147
284 147
285 148
286 148
287 148
288 148
289 148
290 149
291 149
292 149
293 150
294 150
295 150
296 150
297 151
298 151
299 151
300 151
301 152
302 152
303 152
304 152
305 152
306 152
307 152
308 152
309 152
310 151
311 151
312 151
313 150
314 150
315 149
316 148
317 148
318 147
319 146
320 145
321 144
322 143
323 143
324 142
325 141
326 140
327 139
328 138
329 137
330 136
331 135
332 134
333 133
334 132
335 131
336 130
337 129
338 128
339 127
340 126
341 125
342 124
343 123
344 122
345 121
346 121
347 120
348 119
349 118
350 118
351 117
352 117
353 116
354 116
355 115
356 115
357 114
358 114
359 114
360 114
361 114
362 113
363 113
364 113
365 113
366 113
367 114
368 114
369 114
370 114
371 115
372 115
373 116
374 116
375 117
376 117
377 118
378 119
379 120
380 120
381 121
382 122
383 123
384 124
385 125
386 126
387 127
387 128
388 129
389 130
390 131
391 132
392 133
392 134
393 135
394 136
395 137
396 138
397 139
397 140
398 141
399 142
400 143
401 144
402 145
402 146
403 147
404 148
405 149
406 150
407 151
408 152
409 153
410 154
411 155
412 156
413 157
414 158
415 159
416 160
417 160
418 161
419 162
420 162
421 163
422 164
423 164
424 164
425 165
426 165
427 165
428 165
429 165
430 165
431 165
432 165
433 165
434 164
435 164
436 163
437 162
438 161
439 161
440 160
441 159
442 158
443 157
443 156
444 155
445 154
446 153
446 152
447 151
448 150
449 149
449 148
450 147
451 146
451 145
452 144
452 143
453 142
453 141
454 140
455 139
455 138
456 137
456 136
457 135
457 134
458 133
458 132
459 131
460 130
460 129
461 128
461 127
462 126
462 125
463 124
463 123
464 122
464 121
465 120
465 119
466 118
466 117
467 116
467 115
468 114
468 113
469 112
469 111
470 110
470 109
471 108
471 107
472 106
473 105
473 104
474 103
474 102
475 101
475 100
476 99
476 98
477 97
478 96
478 95
479 94
479 93
480 92
481 91
481 90
482 89
482 88
483 87
484 86
485 85
485 84
486 83
487 82
487 81
488 80
489 79
490 78
491 77
492 76
493 75
494 74
495 73
496 72
497 71
498 70
499 69
500 69
501 68
502 67
503 66
504 66
505 65
506 65
507 64
508 64
509 63
510 63
511 62
512 62
513 62
514 62
515 61
516 61
517 61
518 61
519 61
520 61
521 61
522 61
523 61
524 61
525 62
526 62
527 62
528 63
529 63
530 63
531 64
532 65
533 65
534 66
535 66
536 67
537 68
538 68
539 69
540 70
541 70
542 71
543 72
544 73
545 73
546 74
547 75
548 76
549 76
550 77
551 78
552 79
553 80
554 80
555 81
556 82
557 83
558 84
559 85
560 86
561 87
562 87
563 88
564 89
565 90
566 91
567 92
568 93
569 94
569 95
570 96
571 97
572 98
573 99
574 100
575 101
575 102
576 103
577 104
578 105
578 106
579 107
580 108
581 109
581 110
582 111
583 112
584 113
584 114
585 115
586 116
586 117
587 118
588 119
588 120
589 121
590 122
590 123
591 124
592 125
592 126
593 127
594 128
594 129
595 130
596 131
596 132
597 133
598 134
598 135
599 136
600 137
601 138
601 139
602 140
603 141
604 142
604 143
605 144
606 145
607 146
608 147
609 148
609 149
610 150
611 151
612 152
613 153
614 154
615 155
616 156
617 157
618 157
619 158
620 159
621 160
622 161
623 161
624 162
625 162
626 163
627 164
628 164
629 165
630 165
631 165
632 166
633 166
634 166
635 166
636 167
637 167
638 167
639 167
640 167
641 167
642 167
643 167
644 167
645 166
646 166
647 166
648 166
649 166
650 165
651 165
652 165
653 164
654 164
655 164
656 163
657 163
658 162
659 162
660 162
661 161
662 161
663 160
664 160
665 159
666 159
667 158
668 158
669 157
670 157
671 156
672 156
673 155
674 155
675 154
676 154
677 153
678 153
679 152
680 152
681 151
682 151
683 150
684 150
685 149
686 149
687 148
688 148
689 147
690 147
691 146
692 146
693 146
694 145
695 145
696 144
697 144
698 144
699 143
700 143
701 143
702 142
703 142
704 142
705 141
706 141
707 141
708 140
709 140
710 140
711 139
712 139
713 139
714 139
715 138
716 138
717 138
718 138
719 137
720 137
721 137
722 136
723 136
