44 66
45 66
46 66
47 66
48 66
49 66
50 66
51 67
52 67
53 67
54 67
55 67
56 67
57 68
58 68
59 68
60 68
61 68
62 68
63 69
64 69
65 69
66 69
67 69
68 70
69 70
70 70
71 70
72 70
73 71
74 71
75 71
76 71
77 71
78 72
79 72
80 72
81 72
82 73
83 73
84 73
85 73
86 74
87 74
88 74
89 74
90 74
91 75
92 75
93 75
94 75
95 76
96 76
97 76
98 76
99 76
100 76
101 77
102 77
103 77
104 77
105 77
106 77
107 77
108 77
109 78
110 78
111 78
112 78
113 78
114 78
115 78
116 78
117 78
118 78
119 78
120 78
121 78
122 78
123 78
124 78
125 78
126 78
127 78
128 78
129 78
130 79
131 79
132 79
133 79
134 79
135 79
136 79
137 80
138 80
139 80
140 80
141 81
142 81
143 81
144 82
145 82
146 82
147 83
148 83
149 83
150 84
151 84
152 85
153 85
154 86
155 86
156 87
157 87
158 88
159 89
160 89
161 90
162 91
163 92
164 93
165 93
166 94
167 95
168 96
169 97
169 98
170 99
171 100
172 101
173 102
173 103
174 104
175 105
176 106
176 107
177 108
178 109
178 110
179 111
180 112
181 113
181 114
182 115
183 116
183 117
