11 34
12 35
12 36
13 37
13 38
13 39
13 40
14 41
14 42
14 43
15 44
15 45
15 46
15 47
16 48
16 49
16 50
17 51
17 52
17 53
18 54
18 55
18 56
19 57
19 58
19 59
20 60
20 61
20 62
21 63
21 64
21 65
22 66
22 67
23 68
23 69
23 70
24 71
24 72
25 73
25 74
26 75
27 76
27 77
28 78
29 79
29 80
30 81
31 82
32 83
33 83
34 84
35 85
36 85
37 86
38 86
39 86
40 86
41 86
42 86
43 86
44 86
45 86
46 85
47 85
48 85
49 84
50 84
51 84
52 83
53 83
54 83
55 83
56 82
57 82
58 82
59 82
60 82
61 82
62 82
63 82
64 82
65 82
66 82
67 82
68 82
69 81
70 81
71 81
72 81
73 80
74 80
75 79
76 79
77 78
78 77
79 76
80 75
81 74
82 73
83 72
84 72
85 71
86 70
87 70
88 69
89 69
90 69
91 69
92 69
93 69
94 69
95 69
96 69
97 69
98 69
99 69
100 69
101 69
102 69
103 69
104 69
105 69
106 69
107 68
108 68
109 68
110 68
111 67
112 67
113 67
114 66
115 66
116 66
117 65
118 65
119 65
120 65
121 64
122 64
123 64
124 64
125 64
126 64
127 63
128 63
129 63
130 63
131 63
132 63
133 63
134 63
135 63
136 63
137 63
138 63
139 63
140 63
141 63
142 63
143 62
144 62
145 62
146 62
147 62
148 62
149 62
150 62
151 62
152 62
153 62
154 62
155 62
156 62
157 62
158 62
159 63
160 63
161 63
162 63
163 64
164 64
165 64
166 63
167 63
168 63
169 62
170 61
171 61
172 60
173 59
174 58
175 58
176 57
177 56
178 55
179 55
180 54
181 53
182 53
183 52
184 52
185 51
186 51
187 50
188 50
189 50
190 49
191 49
192 49
193 49
194 49
195 49
196 49
197 49
198 49
199 49
200 49
201 49
202 49
203 49
204 49
205 49
206 49
207 49
208 49
209 50
210 50
211 50
212 51
213 51
214 52
215 52
216 53
217 54
218 54
219 55
220 56
221 57
222 58
223 59
224 59
225 60
226 61
227 62
228 63
229 64
230 65
231 66
232 67
233 68
234 69
235 70
236 70
237 71
238 71
239 72
240 72
241 72
242 72
243 72
244 71
245 71
246 70
247 70
248 69
249 68
250 68
251 67
252 66
252 65
253 64
254 63
255 62
255 61
256 60
257 59
257 58
258 57
258 56
259 55
259 54
260 53
261 52
261 51
262 50
262 49
263 48
264 47
265 46
266 46
267 46
268 46
269 46
270 47
271 47
272 48
273 49
274 50
275 51
276 52
277 53
278 54
279 55
280 56
280 57
281 58
282 59
283 60
284 61
284 62
285 63
286 64
287 65
288 66
288 67
289 68
289 69
