29 67
30 67
31 68
32 68
33 68
34 68
35 69
36 69
37 69
38 69
39 70
40 70
41 70
42 71
43 71
44 72
45 72
46 72
47 73
48 73
49 74
50 74
51 75
52 75
53 76
54 76
55 77
56 77
57 78
58 78
59 79
60 79
61 80
62 80
63 81
64 81
65 81
66 82
67 82
68 83
69 83
70 83
71 84
72 84
73 84
74 84
75 85
76 85
77 85
78 85
79 85
80 86
81 86
82 86
83 86
84 86
85 86
86 87
87 87
88 87
89 87
90 87
91 87
92 87
93 87
94 88
95 88
96 88
97 88
98 88
99 88
100 89
101 89
102 89
103 89
104 89
105 90
106 90
107 90
108 90
109 91
110 91
111 91
112 92
113 92
114 92
115 92
116 93
117 93
118 94
119 94
120 94
121 95
122 95
123 96
124 96
125 97
126 97
127 98
128 98
129 99
130 99
131 100
132 101
133 101
134 102
135 103
136 103
137 104
138 105
139 105
140 106
141 107
142 108
143 108
144 109
145 110
146 111
147 112
148 112
149 113
150 114
151 115
152 116
153 117
154 118
155 119
156 119
157 120
158 121
159 122
160 123
161 124
162 125
163 126
164 127
165 128
166 129
166 130
167 131
168 132
169 133
170 134
171 135
172 136
173 137
174 138
175 139
176 140
176 141
177 142
178 143
179 144
180 145
181 146
182 147
183 148
184 149
185 150
186 151
186 152
187 153
188 154
189 155
190 156
191 157
192 158
193 159
194 160
195 161
196 161
197 162
198 163
199 164
200 165
201 166
202 167
203 167
204 168
205 169
206 170
207 170
208 171
209 172
210 172
211 173
212 174
213 174
214 175
215 175
216 176
217 176
218 177
219 177
220 178
221 178
222 179
223 179
224 179
225 180
226 180
227 180
228 180
229 181
230 181
231 181
232 181
233 181
234 181
235 181
236 181
237 181
238 181
239 181
240 181
241 181
242 180
243 180
244 180
245 180
246 179
247 179
248 179
249 178
250 178
251 178
252 177
253 177
254 177
255 176
256 176
257 176
258 176
259 175
260 175
261 175
262 174
263 174
264 174
265 173
266 173
267 173
268 173
269 172
270 172
271 172
272 172
273 171
274 171
275 171
276 171
277 170
278 170
279 170
280 170
281 170
282 170
283 170
284 169
285 169
286 169
287 169
288 169
289 169
290 169
291 169
292 168
293 168
294 168
295 168
296 168
297 168
298 168
299 167
300 167
301 167
302 167
303 167
304 166
305 166
306 166
307 166
308 165
309 165
310 165
311 164
312 164
313 163
314 163
315 163
316 162
317 162
318 161
319 161
320 160
321 159
322 159
323 158
324 158
325 157
326 156
327 156
328 155
329 154
330 154
331 153
332 152
333 152
334 151
335 150
336 150
337 149
338 148
339 148
340 147
341 147
342 146
343 146
344 145
345 144
346 144
347 143
348 143
349 143
350 142
351 142
352 141
353 141
354 141
355 141
356 140
357 140
358 140
359 140
360 140
361 140
362 139
363 139
364 139
365 139
366 140
367 140
368 140
369 140
370 140
371 140
372 141
373 141
374 141
375 141
376 142
377 142
378 143
379 143
380 144
381 144
382 145
383 145
384 146
385 146
386 147
387 147
388 148
389 148
390 149
391 150
392 150
393 151
394 151
395 152
396 152
397 153
398 153
399 154
400 155
401 155
402 156
403 156
404 157
405 157
406 158
407 158
408 158
409 159
410 159
411 160
412 160
413 160
414 161
415 161
416 162
417 162
418 162
419 163
420 163
421 163
422 163
423 164
424 164
425 164
426 164
427 165
428 165
429 165
430 165
431 166
432 166
433 166
434 166
435 166
436 167
437 167
438 167
439 167
440 167
441 168
442 168
443 168
444 168
445 168
446 169
447 169
448 169
449 169
450 170
451 170
452 170
453 170
454 171
455 171
456 171
457 172
458 172
459 172
460 173
461 173
462 174
463 174
464 174
465 175
466 175
467 176
468 176
469 177
470 177
471 177
472 178
473 178
474 179
475 179
476 180
477 180
478 180
479 181
480 181
481 182
482 182
483 182
484 183
485 183
486 184
487 184
488 184
489 184
490 185
491 185
492 185
493 185
494 186
495 186
496 186
497 186
498 186
499 186
500 186
501 186
502 186
503 186
504 186
505 186
506 185
507 185
508 185
509 185
510 184
511 184
512 184
513 183
514 183
515 182
516 182
517 181
518 181
519 180
520 179
521 179
522 178
523 177
524 176
525 176
526 175
527 174
528 173
529 172
530 171
531 170
532 169
533 168
534 167
534 166
535 165
536 164
537 163
538 162
538 161
539 160
540 159
541 158
541 157
542 156
543 155
543 154
544 153
545 152
545 151
546 150
547 149
547 148
548 147
549 146
549 145
550 144
551 143
551 142
552 141
553 140
553 139
554 138
555 137
555 136
556 135
557 134
557 133
558 132
559 131
559 130
560 129
561 128
562 127
562 126
563 125
564 124
564 123
565 122
566 121
567 120
567 119
568 118
569 117
569 116
570 115
571 114
572 113
573 112
573 111
574 110
575 109
576 108
577 107
577 106
578 105
579 104
580 103
581 102
582 101
583 100
584 99
585 98
586 97
587 96
588 95
589 94
590 93
591 92
592 92
593 91
594 90
595 89
596 89
597 88
598 88
599 87
600 86
601 86
602 85
603 85
604 85
605 84
606 84
607 84
608 83
609 83
610 83
611 83
612 82
613 82
614 82
615 82
616 82
617 82
618 82
619 81
620 81
621 81
622 81
623 81
624 81
625 81
626 81
627 81
628 81
629 81
630 80
631 80
632 80
633 80
634 80
635 80
636 79
637 79
638 79
639 79
640 79
641 78
642 78
643 78
644 78
645 77
646 77
647 77
648 77
649 76
650 76
651 76
652 75
653 75
654 75
655 74
656 74
657 74
658 73
659 73
660 73
661 72
662 72
663 72
664 71
665 71
666 70
667 70
668 70
669 69
670 69
671 68
672 68
673 68
674 67
675 67
676 66
677 66
678 66
679 65
680 65
681 64
682 64
683 64
