17 35
18 35
19 35
20 36
21 36
22 36
23 37
24 37
25 38
26 38
27 39
28 39
29 40
30 41
31 41
32 42
33 43
34 44
35 45
36 46
37 47
38 48
39 49
40 50
41 51
42 52
43 53
44 54
45 55
46 56
47 57
48 58
49 59
50 59
51 60
52 61
53 61
54 62
55 62
56 63
57 63
58 63
59 63
60 62
61 62
62 62
63 61
64 61
65 60
66 60
67 59
68 59
69 59
70 59
71 60
72 60
73 61
73 62
74 63
75 64
75 65
76 66
77 67
77 68
78 69
78 70
79 71
80 72
80 73
81 74
82 75
83 76
83 77
84 78
85 79
86 80
87 80
88 81
89 82
90 82
91 83
92 83
93 83
94 84
95 84
96 84
97 84
98 84
99 84
100 84
101 84
102 84
103 83
104 83
105 83
106 83
107 83
108 82
109 82
110 82
111 81
112 81
113 81
114 80
115 80
116 79
117 79
118 78
119 78
120 77
121 77
122 76
123 76
124 75
125 75
126 74
127 74
128 73
129 73
130 72
131 72
132 71
133 71
134 70
135 70
136 69
137 69
138 68
139 68
140 67
141 67
142 66
143 66
144 65
145 65
146 64
147 64
148 63
149 63
150 62
151 62
152 61
153 61
154 61
155 60
156 60
157 59
158 59
159 59
160 59
161 59
162 58
163 58
164 58
165 59
166 59
167 59
168 59
169 59
170 60
171 60
172 61
173 61
174 62
175 62
176 63
177 64
178 65
179 66
180 67
181 68
182 69
183 70
184 71
184 72
185 73
186 74
187 75
188 76
189 77
190 78
191 79
192 79
193 79
194 78
195 77
196 76
197 75
198 75
199 74
200 73
201 73
202 73
203 72
204 72
205 72
206 72
207 72
208 72
209 71
210 71
211 71
212 71
213 70
214 70
215 70
216 70
217 69
218 69
219 69
220 69
221 69
222 69
223 69
224 69
225 69
226 69
227 70
228 70
229 70
230 70
231 70
232 71
233 71
234 71
235 71
236 71
237 71
238 71
239 70
240 70
241 69
242 69
243 68
244 67
245 67
246 66
247 65
247 64
248 63
249 62
250 61
250 60
251 59
252 58
253 57
253 56
254 55
255 54
255 53
256 52
257 51
258 50
259 49
260 48
261 48
262 47
263 47
264 47
265 47
266 47
267 47
268 47
269 47
270 47
271 47
272 47
273 48
274 48
275 48
