26 39
27 39
28 39
29 39
30 40
31 40
32 40
33 40
34 40
35 40
36 41
37 41
38 41
39 41
40 41
41 41
42 42
43 42
44 42
45 42
46 42
47 43
48 43
49 43
50 43
51 44
52 44
53 44
54 44
55 45
56 45
57 45
58 45
59 45
60 46
61 46
62 46
63 46
64 46
65 46
66 46
67 46
68 46
69 46
70 46
71 46
72 46
73 46
74 46
75 46
76 47
77 47
78 47
79 47
80 47
81 47
82 47
83 48
84 48
85 48
86 48
87 49
88 49
89 50
90 50
91 50
92 51
93 51
94 52
95 53
96 53
97 54
98 55
99 56
100 57
101 58
102 59
103 60
104 61
104 62
105 63
106 64
106 65
107 66
108 67
108 68
109 69
109 70
