11 29
12 30
13 31
13 32
14 33
14 34
15 35
15 36
16 37
16 38
17 39
17 40
18 41
18 42
19 43
19 44
20 45
20 46
21 47
21 48
22 49
22 50
23 51
23 52
23 53
24 54
24 55
25 56
25 57
26 58
26 59
26 60
27 61
27 62
28 63
28 64
29 65
29 66
29 67
30 68
30 69
31 70
31 71
32 72
32 73
33 74
33 75
33 76
34 77
34 78
35 79
35 80
36 81
36 82
37 83
38 84
38 85
39 86
39 87
40 88
41 89
41 90
42 91
43 92
43 93
44 94
45 95
46 96
47 97
47 98
48 99
49 100
50 101
51 102
52 103
53 104
54 105
55 106
56 106
57 107
58 108
59 109
60 109
61 110
62 111
63 112
64 112
65 113
66 113
67 114
68 114
69 115
70 115
71 116
72 116
73 117
74 117
75 117
76 118
77 118
78 118
79 118
80 119
81 119
82 119
83 119
84 118
85 118
86 118
87 117
88 117
89 116
90 115
91 114
92 113
93 112
93 111
94 110
94 109
95 108
95 107
96 106
96 105
97 104
97 103
98 102
98 101
99 100
99 99
99 98
100 97
100 96
101 95
101 94
101 93
102 92
