33 60
34 60
35 61
36 61
37 62
38 62
39 63
40 63
41 64
42 64
43 65
44 65
45 66
46 66
47 67
48 67
49 68
50 68
51 69
52 69
53 70
54 70
55 70
56 71
57 71
58 72
59 72
60 72
61 73
62 73
63 73
64 74
65 74
66 74
67 74
68 75
69 75
70 75
71 75
72 76
73 76
74 76
75 76
76 76
77 76
78 77
79 77
80 77
81 77
82 77
83 77
84 77
85 77
86 77
87 77
88 77
89 78
90 78
91 78
92 78
93 78
94 78
95 78
96 78
97 78
98 79
99 79
100 79
101 79
102 79
103 79
104 80
105 80
106 80
107 80
108 80
109 80
110 80
111 81
112 81
113 81
114 81
115 81
116 81
117 81
118 81
119 81
120 81
121 81
122 81
123 81
124 81
125 82
126 82
127 82
128 82
129 82
130 82
131 82
132 82
133 82
134 82
135 82
136 83
137 83
138 83
139 83
140 83
141 83
142 83
143 83
144 84
145 84
146 84
147 84
148 84
149 84
150 84
151 84
152 84
153 84
154 84
155 84
156 84
157 84
158 84
159 84
160 84
161 85
162 85
163 85
164 85
165 85
166 85
167 85
168 86
169 86
170 86
171 86
172 86
173 86
174 87
175 87
176 87
177 87
178 87
179 87
180 87
181 87
