30 25
30 26
31 27
31 28
32 29
32 30
33 31
33 32
34 33
35 34
35 35
36 36
36 37
37 38
37 39
38 40
38 41
39 42
39 43
40 44
40 45
41 46
41 47
42 48
42 49
43 50
43 51
44 52
45 53
45 54
46 55
46 56
47 57
47 58
48 59
48 60
49 61
49 62
50 63
50 64
51 65
51 66
52 67
52 68
53 69
53 70
54 71
54 72
55 73
55 74
56 75
56 76
57 77
57 78
58 79
58 80
59 81
59 82
60 83
60 84
61 85
61 86
62 87
62 88
63 89
63 90
64 91
64 92
65 93
65 94
66 95
66 96
67 97
67 98
67 99
68 100
68 101
69 102
69 103
70 104
70 105
71 106
71 107
72 108
72 109
73 110
73 111
74 112
74 113
75 114
75 115
76 116
76 117
77 118
77 119
77 120
78 121
79 122
79 123
80 124
80 125
81 126
81 127
82 128
82 129
83 130
84 131
84 132
85 133
86 134
86 135
87 136
88 137
89 138
90 139
90 140
91 141
92 141
93 142
94 143
95 144
96 144
97 145
98 145
99 146
100 146
101 146
102 145
103 145
104 145
105 144
106 144
107 143
108 142
109 141
110 140
111 139
112 138
113 137
114 136
115 135
116 134
117 133
118 132
119 131
120 130
120 129
121 128
122 127
123 126
124 125
125 125
126 124
127 123
128 122
129 122
130 121
131 121
132 121
133 120
134 120
135 120
136 120
137 120
138 121
139 121
140 121
141 122
142 122
143 123
144 124
145 125
146 126
147 127
148 128
149 129
150 130
151 131
152 132
153 133
154 134
155 135
155 136
156 137
157 138
158 139
159 140
159 141
160 142
161 143
162 144
163 145
164 146
164 147
165 148
166 149
167 150
168 151
169 152
170 153
171 154
172 155
173 156
174 156
175 157
176 158
177 158
178 159
179 159
180 160
181 160
182 160
183 160
184 160
185 160
186 160
187 160
188 160
189 159
190 159
191 159
192 158
193 157
194 157
195 156
196 156
197 155
198 154
199 153
200 153
201 152
202 151
203 150
204 149
205 148
206 147
207 146
208 145
209 144
210 143
211 143
212 142
213 141
214 140
215 139
215 138
216 137
217 136
218 135
219 134
220 133
221 132
222 131
223 130
224 129
225 128
226 127
227 126
228 125
229 124
230 123
231 122
232 121
233 120
233 119
234 118
235 117
236 116
237 115
238 114
239 113
240 112
241 111
242 110
243 109
244 109
245 108
246 107
247 106
248 105
249 105
250 104
251 104
252 103
253 103
254 102
255 102
256 102
257 101
258 101
259 101
260 101
261 101
262 101
263 101
264 101
265 101
266 101
267 101
268 101
269 101
270 101
271 101
272 101
273 101
274 101
275 101
276 102
277 102
278 102
279 102
280 102
281 102
282 103
283 103
284 103
285 103
286 103
287 104
288 104
289 104
290 104
291 104
292 104
293 105
294 105
295 105
296 105
297 105
298 105
299 105
300 106
301 106
302 106
303 106
304 106
305 106
306 106
307 106
308 106
309 106
310 106
311 106
312 106
313 106
314 106
315 106
316 106
317 106
318 106
319 106
320 106
321 106
322 106
323 106
324 106
325 106
326 105
327 105
328 105
329 105
330 105
331 105
332 104
333 104
334 104
335 104
336 104
337 103
338 103
339 103
340 103
341 102
342 102
343 102
344 101
345 101
346 101
347 100
348 100
349 100
350 99
351 99
352 99
353 98
354 98
355 98
356 97
357 97
358 96
359 96
360 95
361 95
362 94
363 94
364 94
365 93
366 93
367 92
368 91
369 91
370 90
371 90
372 89
373 89
374 88
375 87
376 87
377 86
378 85
379 84
380 84
381 83
382 82
383 81
384 80
385 79
386 79
387 78
388 77
389 76
390 75
391 74
391 73
392 72
393 71
394 70
395 69
396 68
397 67
398 66
399 65
400 64
400 63
401 62
402 61
403 60
404 59
405 58
406 57
407 56
408 56
409 55
410 54
411 53
412 53
413 52
414 52
415 51
416 51
417 50
418 50
419 50
420 49
421 49
422 49
423 49
424 48
425 48
426 48
427 48
428 48
429 48
430 48
431 48
432 48
433 48
434 48
435 49
436 49
437 49
438 49
439 49
440 50
441 50
442 50
443 50
444 51
445 51
446 51
447 52
448 52
449 53
450 53
451 54
452 54
453 55
454 55
455 56
456 56
457 57
458 58
459 58
460 59
461 60
462 60
463 61
464 62
465 63
466 64
467 64
468 65
469 66
470 67
471 68
472 69
473 70
474 71
475 72
476 73
477 74
478 75
479 76
480 77
481 78
482 79
483 80
484 81
485 82
486 83
487 84
488 85
489 86
490 87
491 88
491 89
492 90
493 91
494 92
495 93
496 94
496 95
497 96
498 97
499 98
500 99
500 100
501 101
502 102
503 103
503 104
504 105
505 106
506 107
506 108
507 109
508 110
508 111
509 112
510 113
510 114
511 115
512 116
512 117
513 118
513 119
514 120
514 121
515 122
516 123
516 124
517 125
517 126
518 127
518 128
519 129
519 130
520 131
520 132
521 133
521 134
522 135
522 136
523 137
523 138
524 139
524 140
525 141
526 142
526 143
527 144
527 145
528 146
528 147
529 148
530 149
530 150
531 151
532 152
533 153
533 154
534 155
535 156
536 157
537 157
538 158
539 159
540 159
541 160
542 160
543 161
544 161
545 161
546 162
547 162
548 162
549 162
550 162
551 162
552 162
553 162
554 162
555 162
556 161
557 161
558 161
559 161
560 161
561 160
562 160
563 160
564 159
565 159
566 159
567 158
568 158
569 158
570 157
571 157
572 157
573 156
574 156
575 155
576 155
577 154
578 154
579 154
580 153
581 153
582 152
583 152
584 151
585 150
586 150
587 149
588 149
589 148
590 148
591 147
592 146
593 146
594 145
595 145
596 144
597 143
598 143
599 142
600 141
601 141
602 140
603 139
604 138
605 138
606 137
607 136
608 135
609 135
610 134
611 133
612 132
613 131
614 131
615 130
616 129
617 128
618 127
619 126
620 126
621 125
622 124
623 123
624 122
625 121
626 120
627 119
628 118
629 117
630 116
631 115
632 114
633 114
634 113
635 112
636 111
637 110
638 109
639 108
640 107
641 106
642 105
643 104
644 103
645 102
646 101
647 100
