24 75
25 74
26 74
27 73
28 73
29 72
30 72
31 72
32 71
33 71
34 70
35 70
36 70
37 69
38 69
39 68
40 68
41 68
42 67
43 67
44 67
45 66
46 66
47 66
48 65
49 65
50 65
51 64
52 64
53 64
54 63
55 63
56 63
57 63
58 62
59 62
60 62
61 62
62 62
63 61
64 61
65 61
66 61
67 61
68 61
69 60
70 60
71 60
72 60
73 60
74 60
75 60
76 60
77 60
78 60
79 60
80 60
81 60
82 60
83 60
84 61
85 61
86 61
87 61
88 61
89 61
90 62
91 62
92 62
93 63
94 63
95 63
96 64
97 64
98 64
99 65
100 65
101 66
102 66
103 67
104 67
105 68
106 68
107 69
108 70
109 70
110 71
111 72
112 72
113 73
114 74
115 75
116 75
117 76
118 77
119 78
120 79
121 80
122 81
123 81
124 82
125 83
126 84
127 85
128 86
129 87
130 88
131 89
132 90
133 90
134 91
135 92
136 93
137 94
138 95
139 95
140 96
141 97
142 98
143 99
144 99
145 100
146 101
147 102
148 102
149 103
150 104
151 105
152 105
153 106
154 107
155 108
156 108
157 109
158 110
159 110
160 111
161 112
162 112
163 113
164 113
165 114
166 114
167 115
168 115
169 116
170 116
171 116
172 117
173 117
174 117
175 118
176 118
177 118
178 118
179 118
180 119
181 119
182 119
183 119
184 119
185 119
186 119
187 119
188 119
189 119
190 119
191 119
192 119
193 119
194 119
195 118
196 118
197 118
198 118
199 118
200 118
201 118
202 118
203 118
204 118
205 118
206 117
207 117
208 117
209 117
210 117
211 117
212 117
213 117
214 117
215 117
216 117
217 117
218 117
219 117
220 117
221 117
222 117
223 117
224 117
225 117
226 117
227 117
228 117
229 117
230 117
231 117
232 117
233 117
234 117
235 117
236 117
237 117
238 117
239 118
240 118
241 118
242 118
243 118
244 118
245 118
246 118
247 119
248 119
249 119
250 119
251 119
252 119
253 119
254 120
255 120
256 120
257 120
258 120
259 121
260 121
261 121
262 121
263 121
264 122
265 122
266 122
267 122
268 122
269 123
270 123
271 123
272 123
273 123
274 123
275 124
276 124
277 124
278 124
279 124
280 124
281 124
282 124
283 124
284 124
285 124
286 124
287 124
288 123
289 123
290 123
291 123
292 123
293 122
294 122
295 122
296 121
297 121
298 121
299 120
300 120
301 120
302 119
303 119
304 118
305 118
306 117
307 117
308 116
309 116
310 115
311 115
312 114
313 114
314 114
315 113
316 113
317 112
318 112
319 111
320 111
321 110
322 110
323 110
324 109
325 109
326 109
327 108
328 108
329 108
330 108
331 108
332 107
333 107
334 107
335 107
336 107
337 107
338 107
339 107
340 107
341 107
342 107
343 107
344 107
345 107
346 107
347 107
348 107
349 107
350 107
351 107
352 107
353 107
354 107
355 107
356 107
357 107
358 107
359 107
360 107
361 107
362 107
363 107
364 107
365 107
366 107
367 107
368 107
369 108
370 108
371 108
372 108
373 108
374 108
375 109
376 109
377 109
378 110
379 110
380 110
381 111
382 111
383 111
384 112
385 112
386 113
387 113
388 114
389 114
390 114
391 115
392 115
393 116
394 116
395 117
396 117
397 118
398 118
399 119
400 119
401 120
402 120
403 121
404 121
405 122
406 122
407 123
408 124
409 124
410 125
411 126
412 126
413 127
414 128
415 129
416 130
417 131
418 132
419 133
420 134
421 135
422 136
423 137
423 138
424 139
425 140
426 141
427 142
428 143
428 144
429 145
429 146
