8 30
9 31
9 32
9 33
10 34
10 35
10 36
11 37
11 38
12 39
12 40
12 41
13 42
13 43
14 44
14 45
15 46
15 47
15 48
16 49
16 50
17 51
17 52
18 53
18 54
19 55
19 56
19 57
20 58
21 59
21 60
22 61
22 62
23 63
23 64
24 65
25 66
26 67
27 68
28 69
29 70
30 70
31 71
32 70
33 70
34 69
35 69
36 68
37 67
38 67
39 66
40 65
41 65
42 65
43 65
44 65
45 65
46 66
47 66
48 66
49 67
50 67
51 67
52 67
53 67
54 67
55 67
56 68
57 68
58 68
59 68
60 68
61 69
62 69
63 69
64 70
65 70
66 71
67 71
68 71
69 72
70 72
71 72
72 72
73 72
74 72
75 72
76 72
77 72
78 71
79 70
80 70
81 69
82 68
83 67
84 67
85 66
86 65
87 64
88 63
89 62
90 61
91 60
92 59
93 58
94 58
95 57
96 56
97 56
98 56
99 55
100 55
101 55
102 55
103 55
104 55
105 55
106 55
107 55
108 56
109 56
110 57
111 57
112 58
113 59
114 60
115 60
116 61
117 62
118 63
119 64
120 64
121 65
122 66
123 67
124 67
125 68
126 68
127 69
128 69
129 70
130 70
131 70
132 70
133 71
134 71
135 71
136 71
137 71
138 72
139 72
140 72
141 72
142 73
143 73
144 73
145 74
146 74
147 75
148 75
149 75
150 76
151 76
152 76
153 77
154 77
155 77
156 78
157 78
158 78
159 78
160 79
161 79
162 79
163 79
164 79
165 79
166 79
167 80
168 80
169 80
170 80
171 80
172 80
173 80
174 80
175 80
176 80
177 80
178 80
179 79
180 79
181 79
182 78
183 78
184 77
185 76
186 76
187 75
188 74
189 73
190 72
191 71
192 71
193 70
194 69
195 69
196 69
197 68
198 68
199 68
200 68
201 69
202 69
203 69
204 70
205 71
206 72
207 73
208 74
209 75
210 76
210 77
211 78
212 79
212 80
213 81
214 82
215 83
215 84
216 85
217 86
218 87
219 88
220 89
221 89
222 89
223 89
224 88
225 87
226 86
227 85
228 84
228 83
229 82
230 81
230 80
231 79
231 78
232 77
232 76
233 75
234 74
234 73
235 72
235 71
236 70
236 69
237 68
237 67
238 66
238 65
239 64
240 63
240 62
241 61
241 60
242 59
242 58
243 57
