13 10
14 11
15 12
15 13
16 14
16 15
17 16
18 17
18 18
19 19
19 20
20 21
20 22
21 23
22 24
22 25
23 26
23 27
24 28
24 29
25 30
25 31
26 32
26 33
27 34
28 35
28 36
29 37
29 38
30 39
30 40
31 41
31 42
32 43
32 44
33 45
33 46
34 47
34 48
35 49
35 50
36 51
36 52
37 53
37 54
38 55
38 56
38 57
39 58
39 59
40 60
40 61
41 62
41 63
42 64
42 65
43 66
43 67
44 68
44 69
44 70
45 71
45 72
46 73
46 74
47 75
47 76
48 77
48 78
49 79
49 80
50 81
50 82
51 83
51 84
52 85
52 86
53 87
53 88
54 89
54 90
55 91
55 92
56 93
57 94
57 95
58 96
58 97
59 98
60 99
60 100
61 101
62 102
62 103
63 104
64 105
64 106
65 107
66 108
67 109
68 110
69 111
69 112
70 113
71 114
72 115
73 116
74 116
75 117
76 118
77 119
78 120
79 121
80 121
81 122
82 123
83 124
84 124
85 125
86 126
87 126
88 127
89 128
90 128
91 129
92 129
93 130
94 130
95 131
96 132
97 132
98 133
99 133
100 134
101 134
102 135
103 135
104 136
105 136
106 137
107 137
108 138
109 138
110 139
111 139
112 140
113 140
114 141
115 141
116 142
117 142
118 143
119 143
120 144
121 144
122 144
123 145
124 145
125 145
126 146
127 146
128 147
129 147
130 147
131 147
132 148
133 148
134 148
135 148
136 149
137 149
138 149
139 149
140 149
141 149
142 150
143 150
144 150
145 150
146 150
147 149
148 149
149 149
150 149
151 149
152 148
153 148
154 148
155 148
156 147
157 147
158 147
159 146
160 146
161 146
162 146
163 145
164 145
165 145
166 145
167 144
168 144
169 144
170 144
171 144
172 144
173 144
174 144
175 144
176 145
177 145
178 145
179 145
180 145
181 145
182 146
183 146
184 146
185 147
186 147
187 147
188 148
189 148
190 148
191 149
192 149
193 150
194 150
195 150
196 151
197 151
198 152
199 152
200 152
201 152
202 153
203 153
204 153
205 153
206 153
207 154
208 154
209 154
210 154
211 154
212 153
213 153
214 153
215 153
216 153
217 153
218 152
219 152
220 152
221 152
222 151
223 151
224 151
225 150
226 150
227 150
228 149
229 149
230 149
231 148
232 148
233 148
234 147
235 147
236 146
237 146
238 146
239 145
240 145
241 144
242 144
243 144
244 143
245 143
246 143
247 142
248 142
249 142
250 141
251 141
252 141
253 140
254 140
255 140
256 139
257 139
258 139
259 139
260 138
261 138
262 138
263 138
264 137
265 137
266 137
267 137
268 136
269 136
270 136
271 136
272 136
273 135
274 135
275 135
276 135
277 135
278 134
279 134
280 134
281 134
282 134
283 134
284 134
285 133
286 133
287 133
288 133
289 133
290 133
291 133
292 133
293 133
294 133
295 133
296 133
297 133
298 133
299 133
300 133
301 133
302 133
303 133
304 133
305 133
306 133
307 133
308 133
309 134
310 134
311 134
312 134
313 134
314 135
315 135
316 135
317 135
318 135
319 136
320 136
321 136
322 137
323 137
324 137
325 137
326 138
327 138
328 138
329 138
330 138
331 139
332 139
333 139
334 139
335 139
336 139
337 139
338 139
339 139
340 139
341 139
342 139
343 139
344 139
345 138
346 138
347 138
348 137
349 137
350 136
351 136
352 135
353 134
354 134
355 133
356 132
357 131
358 130
359 129
360 129
361 128
362 127
363 126
364 125
365 124
366 124
367 123
368 122
369 122
370 121
371 120
372 120
373 120
374 119
375 119
376 119
377 119
378 119
379 118
380 118
381 118
382 118
383 118
384 119
385 119
386 119
387 119
388 119
389 119
390 120
391 120
392 120
393 120
394 120
395 121
396 121
397 121
398 121
399 122
400 122
401 122
402 122
403 123
404 123
405 123
406 123
407 123
408 123
409 124
410 124
411 124
412 124
413 124
414 124
415 124
416 124
417 124
418 124
419 124
420 124
421 124
422 124
423 124
424 124
425 124
426 124
427 124
428 124
429 124
430 124
431 124
432 124
433 125
434 125
435 125
436 125
437 125
438 125
439 125
440 125
441 125
442 125
443 125
444 126
445 126
446 126
447 126
448 126
449 127
450 127
451 127
452 127
453 128
454 128
455 128
456 128
457 129
458 129
459 129
460 130
461 130
462 131
463 131
464 131
465 132
466 132
467 133
468 133
469 134
470 134
471 135
472 135
473 136
474 136
475 137
476 137
477 138
478 138
479 139
480 140
481 140
482 141
483 141
484 142
485 143
486 143
487 144
488 144
489 145
490 145
491 146
492 147
493 147
494 148
495 148
496 149
497 149
498 149
499 150
500 150
501 151
502 151
503 151
504 152
505 152
506 152
507 152
508 153
509 153
510 153
511 153
512 153
513 153
514 153
515 153
516 153
517 153
518 153
519 153
520 153
521 153
522 153
523 153
524 153
525 152
526 152
527 152
528 152
529 152
530 151
531 151
532 151
533 151
534 151
535 151
536 151
537 150
538 150
539 150
540 150
541 150
542 150
543 151
544 151
545 151
546 151
547 151
548 152
549 152
550 152
551 153
552 153
553 153
554 154
555 154
556 154
557 155
558 155
559 155
560 156
561 156
562 156
563 157
564 157
565 157
566 157
567 157
568 157
569 157
570 157
571 157
572 157
573 156
574 156
575 156
576 156
577 155
578 155
579 154
580 154
581 153
582 152
583 152
584 151
585 150
586 149
587 148
588 147
589 146
590 145
591 144
592 143
593 142
594 141
594 140
595 139
596 138
597 137
597 136
598 135
599 134
600 133
600 132
601 131
602 130
602 129
603 128
604 127
605 126
605 125
606 124
607 123
608 122
