12 18
13 19
13 20
13 21
13 22
14 23
14 24
14 25
14 26
14 27
15 28
15 29
15 30
15 31
16 32
16 33
16 34
16 35
16 36
17 37
17 38
17 39
17 40
18 41
18 42
18 43
18 44
19 45
19 46
19 47
19 48
20 49
20 50
20 51
21 52
21 53
21 54
21 55
22 56
22 57
22 58
23 59
23 60
23 61
24 62
24 63
25 64
25 65
25 66
26 67
26 68
27 69
28 70
28 71
29 72
29 73
30 74
31 75
32 76
33 77
33 78
34 79
35 80
36 80
37 81
38 82
39 83
40 83
41 84
42 85
43 85
44 85
45 86
46 86
47 87
48 87
49 87
50 87
51 87
52 88
53 88
54 88
55 88
56 88
57 88
58 88
59 88
60 88
61 88
62 88
63 88
64 88
65 88
66 88
67 88
68 89
69 89
70 89
71 90
72 90
73 90
74 91
75 91
76 92
77 92
78 93
79 93
80 94
81 94
82 94
83 95
84 95
85 95
86 95
87 95
88 95
89 95
90 94
91 94
92 93
93 92
94 91
95 91
96 90
97 89
98 88
99 87
99 86
100 85
101 84
102 83
103 82
103 81
104 80
105 79
106 78
106 77
107 76
108 75
109 75
110 74
111 74
112 74
113 74
114 74
115 75
116 75
117 76
118 76
119 77
120 77
121 78
122 78
123 79
124 79
125 80
126 80
127 81
128 81
129 82
130 82
131 83
132 83
133 84
134 84
135 85
136 85
137 85
138 86
139 86
140 86
141 87
142 87
143 87
144 87
145 87
146 87
147 87
148 87
149 87
150 87
151 87
152 87
153 86
154 86
155 86
156 85
157 85
158 84
159 84
160 84
161 83
162 83
163 82
164 82
165 81
166 81
167 80
168 79
169 79
170 78
171 78
172 77
173 77
174 77
175 76
176 76
177 76
178 75
179 75
180 75
181 75
182 75
183 75
184 75
185 75
186 75
187 75
188 75
189 75
190 75
191 76
192 76
193 76
194 77
195 77
196 77
197 78
198 78
199 79
200 79
201 80
202 81
203 81
204 82
205 82
206 83
207 83
208 83
209 84
210 84
211 85
212 85
213 85
214 85
215 85
216 86
217 86
218 86
219 86
220 86
221 85
222 85
223 85
224 85
225 85
226 85
227 84
228 84
229 84
230 83
231 83
232 83
233 82
234 82
235 81
236 81
237 80
238 80
239 79
240 79
241 78
242 78
243 77
244 77
245 76
246 76
247 75
248 75
249 74
250 74
251 73
252 73
253 72
254 72
255 71
256 71
257 70
258 70
259 69
260 69
261 69
262 68
263 68
264 67
265 67
266 66
267 66
268 65
269 65
270 64
271 64
272 63
273 63
274 62
275 62
276 61
277 61
278 60
279 60
280 59
281 59
282 58
283 58
284 57
285 57
286 56
287 56
288 56
289 55
290 55
291 55
292 55
293 54
294 54
295 54
296 54
297 54
298 54
299 54
300 54
301 54
302 54
303 54
304 54
305 54
306 54
307 54
308 55
309 55
310 55
311 55
