10 71
11 72
11 73
11 74
12 75
12 76
13 77
13 78
14 79
14 80
15 81
15 82
16 83
16 84
17 85
17 86
18 87
18 88
19 89
19 90
20 91
20 92
21 93
21 94
22 95
22 96
23 97
24 98
24 99
25 100
25 101
26 102
27 103
27 104
28 105
29 106
30 107
31 108
32 109
33 110
34 110
35 111
36 111
37 111
38 111
39 111
40 111
41 111
42 111
43 112
44 112
45 112
46 112
47 112
48 112
49 112
50 112
51 113
52 113
53 113
54 114
55 114
56 114
57 115
58 115
59 116
60 116
61 117
62 117
63 118
64 118
65 119
66 119
67 120
68 120
69 121
70 121
71 122
72 123
73 123
74 124
75 124
76 125
77 126
78 126
79 127
80 127
81 128
82 129
83 129
84 130
85 130
86 131
87 131
88 132
89 132
90 133
91 133
92 134
93 134
94 135
95 135
96 136
97 136
98 136
99 137
100 137
101 138
102 138
103 138
104 139
105 139
106 139
107 140
108 140
109 140
110 140
111 141
112 141
113 141
114 141
115 141
116 142
117 142
118 142
119 142
120 142
121 142
122 142
123 142
124 142
125 142
126 143
127 143
128 143
129 143
130 143
131 143
132 143
133 143
134 143
135 143
136 143
137 143
138 144
139 144
140 144
141 144
142 144
143 144
144 144
145 145
146 145
147 145
148 145
149 145
150 145
151 145
152 145
153 145
154 145
155 145
156 145
157 145
158 144
159 144
160 144
161 143
162 143
163 143
164 142
165 142
166 141
167 141
168 141
169 140
170 140
171 139
172 138
173 138
174 137
175 137
176 136
177 136
178 135
179 135
180 134
181 134
182 133
183 133
184 132
185 132
186 131
187 131
188 130
189 130
190 129
191 129
192 128
193 128
194 128
195 127
196 127
197 126
198 126
199 125
200 125
201 125
202 124
203 124
204 123
205 123
206 123
207 122
208 122
209 122
210 121
211 121
212 121
213 120
214 120
215 120
216 120
217 119
218 119
219 119
220 119
221 119
222 119
223 119
224 119
225 119
226 119
227 119
228 119
229 119
230 119
231 119
232 119
233 120
234 120
235 121
236 121
237 122
238 122
239 123
240 124
241 125
242 126
243 126
244 127
245 128
246 129
247 130
248 131
249 132
250 133
251 134
252 134
253 135
254 136
255 137
256 138
257 138
258 139
259 140
260 141
261 141
262 142
263 143
264 143
265 144
266 144
267 145
268 145
269 146
270 146
271 147
272 147
273 148
274 148
275 148
276 148
277 149
278 149
279 149
280 149
281 149
282 150
283 150
284 150
285 150
286 150
287 150
288 150
289 150
290 150
291 150
292 150
293 150
294 150
295 150
296 150
297 150
298 150
299 151
300 151
301 151
302 151
303 151
304 151
305 151
306 151
307 152
308 152
309 152
310 152
311 152
312 152
313 152
314 152
315 152
316 152
317 152
318 152
319 151
320 151
321 151
322 151
323 151
324 151
325 150
326 150
327 150
328 150
329 150
330 149
331 149
332 149
333 149
334 149
335 148
336 148
337 148
338 148
339 148
340 148
341 148
342 148
343 148
344 148
345 148
346 148
347 148
348 148
349 147
350 147
351 147
352 147
353 147
354 147
355 147
356 147
357 147
358 146
359 146
360 146
361 146
362 146
363 145
364 145
365 145
366 145
367 145
368 144
369 144
370 144
371 144
372 144
373 144
374 144
375 144
376 144
377 144
378 144
379 144
380 144
381 144
382 144
383 144
384 144
385 144
386 145
387 145
388 145
389 145
390 146
391 146
392 146
393 147
394 147
395 148
396 148
397 148
398 149
399 149
400 150
401 150
402 151
403 151
404 151
405 152
406 152
407 153
408 153
409 154
410 154
411 155
412 155
413 156
414 156
415 157
416 157
417 158
418 158
419 158
420 159
421 159
422 159
423 160
424 160
425 160
426 161
427 161
428 161
429 161
430 161
431 161
432 161
433 161
434 161
435 161
436 160
437 160
438 160
439 159
440 159
441 158
442 158
443 157
444 156
445 156
446 155
447 154
448 153
449 152
450 152
451 151
452 150
453 149
454 148
455 147
456 146
457 145
458 144
459 143
460 142
461 141
462 140
463 139
464 138
465 137
466 136
467 135
468 134
469 133
470 132
471 132
472 131
473 130
474 130
475 129
476 129
477 128
478 128
479 127
480 127
481 127
482 126
483 126
484 126
485 125
486 125
487 125
488 125
489 125
490 125
491 124
492 124
493 124
494 124
495 124
496 124
497 124
498 123
499 123
500 123
501 123
502 123
503 123
504 123
505 122
506 122
507 122
508 122
509 122
510 122
511 121
512 121
513 121
514 121
515 121
516 121
517 120
518 120
519 120
520 120
521 120
522 120
