36 25
37 26
38 27
39 27
40 28
41 29
42 30
43 31
44 32
45 33
46 34
47 35
48 36
49 37
50 38
51 39
52 40
53 41
54 42
55 43
56 44
56 45
57 46
58 47
59 48
59 49
60 50
61 51
61 52
62 53
63 54
63 55
64 56
65 57
65 58
66 59
66 60
67 61
67 62
68 63
69 64
69 65
70 66
70 67
71 68
71 69
72 70
72 71
73 72
73 73
74 74
74 75
75 76
75 77
76 78
76 79
77 80
77 81
78 82
78 83
79 84
79 85
80 86
80 87
81 88
81 89
81 90
82 91
82 92
83 93
83 94
84 95
84 96
85 97
85 98
86 99
86 100
87 101
87 102
87 103
88 104
88 105
89 106
89 107
90 108
90 109
91 110
91 111
92 112
92 113
92 114
93 115
93 116
94 117
94 118
95 119
95 120
96 121
96 122
97 123
97 124
98 125
98 126
99 127
99 128
99 129
100 130
100 131
101 132
101 133
102 134
102 135
103 136
103 137
104 138
104 139
105 140
105 141
106 142
106 143
107 144
107 145
108 146
109 147
109 148
110 149
110 150
111 151
111 152
112 153
112 154
113 155
114 156
114 157
115 158
115 159
116 160
117 161
117 162
118 163
119 164
119 165
120 166
121 167
121 168
122 169
123 170
124 171
124 172
125 173
126 174
127 175
127 176
128 177
129 178
130 179
131 180
131 181
132 182
133 183
134 184
135 185
136 186
137 187
137 188
138 189
139 190
140 191
141 192
142 193
143 194
144 195
145 196
146 197
147 198
148 199
149 199
150 200
151 201
152 202
153 203
154 204
155 204
156 205
157 206
158 207
159 207
160 208
161 209
162 209
163 210
164 210
165 211
166 212
167 212
168 213
169 213
170 214
171 214
172 215
173 215
174 216
175 216
176 217
177 217
178 218
179 218
180 219
181 219
182 220
183 220
184 221
185 221
186 222
187 222
188 223
189 223
190 223
191 224
192 224
193 225
194 225
195 225
196 226
197 226
198 227
199 227
200 227
201 228
202 228
203 228
204 228
205 229
206 229
207 229
208 229
209 230
210 230
211 230
212 230
213 230
214 230
215 231
216 231
217 231
218 231
219 231
220 231
221 231
222 231
223 231
224 232
225 232
226 232
227 232
228 232
229 232
230 232
231 232
232 232
233 232
234 232
235 232
236 232
237 232
238 232
239 232
