10 62
11 63
11 64
12 65
12 66
13 67
14 68
14 69
15 70
15 71
16 72
17 73
17 74
18 75
19 76
20 77
21 78
22 79
23 80
24 81
25 81
26 81
27 82
28 82
29 82
30 82
31 81
32 81
33 81
34 80
35 80
36 79
37 78
38 78
39 77
40 76
41 75
42 75
43 74
44 73
45 72
46 72
47 71
48 70
49 69
50 68
51 68
52 67
53 66
54 66
55 65
56 64
57 63
58 63
59 62
60 61
61 61
62 60
63 60
64 59
65 59
66 58
67 58
68 57
69 57
70 56
71 56
72 55
73 55
74 54
75 54
76 54
77 53
78 53
79 53
80 53
81 52
82 52
83 52
84 52
85 52
86 51
87 51
88 51
89 51
90 51
91 51
92 51
93 51
94 51
95 51
96 51
97 51
98 51
99 51
100 51
101 51
102 51
103 51
104 51
105 51
106 52
107 52
108 52
109 52
110 52
111 52
112 52
113 53
114 53
115 53
116 53
117 53
118 54
119 54
120 54
121 55
122 55
123 55
124 56
125 56
126 57
127 57
128 58
129 58
130 59
131 60
132 61
133 62
134 63
134 64
135 65
136 66
137 67
137 68
138 69
138 70
139 71
140 72
140 73
141 74
141 75
142 76
142 77
143 78
143 79
144 80
144 81
145 82
146 83
146 84
147 85
147 86
148 87
149 88
149 89
150 90
151 91
152 92
152 93
153 94
154 95
155 96
156 97
157 98
158 99
159 100
160 101
161 102
162 102
163 103
164 104
165 105
166 105
167 106
168 107
169 107
170 108
171 108
172 109
173 109
174 110
175 110
176 111
177 111
178 112
179 112
180 112
181 113
182 113
183 113
184 113
185 113
186 114
187 114
188 114
189 114
190 114
191 114
192 114
193 114
194 114
195 114
196 113
197 113
198 113
199 113
200 113
201 112
202 112
203 112
204 111
205 111
206 111
207 110
208 110
209 110
210 109
211 109
212 109
213 108
214 108
215 107
216 107
217 107
218 106
219 106
220 105
221 105
222 104
223 104
224 104
225 103
226 103
227 102
228 102
229 102
230 101
231 101
232 100
233 100
234 100
235 99
236 99
237 99
238 98
239 98
240 97
241 97
242 97
243 96
244 96
245 96
246 95
247 95
248 95
249 94
250 94
251 94
252 93
253 93
254 93
255 92
256 92
257 92
258 91
259 91
260 91
261 91
262 90
263 90
264 90
265 90
266 90
267 89
268 89
269 89
270 89
271 89
272 89
273 89
274 89
275 89
276 89
277 89
278 89
279 89
280 89
281 89
282 89
283 89
284 89
285 90
286 90
287 90
288 90
289 90
290 91
291 91
292 91
293 91
294 92
295 92
296 92
297 93
298 93
299 93
300 94
301 94
302 95
303 95
304 95
305 96
306 96
307 97
308 97
309 98
310 98
311 99
312 100
313 100
314 101
315 101
316 102
317 102
318 103
319 103
320 104
321 104
322 105
323 105
324 106
325 106
326 106
327 107
328 107
329 108
330 108
331 108
332 108
333 108
334 109
335 109
336 109
337 109
338 109
339 109
340 109
341 109
342 109
343 108
344 108
345 108
346 108
347 107
348 107
349 107
350 106
351 106
352 105
353 105
354 104
355 103
356 103
357 102
358 101
359 101
360 100
361 99
362 98
363 98
364 97
365 96
366 95
367 94
368 93
369 92
370 91
371 91
372 90
373 89
