10 46
11 47
12 47
13 47
14 48
15 48
16 48
17 49
18 49
19 49
20 50
21 50
22 50
23 51
24 51
25 51
26 52
27 52
28 52
29 52
30 53
31 53
32 53
33 53
34 53
35 54
36 54
37 54
38 54
39 54
40 54
41 54
42 54
43 54
44 54
45 54
46 54
47 54
48 54
49 54
50 54
51 54
52 54
53 54
54 54
55 54
56 54
57 54
58 55
59 55
60 55
61 55
62 55
63 56
64 56
65 56
66 57
67 57
68 57
69 58
70 58
71 59
72 60
73 60
74 61
75 62
76 63
77 63
78 64
79 65
80 66
81 67
81 68
82 69
83 70
84 71
85 72
86 73
87 74
88 75
89 76
90 77
91 78
92 79
93 80
94 81
95 82
96 83
97 83
98 84
99 85
100 85
101 86
102 87
103 87
104 88
105 89
106 90
107 90
108 91
109 92
110 93
111 94
112 95
113 96
113 97
114 98
115 99
116 100
117 101
118 102
119 103
119 104
120 105
121 106
122 107
123 108
124 109
125 110
126 111
127 112
128 113
129 114
130 115
131 116
132 116
133 117
134 118
135 119
136 120
137 120
138 121
139 122
140 122
141 123
142 124
143 124
144 125
145 125
146 126
147 126
148 127
149 127
150 128
151 128
152 129
153 129
154 130
155 130
156 130
157 131
158 131
159 131
160 131
161 132
162 132
163 132
164 132
165 132
166 132
167 133
168 133
169 133
170 133
171 133
172 133
173 132
174 132
175 132
176 132
177 132
178 131
179 131
180 131
181 130
182 130
183 130
184 129
185 129
186 128
187 128
188 128
189 127
190 127
191 127
192 126
193 126
194 126
195 126
196 125
197 125
198 125
199 125
200 125
201 125
202 125
203 125
204 125
205 125
206 125
207 125
208 125
209 125
210 126
211 126
212 126
213 126
214 126
215 127
216 127
217 127
218 128
219 128
220 129
221 129
222 129
223 130
224 130
225 131
226 131
227 132
228 132
229 133
230 133
231 134
232 134
233 135
234 135
235 136
236 136
237 137
238 137
239 138
240 138
241 139
242 139
243 140
244 140
245 140
246 141
247 141
248 142
249 142
250 142
251 143
252 143
253 143
254 144
255 144
256 144
257 144
258 144
259 145
260 145
261 145
262 145
263 145
264 145
265 145
266 145
267 144
268 144
269 144
270 144
271 144
272 143
273 143
274 143
275 143
276 142
277 142
278 142
279 141
280 141
281 140
282 140
283 139
284 139
285 138
286 138
287 137
288 137
289 136
290 136
291 135
292 134
293 134
294 133
295 132
296 132
297 131
298 131
299 130
300 129
301 129
302 128
303 127
304 127
305 126
306 126
307 125
308 124
309 124
310 123
311 123
312 122
313 122
314 121
315 121
316 120
317 120
318 119
319 119
320 119
321 118
322 118
323 117
324 117
325 117
326 116
327 116
328 115
329 115
