10 50
11 51
11 52
12 53
13 54
13 55
14 56
15 57
15 58
16 59
17 60
18 61
18 62
19 63
20 64
21 65
21 66
22 67
23 68
24 69
25 70
26 71
26 72
27 73
28 74
29 75
30 76
31 76
32 77
33 78
34 79
35 80
36 80
37 81
38 82
39 82
40 83
41 84
42 84
43 85
44 85
45 86
46 87
47 87
48 88
49 89
50 89
51 90
52 91
53 92
54 93
55 94
56 95
56 96
57 97
58 98
58 99
59 100
59 101
60 102
60 103
61 104
61 105
62 106
62 107
63 108
63 109
64 110
64 111
64 112
65 113
65 114
66 115
66 116
67 117
67 118
67 119
68 120
68 121
69 122
69 123
70 124
70 125
71 126
71 127
72 128
72 129
73 130
73 131
74 132
74 133
75 134
76 135
76 136
77 137
78 138
79 139
80 140
81 141
82 141
83 142
84 142
85 142
86 141
87 141
88 140
89 140
90 139
91 138
92 137
93 137
94 136
95 135
96 134
97 134
98 134
99 134
100 134
101 134
102 134
103 134
104 134
105 134
106 135
107 135
108 136
109 137
110 137
111 138
112 138
113 139
114 140
115 140
116 141
117 142
118 142
119 143
120 144
121 145
122 145
123 146
124 147
125 147
126 148
127 149
128 149
129 150
130 151
131 151
132 152
133 153
134 153
135 154
136 154
137 155
138 156
139 156
140 157
141 157
142 158
143 159
144 159
145 159
146 160
147 160
148 161
149 161
150 161
151 162
152 162
153 162
154 162
155 162
156 162
157 162
158 162
159 162
160 162
161 162
162 162
163 161
164 161
165 161
166 160
167 160
168 160
169 159
170 159
171 159
172 158
173 158
174 157
175 157
176 156
177 156
178 155
179 154
180 154
181 153
182 153
183 152
184 151
185 151
186 150
187 150
188 149
189 148
190 148
191 147
192 146
193 146
194 145
195 144
196 143
197 143
198 142
199 141
200 141
201 140
202 139
203 139
204 138
