40 76
41 77
42 78
43 79
43 80
44 81
45 82
45 83
46 84
47 85
47 86
48 87
49 88
50 89
50 90
51 91
52 92
52 93
53 94
54 95
55 96
55 97
56 98
57 99
58 100
58 101
59 102
60 103
61 104
61 105
62 106
63 107
64 108
65 109
65 110
66 111
67 112
68 113
69 114
69 115
70 116
71 117
72 118
73 119
74 120
75 121
76 122
77 123
78 124
79 125
80 126
81 127
82 128
83 129
84 130
85 131
86 132
87 133
88 134
89 135
90 135
91 136
92 137
93 138
94 139
95 140
96 141
97 141
98 142
99 143
100 144
101 145
102 145
103 146
104 147
105 148
106 149
107 149
108 150
109 151
110 152
111 152
112 153
113 154
114 155
115 156
116 156
117 157
118 158
119 159
120 159
121 160
122 161
123 162
124 162
125 163
126 164
127 164
128 165
129 166
130 167
131 167
132 168
133 169
134 169
135 170
136 171
137 171
138 172
139 172
140 173
141 174
142 174
143 175
144 175
145 176
146 176
147 177
148 177
149 178
150 178
151 179
152 179
153 179
154 180
155 180
156 180
157 181
158 181
159 181
160 182
161 182
162 182
163 183
164 183
165 183
166 184
167 184
168 185
169 185
170 185
171 186
172 186
173 187
174 187
175 187
176 188
177 188
178 189
179 189
180 190
181 190
182 191
183 191
184 192
185 192
186 193
187 193
188 194
189 194
190 195
191 195
192 196
193 196
194 197
195 197
196 198
197 198
198 199
199 199
200 200
201 200
202 201
203 201
204 202
205 202
206 202
207 203
208 203
209 204
210 204
211 205
212 205
213 206
214 206
215 207
216 207
217 208
218 208
219 209
220 209
221 209
222 210
223 210
224 211
225 211
226 212
227 212
228 212
229 213
230 213
231 214
232 214
233 214
234 215
235 215
236 216
237 216
238 216
239 217
240 217
241 217
242 218
243 218
244 218
245 219
246 219
247 219
248 219
249 220
250 220
251 220
252 220
253 220
254 220
255 220
256 220
257 220
258 220
259 220
260 220
261 220
262 220
263 220
264 219
265 219
266 219
267 218
268 218
269 218
270 217
271 217
272 216
273 216
274 215
275 215
276 214
277 213
278 213
279 212
280 211
281 211
282 210
283 209
284 208
285 207
286 206
287 206
288 205
289 204
290 203
291 202
292 201
293 200
293 199
294 198
295 197
296 196
297 195
298 194
299 193
300 192
301 191
302 190
303 189
304 188
305 187
306 186
307 185
308 185
309 184
310 183
311 182
312 181
313 181
314 180
315 179
316 179
317 178
318 178
319 177
320 177
321 176
322 176
323 175
324 175
325 174
326 174
327 173
328 172
329 171
330 170
331 169
332 168
333 167
333 166
334 165
335 164
335 163
336 162
336 161
337 160
337 159
338 158
338 157
339 156
339 155
340 154
340 153
341 152
341 151
342 150
342 149
343 148
343 147
344 146
344 145
345 144
345 143
346 142
346 141
347 140
347 139
348 138
348 137
349 136
349 135
350 134
350 133
351 132
352 131
352 130
353 129
353 128
354 127
355 126
355 125
356 124
357 123
358 122
358 121
359 120
360 119
361 118
362 118
363 117
364 116
365 116
366 115
367 115
368 115
369 114
370 114
371 114
372 113
373 113
374 113
375 113
376 113
377 113
378 113
379 113
380 113
381 113
382 113
383 112
384 112
385 112
386 112
387 112
388 112
389 112
390 112
391 112
392 112
393 112
394 112
395 112
396 112
397 112
398 112
399 112
400 112
401 111
402 111
403 111
404 111
405 111
406 111
407 111
408 111
409 110
410 110
411 110
412 110
413 110
414 110
415 110
416 110
417 110
418 110
419 110
420 110
421 110
422 110
423 110
424 110
425 110
426 110
427 110
428 110
429 110
430 110
431 111
432 111
433 111
434 111
435 111
436 112
437 112
438 112
439 113
440 113
441 113
442 114
443 114
444 115
445 115
446 116
447 116
448 116
449 117
450 117
451 118
452 119
453 119
454 120
455 120
456 121
457 121
458 122
459 122
460 123
461 124
462 124
463 125
464 125
465 126
466 127
467 127
468 128
469 128
470 129
471 129
472 130
473 130
474 131
475 132
476 132
477 133
478 133
479 133
480 134
481 134
482 135
483 135
484 135
485 136
486 136
487 136
488 137
489 137
490 137
491 137
492 137
493 137
494 137
495 137
496 137
497 136
498 136
499 136
500 136
501 135
502 135
503 135
504 134
505 134
506 133
507 133
508 132
509 132
510 131
511 131
512 130
513 130
514 129
515 128
516 128
517 127
518 127
519 126
520 126
521 125
522 125
523 124
524 124
525 123
526 122
527 122
528 121
529 121
530 120
531 120
