14 23
15 24
16 25
16 26
17 27
18 28
18 29
19 30
19 31
20 32
21 33
21 34
22 35
22 36
23 37
23 38
24 39
25 40
25 41
26 42
26 43
27 44
28 45
28 46
29 47
29 48
30 49
31 50
31 51
32 52
32 53
33 54
34 55
34 56
35 57
35 58
36 59
37 60
37 61
38 62
39 63
39 64
40 65
41 66
41 67
42 68
43 69
43 70
44 71
45 72
45 73
46 74
47 75
48 76
48 77
49 78
50 79
51 80
52 81
52 82
53 83
54 84
55 85
56 86
57 87
57 88
58 89
59 90
60 91
61 92
62 93
63 94
64 95
65 96
66 96
67 97
68 98
69 99
70 100
71 101
72 101
73 102
74 103
75 104
76 104
77 105
78 106
79 106
80 107
81 107
82 108
83 108
84 109
85 109
86 110
87 110
88 111
89 111
90 111
91 112
92 112
93 112
94 112
95 113
96 113
97 113
98 113
99 113
100 113
101 113
102 114
103 114
104 114
105 114
106 113
107 113
108 113
109 113
110 113
111 113
112 113
113 112
114 112
115 112
116 112
117 112
118 111
119 111
120 111
121 110
122 110
123 110
124 109
125 109
126 109
127 108
128 108
129 108
130 108
131 107
132 107
133 107
134 107
135 106
136 106
137 106
138 106
139 106
140 106
141 106
142 106
143 106
144 106
145 106
146 106
147 106
148 106
149 106
150 106
151 106
152 107
153 107
154 107
155 107
156 108
157 108
158 108
159 109
160 109
161 109
162 110
163 110
164 111
165 111
166 111
167 112
168 112
169 113
170 114
171 114
172 115
173 115
174 116
175 116
176 117
177 118
178 118
179 119
180 120
181 120
182 121
183 122
184 122
185 123
186 124
187 125
188 125
189 126
190 127
191 128
192 128
193 129
194 130
195 131
196 132
197 133
198 133
199 134
200 135
201 136
202 137
203 137
204 138
205 139
206 140
207 141
208 141
209 142
210 143
211 144
212 145
213 145
214 146
215 147
216 147
217 148
218 149
219 149
220 150
221 151
222 151
223 152
224 152
225 153
226 153
227 154
228 154
229 155
230 155
231 155
232 156
233 156
234 156
235 157
236 157
237 157
238 158
239 158
240 158
241 159
242 159
243 159
244 159
245 159
246 160
247 160
248 160
249 160
250 160
251 161
252 161
253 161
254 161
255 161
256 161
257 161
258 162
259 162
260 162
261 162
262 162
263 162
264 162
265 162
266 162
267 163
268 163
269 163
270 163
271 163
272 163
273 163
274 162
275 162
276 162
277 162
278 162
279 162
280 161
281 161
282 161
283 160
284 160
285 160
286 159
287 159
288 159
289 159
290 158
291 158
292 158
293 158
294 158
295 158
296 158
297 158
298 158
299 159
300 159
301 159
302 160
303 160
304 161
305 161
306 162
307 162
308 163
309 164
310 164
311 165
312 166
313 167
314 167
315 168
316 169
317 170
318 170
319 171
320 172
321 173
322 173
323 174
324 175
325 175
326 176
327 177
328 177
329 178
330 179
331 179
332 180
333 181
334 181
335 182
336 182
337 183
338 183
339 184
340 184
341 185
342 185
343 185
344 186
345 186
346 186
347 187
348 187
349 187
350 187
351 187
352 187
353 188
354 188
355 188
356 187
357 187
358 187
359 187
360 187
361 187
362 186
363 186
364 186
365 185
366 185
367 184
368 184
369 184
370 183
371 183
372 182
373 182
374 181
375 181
376 180
377 180
378 179
379 179
380 178
381 178
382 177
383 177
384 177
385 176
386 176
387 176
388 176
389 176
390 176
391 176
392 176
393 176
394 176
395 176
396 176
397 176
398 176
399 176
400 175
401 175
402 175
403 174
404 174
405 173
406 173
407 172
408 172
409 171
410 170
411 169
412 168
413 168
414 167
415 166
416 165
417 164
418 163
419 162
420 161
421 160
422 159
423 159
424 158
425 157
426 156
427 155
428 154
429 153
430 152
431 152
432 151
433 150
434 149
435 148
436 148
437 147
438 146
439 145
440 145
441 144
442 143
443 143
444 142
445 141
446 141
447 140
448 139
449 139
450 138
451 138
452 137
453 137
454 136
455 136
456 135
457 135
458 135
459 134
460 134
461 134
462 133
463 133
464 133
465 133
466 132
467 132
468 132
469 132
470 132
471 132
472 132
473 132
474 132
475 132
476 132
477 132
478 132
479 132
480 132
481 132
482 133
483 133
484 133
485 133
486 133
487 134
488 134
489 134
490 135
491 135
492 135
493 136
494 136
495 136
496 137
497 137
498 137
499 138
500 138
501 139
502 139
503 140
504 140
505 141
506 141
507 142
508 142
509 142
510 143
511 143
512 144
513 145
514 145
515 145
516 146
517 147
518 147
519 147
520 148
521 148
522 149
523 149
524 150
525 150
526 151
527 151
528 152
529 152
530 152
531 153
532 153
533 154
534 154
535 154
536 155
537 155
538 155
539 156
540 156
541 156
542 157
543 157
544 158
545 158
546 158
547 159
548 159
549 159
550 160
551 160
552 160
553 161
554 161
555 161
556 162
557 162
558 163
559 163
560 163
561 164
562 164
563 164
564 165
565 165
566 166
567 166
568 166
569 167
570 167
571 168
572 168
573 168
574 169
575 169
576 170
577 170
578 170
579 171
580 171
581 172
582 172
583 172
584 173
585 173
586 173
587 174
588 174
589 174
590 175
591 175
592 176
593 176
594 176
595 177
596 177
597 177
598 178
599 178
600 178
601 178
602 179
603 179
604 179
605 180
606 180
607 180
608 180
609 181
610 181
611 181
612 181
613 181
614 182
615 182
616 182
617 182
618 182
619 182
620 182
621 182
622 183
623 183
624 183
625 183
626 183
627 183
628 183
629 183
630 183
631 183
632 183
633 183
634 183
635 183
636 183
637 183
638 183
639 183
640 183
641 183
642 183
643 183
644 183
645 183
646 183
647 182
648 182
649 182
650 182
651 182
652 182
653 182
654 182
655 182
656 182
657 182
658 182
659 182
660 182
661 182
662 181
663 181
664 181
665 181
666 181
667 181
668 181
669 181
670 181
671 181
672 180
673 180
674 180
675 180
676 180
677 179
678 179
679 179
680 179
681 179
682 178
683 178
684 178
685 177
686 177
687 177
688 176
689 176
690 175
691 175
692 175
693 174
694 174
695 173
696 172
697 172
698 171
699 171
700 170
701 169
702 169
703 168
704 167
705 166
706 166
707 165
708 164
709 163
710 162
711 161
712 160
713 159
714 158
715 157
716 156
717 155
718 154
719 153
720 152
721 151
722 150
723 149
723 148
724 147
725 146
726 145
727 144
728 143
728 142
729 141
730 140
731 139
732 138
732 137
733 136
734 135
