7 40
8 40
9 41
10 42
10 43
11 44
12 45
13 46
14 47
15 48
16 49
17 50
18 51
19 52
19 53
20 54
21 55
22 56
23 57
24 58
25 59
26 60
27 61
27 62
28 63
29 64
30 65
31 66
32 67
33 68
34 69
34 70
35 71
36 72
37 73
38 74
39 75
40 76
40 77
41 78
42 79
43 80
44 81
45 82
45 83
46 84
47 85
48 86
49 87
50 88
51 89
52 90
52 91
53 92
54 93
55 94
56 95
57 96
58 97
59 98
60 99
60 100
61 101
62 102
63 103
64 104
65 105
66 106
67 107
68 108
69 109
70 110
71 111
72 112
73 113
74 114
75 115
76 116
77 117
78 118
79 119
80 120
81 121
82 122
83 123
84 124
85 125
86 126
87 127
88 128
89 129
90 129
91 130
92 131
93 132
94 133
95 134
96 135
97 135
98 136
99 137
100 138
101 139
102 139
103 140
104 141
105 142
106 142
107 143
108 144
109 145
110 145
111 146
112 147
113 147
114 148
115 149
116 150
117 150
118 151
119 152
120 152
121 153
122 154
123 154
124 155
125 156
126 157
127 157
128 158
129 159
130 160
131 161
132 162
133 162
134 163
135 164
136 165
137 166
138 166
139 167
140 168
141 168
142 169
143 169
144 170
145 170
146 170
147 170
148 171
149 171
150 170
151 170
152 170
153 170
154 169
155 169
156 169
157 168
158 168
159 167
160 166
161 166
162 165
163 165
164 164
165 163
166 163
167 162
168 162
169 161
170 161
171 160
172 160
173 159
174 159
175 159
176 158
177 158
178 158
179 158
180 158
181 158
182 158
183 157
184 157
185 157
186 157
187 157
188 157
189 157
190 156
191 156
192 156
193 156
194 155
195 155
196 155
197 155
198 154
199 154
200 154
201 153
202 153
203 153
204 152
205 152
206 152
207 151
208 151
209 150
210 150
211 150
212 149
213 149
214 149
215 148
216 148
217 148
218 147
219 147
220 147
221 147
222 146
223 146
224 146
225 146
226 146
227 146
228 146
229 146
230 146
231 146
232 146
233 146
234 146
235 146
236 146
237 147
238 147
239 147
240 147
241 147
242 147
243 147
244 147
245 146
246 146
247 146
248 146
249 146
250 145
251 145
252 145
253 145
254 144
255 144
256 144
257 143
258 143
259 143
260 143
261 142
262 142
263 142
264 142
265 142
266 142
267 142
268 142
269 142
270 142
271 142
272 142
273 142
274 143
275 143
276 144
277 144
278 145
279 146
280 147
281 148
282 149
283 150
284 151
285 152
286 153
286 154
287 155
288 156
289 157
289 158
290 159
291 160
292 161
293 162
293 163
294 164
295 165
296 166
297 167
298 168
299 168
300 169
301 170
302 171
303 171
304 172
305 173
306 173
307 174
308 174
309 175
310 175
311 175
312 176
313 176
314 176
315 176
316 177
317 177
318 177
319 177
320 178
321 178
322 178
323 178
324 178
325 178
326 179
