25 72
26 73
26 74
26 75
26 76
27 77
27 78
27 79
28 80
28 81
28 82
28 83
29 84
29 85
29 86
30 87
30 88
30 89
30 90
31 91
31 92
31 93
32 94
32 95
32 96
33 97
33 98
33 99
33 100
34 101
34 102
34 103
35 104
35 105
35 106
36 107
36 108
36 109
36 110
37 111
37 112
37 113
38 114
38 115
38 116
39 117
39 118
39 119
40 120
40 121
40 122
41 123
41 124
41 125
42 126
42 127
42 128
43 129
43 130
43 131
44 132
44 133
44 134
45 135
45 136
45 137
46 138
46 139
47 140
47 141
47 142
48 143
48 144
49 145
49 146
49 147
50 148
50 149
51 150
51 151
52 152
52 153
53 154
53 155
54 156
54 157
55 158
55 159
56 160
57 161
57 162
58 163
59 164
59 165
60 166
61 167
62 168
62 169
63 170
64 171
65 172
66 173
67 174
68 175
69 176
70 176
71 177
72 178
73 178
74 179
75 180
76 180
77 180
78 181
79 181
80 181
81 182
82 182
83 182
84 182
85 182
86 182
87 182
88 182
89 182
90 182
91 182
92 182
93 181
94 181
95 181
96 181
97 180
98 180
99 180
100 180
101 179
102 179
103 179
104 178
105 178
106 178
107 177
108 177
109 177
110 176
111 176
112 176
113 176
114 175
115 175
116 175
117 175
118 174
119 174
120 174
121 174
122 174
123 174
124 174
125 174
126 174
127 174
128 173
129 173
130 173
131 173
132 173
133 173
134 173
135 173
136 173
137 173
138 173
139 173
140 173
141 173
142 173
143 173
144 173
145 172
146 172
147 172
148 172
149 172
150 171
151 171
152 171
153 171
154 170
155 170
156 169
157 169
158 168
159 168
160 167
161 167
162 166
163 165
164 164
165 164
166 163
167 162
168 161
169 160
170 159
171 158
172 157
173 156
174 155
175 154
176 153
177 152
178 151
179 151
180 150
181 149
182 149
183 148
184 147
185 147
186 147
187 146
188 146
189 146
190 146
191 145
192 145
193 145
194 145
195 145
196 145
197 145
198 145
199 146
200 146
201 146
202 146
203 146
204 146
205 146
206 146
207 146
208 146
209 147
210 147
211 147
212 147
213 147
214 147
215 147
216 147
217 146
218 146
219 146
220 146
221 146
222 146
223 146
224 145
225 145
226 145
227 145
228 144
229 144
230 144
231 144
232 143
233 143
234 143
235 142
236 142
237 142
238 141
239 141
240 141
241 140
242 140
243 140
244 140
245 139
246 139
247 139
248 138
249 138
250 138
251 138
252 137
253 137
254 137
255 137
256 136
257 136
258 136
259 136
260 136
261 135
262 135
263 135
264 135
265 135
266 135
267 135
268 134
269 134
270 134
271 134
272 134
273 134
274 134
275 134
276 134
277 134
278 134
279 134
280 134
281 133
282 133
283 133
284 133
285 133
286 133
287 133
288 133
289 133
290 133
291 133
292 133
293 133
294 133
295 133
296 133
297 133
298 133
299 132
300 132
301 132
302 132
303 132
304 132
305 132
306 132
307 132
308 132
309 132
310 132
311 132
312 132
313 132
314 132
315 132
316 131
317 131
318 131
319 131
320 131
321 131
322 131
323 131
324 131
325 131
326 132
327 132
328 132
329 132
330 132
331 132
332 132
333 132
334 133
335 133
336 133
337 133
338 133
339 134
340 134
341 134
342 134
343 135
344 135
345 135
346 135
347 135
348 135
349 135
350 134
351 134
352 134
353 133
354 133
355 132
356 132
357 131
358 130
359 130
360 129
361 128
362 127
363 127
364 126
365 125
366 124
367 124
368 123
369 122
370 121
371 120
372 120
373 119
374 118
375 118
376 117
377 116
378 116
379 115
380 114
381 114
382 113
383 112
384 112
385 111
386 111
387 110
388 110
389 109
390 109
391 108
392 108
393 107
394 107
395 106
396 106
397 106
398 106
399 105
400 105
401 105
402 105
403 105
404 104
405 104
406 104
407 104
408 104
409 104
410 104
411 104
412 104
413 104
414 104
415 104
416 104
417 104
418 104
419 104
420 104
421 104
422 104
423 104
424 104
425 104
426 104
427 104
428 104
429 104
430 104
431 104
432 104
433 104
434 104
435 105
436 105
437 105
438 105
439 105
440 106
441 106
442 106
443 107
444 107
445 107
446 108
447 108
448 109
449 109
450 110
451 110
452 111
453 112
454 112
455 113
456 114
457 114
458 115
459 116
460 117
461 117
462 118
463 119
464 120
465 121
466 122
467 122
468 123
469 124
470 125
471 126
472 127
473 128
474 129
475 130
476 131
477 132
478 133
479 134
480 135
481 136
482 137
483 138
484 139
485 140
486 141
487 142
488 142
489 143
490 144
491 145
492 146
493 147
494 147
495 148
496 149
497 149
498 150
499 150
500 151
501 151
502 151
503 152
504 152
505 152
506 152
507 152
508 152
509 152
510 152
511 152
512 152
513 151
514 151
515 151
516 150
517 150
518 149
519 149
520 148
521 147
522 147
523 146
524 145
525 144
526 144
527 143
528 142
529 141
530 140
531 139
531 138
532 137
533 136
534 135
535 134
535 133
536 132
537 131
537 130
538 129
539 128
539 127
540 126
540 125
541 124
542 123
542 122
543 121
543 120
544 119
544 118
545 117
545 116
546 115
546 114
547 113
548 112
548 111
549 110
549 109
550 108
550 107
551 106
552 105
552 104
553 103
554 102
555 101
556 100
557 99
558 98
559 98
560 98
561 98
562 98
563 98
564 98
565 98
566 98
567 99
568 99
569 100
570 100
571 101
572 102
573 103
574 104
575 105
576 106
577 107
578 108
579 109
580 110
581 111
582 112
583 113
584 114
585 115
586 116
586 117
587 118
588 119
589 120
590 121
591 122
591 123
592 124
593 125
594 126
595 127
595 128
596 129
597 130
598 131
599 132
599 133
600 134
601 135
602 136
603 137
603 138
604 139
605 140
606 141
607 142
607 143
608 144
609 145
609 146
