35 51
36 51
37 52
38 53
39 54
40 55
41 56
42 57
43 58
44 59
45 60
46 60
47 61
48 62
49 63
50 64
51 64
52 65
53 66
54 67
55 67
56 68
57 69
58 70
59 70
60 71
61 71
62 72
63 73
64 73
65 74
66 74
67 75
68 75
69 76
70 76
71 77
72 78
73 78
74 79
75 79
76 80
77 80
78 81
79 81
80 82
81 82
82 83
83 84
84 84
85 85
86 86
87 86
88 87
89 88
90 88
91 89
92 90
93 91
94 91
95 92
96 93
97 94
98 95
99 96
100 97
101 98
102 99
103 100
104 101
105 102
106 103
107 104
108 105
109 106
110 107
111 108
112 109
112 110
113 111
114 112
115 113
116 114
116 115
117 116
118 117
119 118
120 119
120 120
121 121
122 122
123 123
123 124
124 125
125 126
126 127
126 128
127 129
128 130
128 131
129 132
130 133
130 134
131 135
132 136
132 137
133 138
134 139
134 140
135 141
136 142
136 143
137 144
138 145
138 146
139 147
140 148
140 149
141 150
142 151
142 152
143 153
144 154
144 155
145 156
146 157
146 158
147 159
148 160
148 161
149 162
150 163
150 164
151 165
152 166
153 167
154 168
154 169
155 170
156 171
157 172
158 173
159 174
160 175
161 176
162 177
163 177
164 178
165 179
166 179
167 180
168 181
169 181
170 182
171 182
172 182
173 183
174 183
175 183
176 184
177 184
178 184
179 185
180 185
181 185
182 185
183 185
184 186
185 186
186 186
187 186
188 186
189 186
190 186
191 186
192 186
193 186
194 186
195 186
196 186
197 186
198 186
199 186
200 185
201 185
202 185
203 185
204 185
205 184
206 184
207 184
208 183
209 183
210 183
211 182
212 182
213 182
214 181
215 181
216 180
217 180
218 179
219 179
220 178
221 178
222 178
223 177
224 177
225 176
226 176
227 175
228 175
229 174
230 174
231 173
232 173
233 172
234 172
235 171
236 171
237 171
238 170
239 170
240 169
241 169
242 169
243 168
244 168
245 168
246 167
247 167
248 167
249 166
250 166
251 166
252 165
253 165
254 165
255 164
256 164
257 164
258 164
259 163
260 163
261 163
262 163
263 162
264 162
265 162
266 162
267 161
268 161
269 161
270 161
271 160
272 160
273 160
274 160
275 159
276 159
277 159
278 159
279 158
280 158
281 158
282 158
283 157
284 157
285 157
286 157
287 156
288 156
289 156
290 155
291 155
292 155
293 155
294 154
295 154
296 154
297 154
298 153
299 153
300 153
301 153
302 153
303 152
304 152
305 152
306 152
307 152
308 152
309 152
310 152
311 151
312 151
313 151
314 151
315 151
316 151
317 151
318 151
319 152
320 152
321 152
322 152
323 152
324 152
325 152
326 153
327 153
328 153
329 153
330 154
331 154
332 154
333 155
334 155
335 156
336 156
337 156
338 157
339 157
340 158
341 158
342 159
343 159
344 160
345 160
346 160
347 161
348 161
349 162
350 162
351 162
352 163
353 163
354 163
355 164
356 164
357 164
358 164
359 164
360 164
361 165
362 165
363 165
364 165
365 165
366 164
367 164
368 164
369 164
370 164
371 164
372 164
373 163
374 163
375 163
376 163
377 162
378 162
379 162
380 161
381 161
382 161
383 160
384 160
385 160
386 159
387 159
388 158
389 158
390 158
391 157
392 157
393 156
394 156
395 156
396 155
397 155
398 154
399 154
400 153
401 153
402 153
403 152
404 152
405 151
406 151
407 150
408 150
409 150
410 149
411 149
412 148
413 148
414 147
415 147
416 147
417 146
418 146
419 145
420 145
421 145
422 144
423 144
424 143
425 143
426 143
427 142
428 142
429 142
430 141
431 141
432 141
433 140
434 140
435 140
436 140
437 139
438 139
439 139
440 139
441 138
442 138
443 138
444 138
445 138
446 138
447 137
448 137
449 137
450 137
451 137
452 137
453 137
454 137
455 137
456 137
457 137
458 137
459 136
460 136
461 136
462 136
463 137
464 137
465 137
466 137
467 137
468 137
469 137
470 137
471 137
472 137
473 137
474 138
475 138
476 138
477 138
478 139
479 139
480 139
481 140
482 140
483 140
484 141
485 141
486 142
487 142
488 143
489 143
490 144
491 145
492 146
493 146
494 147
495 148
496 149
497 150
498 151
499 151
500 152
501 153
502 154
503 155
504 156
505 157
506 158
506 159
507 160
508 161
509 162
510 163
511 164
512 165
513 166
514 167
515 168
516 169
517 170
518 171
519 172
520 173
521 174
522 175
523 176
524 177
525 178
526 179
527 180
528 181
529 182
530 183
531 184
532 184
533 185
534 186
535 187
536 187
537 188
538 189
539 189
540 190
541 191
542 191
543 192
544 192
545 192
546 193
547 193
548 194
549 194
550 194
551 194
552 195
553 195
554 195
555 195
556 195
557 195
558 195
559 195
560 195
561 194
562 194
563 194
564 194
565 193
566 193
567 193
568 192
569 192
570 191
571 191
572 190
573 190
574 189
575 189
576 188
577 188
578 187
579 186
580 186
581 185
582 184
583 183
584 183
585 182
586 181
587 180
588 179
589 178
590 177
591 176
592 175
593 174
594 173
595 172
596 171
597 170
598 169
599 168
600 167
601 166
602 165
602 164
603 163
604 162
605 161
606 160
606 159
607 158
608 157
609 156
610 155
610 154
611 153
612 152
613 151
613 150
614 149
615 148
615 147
616 146
617 145
