13 62
14 63
15 64
16 65
17 65
18 66
19 67
20 68
21 69
22 69
23 70
24 71
25 72
26 72
27 73
28 74
29 74
30 75
31 76
32 76
33 77
34 78
35 78
36 79
37 79
38 80
39 80
40 81
41 81
42 82
43 82
44 83
45 83
46 84
47 84
48 85
49 85
50 86
51 86
52 86
53 87
54 87
55 88
56 88
57 89
58 89
59 90
60 90
61 91
62 91
63 92
64 93
65 93
66 94
67 94
68 95
69 96
70 96
71 97
72 98
73 98
74 99
75 100
76 100
77 101
78 102
79 103
80 103
81 104
82 105
83 106
84 106
85 107
86 108
87 109
88 109
89 110
90 111
91 111
92 112
93 113
94 114
95 114
96 115
97 116
98 116
99 117
100 118
101 118
102 119
103 120
104 120
105 121
106 121
107 122
108 122
109 123
110 123
111 124
112 124
113 125
114 125
115 126
116 126
117 126
118 127
119 127
120 127
121 128
122 128
123 128
124 129
125 129
126 129
127 129
128 129
129 130
130 130
131 130
132 130
133 130
134 131
135 131
136 131
137 131
138 132
139 132
140 133
141 133
142 133
143 134
144 134
145 135
146 136
147 136
148 137
149 138
150 138
151 139
152 140
153 140
154 141
155 142
156 142
157 143
158 144
159 144
160 145
161 145
162 146
163 146
164 147
165 147
166 148
167 148
168 149
169 149
170 150
171 150
172 150
173 151
174 151
175 151
176 152
177 152
178 152
179 153
180 153
181 154
182 154
183 154
184 155
185 155
186 155
187 156
188 156
189 156
190 157
191 157
192 157
193 158
194 158
195 158
196 159
197 159
198 159
199 160
200 160
201 160
202 161
203 161
204 161
205 161
206 162
207 162
208 162
209 163
210 163
211 163
212 163
213 163
214 164
215 164
216 164
217 164
218 164
219 164
220 164
221 164
222 165
223 164
224 164
225 164
226 164
227 164
228 164
229 164
230 163
231 163
232 163
233 162
234 162
235 161
236 161
237 160
238 160
239 159
240 158
241 158
242 157
243 156
244 156
245 155
246 154
247 154
