22 54
23 53
24 52
25 52
26 52
27 51
28 51
29 50
30 50
31 50
32 49
33 49
34 49
35 49
36 49
37 49
38 49
39 49
40 49
41 49
42 49
43 49
44 50
45 50
46 50
47 51
48 51
49 51
50 52
51 52
52 53
53 53
54 53
55 54
56 55
57 55
58 56
59 56
60 57
61 57
62 58
63 58
64 59
65 59
66 59
67 60
68 60
69 59
70 59
71 59
72 58
73 58
74 57
75 56
76 56
77 55
78 55
79 54
80 53
81 53
82 52
83 52
84 51
85 51
86 50
87 50
88 50
89 49
90 49
91 49
92 49
93 49
94 49
95 49
96 49
97 49
98 49
99 49
100 49
101 50
102 50
103 51
104 52
105 52
106 53
107 54
108 55
109 55
110 56
111 57
111 58
112 59
113 60
114 61
115 62
116 63
117 64
117 65
118 66
119 67
120 68
121 69
122 70
122 71
123 72
124 73
125 74
126 75
127 76
127 77
128 78
129 79
130 80
131 81
132 82
133 83
134 84
135 85
136 86
137 87
138 88
139 88
140 89
141 90
142 91
143 91
144 92
145 92
146 93
147 93
148 93
149 94
150 94
151 94
152 94
153 94
154 93
155 93
156 93
157 92
158 91
159 91
160 90
161 89
162 89
163 88
164 87
165 86
166 86
167 85
168 84
169 84
170 83
171 82
172 82
173 81
174 81
175 80
176 80
177 79
178 79
179 79
180 78
181 78
182 78
183 78
184 78
185 78
186 78
187 78
188 78
189 79
190 79
191 79
192 80
193 80
194 81
195 82
196 82
197 83
198 84
199 85
200 86
201 86
202 87
203 88
204 89
204 90
205 91
206 92
207 93
208 94
209 95
209 96
210 97
211 98
212 99
213 100
213 101
214 102
215 103
216 104
216 105
217 106
218 107
219 108
219 109
220 110
221 111
222 112
223 113
223 114
224 115
225 116
226 117
227 118
227 119
228 120
229 121
230 122
231 123
232 124
233 125
234 126
235 127
236 128
237 129
238 130
239 131
240 132
241 133
242 134
243 135
244 136
245 136
246 137
247 138
248 139
249 139
250 140
251 140
252 141
253 141
254 142
255 142
256 143
257 143
258 143
259 144
260 144
261 144
262 144
263 144
264 144
265 144
266 144
267 144
268 143
269 143
270 142
271 142
272 141
273 140
274 140
275 139
276 138
277 137
278 136
279 135
280 134
281 134
282 133
283 132
284 131
285 130
286 129
287 128
288 127
289 126
290 125
291 124
292 123
293 122
294 121
295 120
296 119
297 118
298 117
299 116
300 115
301 115
302 114
303 113
304 112
305 111
306 111
307 110
308 109
309 108
310 108
311 107
312 107
313 106
314 105
315 105
316 104
317 104
318 103
319 103
320 102
321 102
