11 24
12 25
12 26
13 27
14 28
14 29
15 30
16 31
17 32
17 33
18 34
19 35
19 36
20 37
21 38
21 39
22 40
23 41
24 42
24 43
25 44
25 45
26 46
27 47
27 48
28 49
29 50
29 51
30 52
31 53
31 54
32 55
32 56
33 57
33 58
34 59
35 60
35 61
36 62
36 63
37 64
37 65
38 66
39 67
39 68
40 69
40 70
41 71
41 72
42 73
42 74
43 75
43 76
44 77
45 78
45 79
46 80
46 81
47 82
48 83
48 84
49 85
49 86
50 87
51 88
52 89
52 90
53 91
54 92
55 93
56 94
57 95
58 95
59 96
60 97
61 97
62 98
63 98
64 98
65 99
66 99
67 99
68 99
69 98
70 98
71 98
72 98
73 97
74 97
75 96
76 96
77 95
78 95
