16 22
17 23
17 24
18 25
19 26
19 27
20 28
20 29
21 30
22 31
22 32
23 33
23 34
24 35
25 36
25 37
26 38
27 39
27 40
28 41
28 42
29 43
30 44
30 45
31 46
31 47
32 48
33 49
33 50
34 51
35 52
35 53
36 54
37 55
37 56
38 57
39 58
39 59
40 60
41 61
41 62
42 63
43 64
43 65
44 66
45 67
46 68
46 69
47 70
48 71
49 72
49 73
50 74
51 75
52 76
52 77
53 78
54 79
55 80
56 81
57 82
58 83
59 84
60 85
61 86
62 87
63 88
64 89
65 90
66 91
67 92
68 93
69 94
70 95
71 95
72 96
73 97
74 98
75 98
76 99
77 99
78 100
79 101
80 101
81 101
82 102
83 102
84 102
85 103
86 103
87 103
88 103
89 103
90 103
91 103
92 103
93 103
94 102
95 102
96 102
97 101
98 101
99 101
100 100
101 100
102 99
103 99
