9 32
10 33
11 34
12 35
13 36
14 37
15 38
16 39
17 40
18 41
19 42
20 43
20 44
21 45
22 46
23 47
24 48
25 49
26 50
27 51
28 52
29 53
30 54
31 55
32 56
33 57
34 58
35 59
36 60
37 61
38 61
39 62
40 63
41 64
42 65
43 66
44 67
45 68
46 69
47 69
48 70
49 71
50 72
51 73
52 73
53 74
54 75
55 76
56 76
57 77
58 78
59 79
60 79
61 80
62 80
63 81
64 82
65 82
66 83
67 83
68 84
69 84
70 85
71 85
72 86
73 86
74 87
75 87
76 87
77 88
78 88
79 88
80 89
81 89
82 89
83 90
84 90
85 90
86 91
87 91
88 91
89 92
90 92
91 92
92 93
93 93
94 93
95 94
96 94
97 95
98 95
99 95
100 96
101 96
102 97
103 97
104 98
105 98
106 99
107 100
108 100
109 101
110 102
111 102
112 103
113 104
114 105
115 105
116 106
117 107
118 108
119 109
120 110
121 110
122 111
123 112
124 113
125 114
126 115
127 116
128 117
129 117
130 118
131 119
132 120
133 121
134 122
135 122
136 123
137 124
138 125
139 125
140 126
141 127
142 128
143 128
144 129
145 130
146 130
147 131
148 131
149 132
150 132
151 133
152 134
153 134
154 134
155 135
156 135
157 136
158 136
159 137
160 137
161 137
162 138
163 138
164 138
165 139
166 139
167 139
168 139
169 140
170 140
171 140
172 140
173 141
174 141
175 141
176 141
177 142
178 142
179 142
180 142
181 142
