15 38
16 38
17 39
18 40
19 41
20 42
21 42
22 43
23 44
24 45
25 46
26 47
27 48
28 48
29 49
30 50
31 51
32 52
33 53
34 54
35 54
36 55
37 56
38 57
39 58
40 59
41 60
42 60
43 61
44 62
45 63
46 64
47 65
48 65
49 66
50 67
51 68
52 69
53 69
54 70
55 71
56 72
57 72
58 73
59 74
60 75
61 76
62 76
63 77
64 78
65 79
66 80
67 81
67 82
68 83
69 84
70 85
70 86
71 87
72 88
73 89
74 90
75 90
76 91
77 91
78 92
79 92
80 92
81 92
82 93
83 93
84 93
85 93
86 93
87 94
88 94
89 94
90 95
91 95
92 95
93 96
94 96
95 97
96 97
97 98
98 98
99 99
100 99
101 100
102 100
103 101
104 101
105 102
106 102
107 103
108 103
109 104
110 104
111 104
112 105
113 105
114 106
115 106
116 106
117 107
118 107
119 107
120 108
121 108
122 108
123 109
124 109
125 109
126 109
127 110
128 110
129 110
130 110
131 110
132 110
133 111
134 111
135 111
136 111
137 111
138 111
139 111
140 112
141 112
142 112
143 112
144 112
145 112
146 112
147 113
148 113
149 113
150 113
151 114
152 114
153 114
154 114
155 114
156 115
157 115
158 115
159 115
160 115
161 115
162 116
163 116
164 116
165 115
166 115
167 115
168 115
169 115
170 115
171 115
172 114
173 114
174 114
175 114
176 113
177 113
178 113
179 113
180 112
181 112
182 112
183 112
184 112
185 112
186 112
187 112
188 112
189 112
190 112
191 112
192 112
193 112
194 112
195 112
196 112
197 112
198 112
199 113
200 113
201 113
202 113
203 114
204 114
205 115
206 115
207 116
208 116
209 117
210 118
211 118
212 119
213 119
214 120
215 121
216 121
217 122
218 122
219 123
220 123
221 124
222 124
223 125
224 125
225 126
226 126
227 126
228 127
229 127
230 127
231 127
232 127
233 128
234 128
235 128
236 127
237 127
238 127
239 127
240 127
241 126
242 126
243 126
244 125
245 125
246 125
247 124
248 124
249 124
250 123
251 123
252 123
253 123
254 123
255 122
256 122
257 122
258 122
259 122
260 122
261 122
262 122
263 122
264 122
265 123
266 123
267 123
268 123
269 123
270 123
271 123
272 124
273 124
274 124
275 124
276 124
277 125
278 125
279 125
280 125
281 125
282 125
283 126
284 126
285 126
286 126
287 126
288 127
289 127
290 127
291 127
292 127
293 127
294 127
295 127
296 127
297 127
298 127
299 127
300 127
301 127
302 127
303 127
304 127
305 127
306 127
307 127
308 127
309 127
310 127
311 126
312 126
313 126
314 126
315 125
316 125
317 125
318 124
319 124
320 124
321 123
322 123
323 123
324 122
325 122
326 121
327 121
328 120
329 120
330 119
331 118
332 118
333 117
334 117
335 116
336 115
337 114
338 114
339 113
340 112
341 111
342 111
343 110
344 109
345 108
346 107
347 106
348 106
349 105
350 104
351 103
352 102
353 101
354 100
355 99
356 98
357 97
358 96
358 95
359 94
360 93
361 92
362 91
363 90
364 89
364 88
365 87
366 86
367 85
367 84
368 83
369 82
369 81
370 80
371 79
371 78
372 77
373 76
373 75
374 74
374 73
375 72
376 71
376 70
377 69
377 68
378 67
379 66
379 65
380 64
381 63
381 62
382 61
383 60
384 59
384 58
385 57
386 56
387 56
388 55
389 54
390 54
391 53
392 53
393 53
394 52
395 52
396 52
397 52
398 52
399 52
400 52
401 52
402 52
403 52
404 52
405 53
406 53
407 53
408 53
409 54
410 54
411 54
412 55
413 55
414 56
415 56
416 56
417 57
418 57
419 58
420 59
421 59
422 60
423 60
424 61
425 62
426 62
427 63
428 64
429 64
430 65
431 66
432 67
433 67
434 68
435 69
436 70
437 71
438 71
439 72
440 73
441 74
442 75
443 76
444 76
445 77
446 78
447 79
448 80
449 81
450 81
451 82
452 83
453 84
454 84
455 85
456 86
457 87
458 87
459 88
460 89
461 90
462 90
463 91
464 91
465 92
466 93
467 93
468 94
469 95
470 95
471 96
472 96
473 97
474 97
475 98
476 98
477 99
478 99
479 100
480 100
481 101
482 101
483 101
484 102
485 102
486 102
487 103
488 103
489 103
490 103
491 103
492 103
493 104
494 104
495 104
496 104
497 104
498 103
499 103
500 103
501 103
502 102
503 102
504 101
505 101
506 100
507 100
508 99
509 98
510 97
511 96
512 95
513 95
514 94
