23 48
23 49
24 50
25 51
25 52
26 53
27 54
27 55
28 56
29 57
29 58
30 59
31 60
31 61
32 62
33 63
33 64
34 65
35 66
36 67
36 68
37 69
38 70
38 71
39 72
39 73
40 74
41 75
41 76
42 77
43 78
43 79
44 80
45 81
45 82
46 83
46 84
47 85
48 86
48 87
49 88
49 89
50 90
51 91
51 92
52 93
52 94
53 95
54 96
54 97
55 98
55 99
56 100
56 101
57 102
58 103
58 104
59 105
59 106
60 107
60 108
61 109
62 110
62 111
63 112
63 113
64 114
64 115
65 116
65 117
66 118
66 119
67 120
67 121
68 122
69 123
69 124
70 125
70 126
71 127
71 128
72 129
72 130
73 131
73 132
74 133
74 134
75 135
75 136
76 137
76 138
77 139
77 140
78 141
78 142
79 143
79 144
80 145
80 146
81 147
81 148
82 149
82 150
83 151
83 152
84 153
84 154
85 155
85 156
86 157
86 158
87 159
87 160
88 161
88 162
88 163
89 164
89 165
90 166
90 167
91 168
91 169
92 170
92 171
93 172
93 173
94 174
94 175
95 176
95 177
96 178
96 179
97 180
97 181
98 182
98 183
99 184
99 185
100 186
100 187
101 188
101 189
102 190
102 191
103 192
103 193
104 194
104 195
105 196
105 197
106 198
107 199
107 200
108 201
108 202
109 203
109 204
110 205
111 206
111 207
112 208
113 209
113 210
114 211
115 212
115 213
116 214
117 215
118 216
118 217
119 218
120 219
121 220
122 221
123 222
124 223
125 224
126 225
127 226
128 227
129 228
130 229
131 230
132 230
133 231
134 232
135 232
136 233
137 234
138 234
139 234
140 235
141 235
142 236
143 236
144 236
145 237
146 237
147 237
148 237
149 237
150 238
151 238
152 238
153 238
154 238
155 238
156 238
157 238
158 238
159 238
160 238
161 238
162 237
163 237
164 237
165 237
166 237
167 236
168 236
169 236
170 235
171 235
172 235
173 234
174 234
175 234
176 233
177 233
178 232
179 232
180 231
181 231
182 230
183 230
184 229
185 228
186 228
187 227
188 227
189 226
190 225
191 225
192 224
193 223
194 223
195 222
196 221
197 221
198 220
199 219
200 219
201 218
202 217
203 216
204 216
205 215
206 214
207 213
208 213
209 212
210 211
211 211
212 210
213 209
214 209
215 208
216 207
217 206
218 206
219 205
220 204
221 204
222 203
223 202
224 202
225 201
226 200
227 200
228 199
229 199
230 198
231 197
232 197
233 196
234 195
235 195
236 194
237 194
238 193
239 193
240 192
241 192
242 191
243 190
244 190
245 189
246 189
247 188
248 188
249 187
250 187
251 186
252 186
253 186
254 185
255 185
256 184
257 184
258 183
259 183
260 183
261 182
262 182
263 181
264 181
265 181
266 180
267 180
268 180
269 180
270 179
271 179
272 179
273 178
274 178
275 178
276 178
277 178
278 177
279 177
280 177
281 177
282 177
283 177
284 177
285 177
286 177
287 177
288 177
289 177
290 177
291 177
292 177
293 177
294 177
295 177
296 177
297 177
298 177
299 178
300 178
301 178
302 178
303 178
304 179
305 179
306 179
307 179
308 180
309 180
310 180
311 180
312 181
313 181
314 181
315 181
316 182
317 182
318 182
319 182
320 183
321 183
322 183
323 183
324 184
325 184
326 184
327 184
328 184
329 185
330 185
331 185
332 185
333 185
334 185
335 185
336 185
337 186
338 186
339 186
340 186
341 186
342 186
343 186
344 186
345 186
346 186
347 186
348 186
349 185
350 185
351 185
352 185
353 185
354 185
355 185
356 184
357 184
358 184
359 184
360 183
361 183
362 183
363 182
364 182
365 182
366 181
367 181
368 180
369 180
370 179
371 179
372 178
373 178
374 177
375 177
376 176
377 176
378 175
379 174
380 174
381 173
382 173
383 172
384 171
385 171
386 170
387 169
388 168
389 168
390 167
391 166
392 165
393 165
394 164
395 163
396 162
397 162
398 161
399 160
400 159
401 158
402 157
403 157
404 156
405 155
406 154
407 153
408 152
409 151
410 150
411 150
412 149
413 148
414 147
415 146
416 145
417 144
418 143
419 142
420 141
421 141
422 140
423 139
424 138
425 137
426 136
427 135
428 134
429 133
430 133
431 132
432 131
433 130
434 129
435 129
436 128
437 127
438 126
439 126
440 125
441 125
442 124
443 124
444 123
445 123
446 122
447 122
448 122
449 122
450 122
451 122
452 122
453 122
454 123
455 123
456 124
457 124
458 125
459 126
460 127
461 128
462 129
462 130
463 131
464 132
465 133
465 134
466 135
467 136
467 137
468 138
468 139
469 140
470 141
470 142
471 143
471 144
472 145
472 146
473 147
473 148
474 149
474 150
475 151
475 152
476 153
476 154
477 155
477 156
478 157
478 158
479 159
479 160
480 161
481 162
481 163
482 164
482 165
483 166
484 167
484 168
485 169
486 170
486 171
487 172
488 173
489 174
490 175
491 176
492 176
493 177
494 177
495 177
496 177
497 177
498 176
499 175
500 174
501 173
502 172
503 171
503 170
504 169
505 168
505 167
506 166
507 165
507 164
508 163
509 162
509 161
510 160
510 159
511 158
512 157
512 156
513 155
514 154
514 153
515 152
516 151
516 150
517 149
518 148
519 147
519 146
520 145
521 144
522 143
523 142
524 141
525 140
526 139
527 138
528 137
529 136
530 136
531 135
532 134
533 134
534 133
535 132
536 132
537 131
538 131
539 131
540 130
541 130
542 129
543 129
544 129
545 129
546 128
547 128
548 128
549 128
550 127
551 127
552 127
553 127
554 127
555 127
556 127
557 127
558 127
559 126
560 126
561 126
562 126
563 126
564 126
565 126
566 126
567 126
568 126
569 126
570 126
571 126
572 126
573 126
574 126
575 126
576 126
577 126
578 126
579 126
580 126
581 126
582 126
583 126
584 126
585 126
586 127
587 127
588 127
589 127
590 127
591 127
592 127
593 127
594 127
595 127
596 127
597 127
598 127
