7 1
8 1
9 2
10 2
11 3
12 3
13 3
14 4
15 4
16 5
17 5
18 6
19 6
20 7
21 8
22 8
23 9
24 10
25 10
26 11
27 12
28 13
29 14
30 15
31 16
32 17
33 18
33 19
34 20
35 21
36 22
37 23
37 24
38 25
39 26
39 27
40 28
40 29
41 30
42 31
42 32
42 33
43 34
43 35
44 36
44 37
45 38
45 39
45 40
46 41
46 42
47 43
47 44
47 45
48 46
48 47
49 48
49 49
50 50
50 51
51 52
52 53
52 54
53 55
54 56
55 57
56 58
57 58
58 59
59 59
60 60
61 60
62 60
63 60
64 60
65 60
66 60
67 60
68 59
69 59
70 59
71 59
72 58
73 58
74 58
75 58
76 57
77 57
78 57
79 57
80 57
81 56
82 56
83 56
84 56
85 56
86 56
87 56
88 56
89 56
90 56
91 56
92 56
93 56
94 56
95 56
96 56
