27 53
28 53
29 54
30 54
31 54
32 54
33 55
34 55
35 55
36 56
37 56
38 56
39 57
40 57
41 57
42 57
43 58
44 58
45 58
46 59
47 59
48 59
49 60
50 60
51 60
52 61
53 61
54 61
55 62
56 62
57 62
58 63
59 63
60 63
61 64
62 64
63 65
64 65
65 65
66 66
67 66
68 67
69 67
70 67
71 68
72 68
73 69
74 69
75 69
76 70
77 70
78 71
79 71
80 72
81 72
82 73
83 73
84 73
85 74
86 74
87 75
88 75
89 76
90 76
91 77
92 77
93 78
94 78
95 79
96 79
97 80
98 80
99 81
100 82
101 82
102 83
103 83
104 84
105 84
106 85
107 85
108 86
109 86
110 87
111 87
112 88
113 88
114 89
115 90
116 90
117 91
118 91
119 91
120 92
121 92
122 93
123 93
124 94
125 94
126 94
127 95
128 95
129 95
130 96
131 96
132 96
133 96
134 96
135 97
136 97
137 97
138 97
139 97
140 97
141 97
142 97
143 98
144 98
145 98
146 98
147 98
148 98
149 98
150 98
151 98
152 98
153 98
154 98
155 99
156 99
157 99
158 99
159 99
160 99
161 99
162 100
163 100
164 100
165 100
166 101
167 101
168 101
169 101
170 102
171 102
172 102
173 103
174 103
175 104
176 104
177 104
178 105
179 105
180 106
181 106
182 106
183 107
184 107
185 108
186 108
187 109
188 109
189 110
190 110
191 111
192 111
193 112
194 112
195 113
196 114
197 114
198 115
199 115
200 116
201 116
202 117
203 118
204 118
205 119
206 119
207 120
208 120
209 121
210 122
211 122
212 123
213 123
214 124
215 125
216 125
217 126
218 126
219 127
220 127
221 128
222 129
223 129
224 130
225 130
226 131
227 131
228 132
229 132
230 133
231 134
232 134
233 135
234 135
235 136
236 136
237 137
238 137
239 138
240 138
241 138
242 139
243 139
244 140
245 140
246 140
247 141
248 141
249 142
250 142
251 142
252 143
253 143
254 143
255 143
256 144
257 144
258 144
259 144
260 145
261 145
262 145
263 145
264 145
265 145
266 146
267 146
268 146
269 146
270 146
271 146
272 146
273 146
274 146
275 146
276 146
277 146
278 146
279 146
280 146
281 145
282 145
283 145
284 145
285 145
286 145
287 144
288 144
289 144
290 144
291 143
292 143
293 143
294 142
295 142
296 142
297 141
298 141
299 141
300 140
301 140
302 140
303 139
304 139
305 138
306 138
307 138
308 137
309 137
310 137
311 136
312 136
313 136
314 135
315 135
316 135
317 135
318 134
319 134
320 134
321 134
322 134
323 134
324 134
325 134
326 134
327 134
328 134
329 134
330 134
331 134
332 135
333 135
334 135
335 135
336 135
337 136
338 136
339 136
340 136
341 137
342 137
343 137
344 138
345 138
346 138
347 139
348 139
349 139
350 140
351 140
352 140
353 141
354 141
355 142
356 142
357 142
358 143
359 143
360 144
361 144
362 144
363 145
364 145
365 146
366 146
367 147
368 147
369 148
370 148
371 149
372 149
373 150
374 150
375 151
376 151
377 152
378 152
379 153
380 153
381 154
382 155
383 155
384 156
385 157
386 157
387 158
388 159
389 159
390 160
391 160
392 161
393 162
394 162
395 163
396 163
397 164
398 164
399 164
400 165
401 165
402 165
403 165
404 166
405 166
406 166
407 166
408 166
409 166
410 166
411 166
412 166
413 166
414 166
415 166
416 166
417 166
418 165
419 165
420 165
421 165
422 165
423 165
424 164
425 164
426 164
427 164
428 164
429 164
430 163
431 163
432 163
433 163
434 163
435 162
436 162
437 162
438 162
439 161
440 161
441 161
442 161
443 161
444 160
445 160
446 160
447 160
448 160
449 159
450 159
451 159
452 159
453 158
454 158
455 158
456 158
457 158
458 157
459 157
460 157
461 157
462 157
463 156
464 156
465 156
466 156
467 156
468 156
469 155
470 155
471 155
472 155
473 155
474 155
475 154
476 154
477 154
478 154
479 154
480 154
481 153
482 153
483 153
484 153
485 153
486 153
487 153
488 153
489 153
490 152
491 152
492 152
493 152
494 152
495 152
496 152
497 152
498 152
499 152
500 152
501 152
502 152
503 152
504 152
505 152
506 152
507 152
508 152
509 152
510 152
511 152
512 152
513 152
514 152
515 152
516 152
517 152
518 152
519 152
520 152
521 152
522 152
523 152
524 152
525 152
526 152
527 152
528 152
529 152
530 153
531 153
532 153
533 153
534 153
535 153
536 153
537 153
538 153
539 153
540 153
541 153
542 153
543 153
544 153
545 153
546 153
547 153
548 153
549 153
550 153
551 153
552 153
553 153
554 153
555 153
556 153
557 153
558 153
559 153
560 153
561 153
562 153
563 152
564 152
565 152
566 152
567 152
568 152
569 152
570 152
571 152
572 152
573 152
574 152
575 152
576 152
577 152
578 152
579 152
580 152
581 152
582 152
583 152
584 152
585 153
586 153
587 153
588 153
589 153
590 153
591 153
592 153
593 153
594 153
595 154
596 154
597 154
598 154
599 154
600 154
601 155
602 155
603 155
604 155
605 156
606 156
607 156
608 157
609 157
610 157
611 158
612 158
613 159
614 159
615 159
616 160
617 160
618 161
619 161
620 162
621 162
622 163
623 164
624 164
625 165
626 166
627 166
628 167
629 168
630 168
631 169
632 170
633 171
634 172
635 172
636 173
637 174
638 175
639 176
640 177
641 178
642 179
643 180
644 181
645 182
646 183
647 184
648 185
649 186
649 187
650 188
651 189
652 190
653 191
654 192
654 193
