34 59
35 59
36 60
37 61
38 61
39 62
40 62
41 63
42 64
43 64
44 65
45 66
46 66
47 67
48 67
49 68
50 69
51 69
52 70
53 71
54 71
55 72
56 73
57 73
58 74
59 75
60 75
61 76
62 77
63 78
64 78
65 79
66 80
67 81
68 81
69 82
70 83
71 84
72 85
73 86
74 86
75 87
76 88
77 89
78 90
79 91
80 92
81 93
82 94
83 95
84 96
85 97
86 98
87 99
87 100
88 101
89 102
90 103
91 104
92 105
93 106
93 107
94 108
95 109
96 110
96 111
97 112
98 113
99 114
99 115
100 116
101 117
101 118
102 119
103 120
103 121
104 122
105 123
105 124
106 125
107 126
107 127
108 128
109 129
109 130
110 131
110 132
111 133
112 134
112 135
113 136
113 137
114 138
114 139
115 140
116 141
116 142
117 143
117 144
118 145
119 146
119 147
120 148
120 149
121 150
122 151
122 152
123 153
124 154
125 155
125 156
126 157
127 158
128 159
129 160
130 161
131 162
132 163
133 164
134 164
135 165
136 166
137 166
138 167
139 167
140 168
141 168
142 168
143 169
144 169
145 169
146 169
147 170
148 170
149 170
150 170
151 170
152 170
153 170
154 170
155 169
156 169
157 169
158 169
159 168
160 168
161 168
162 167
163 167
164 166
165 166
166 165
167 165
168 165
169 164
170 164
171 163
172 163
173 162
174 162
175 161
176 161
177 161
178 160
179 160
180 160
181 159
182 159
183 159
184 159
185 158
186 158
187 158
188 158
189 158
190 158
191 158
192 158
193 158
194 158
195 158
196 158
197 158
198 158
199 158
200 158
201 159
202 159
203 159
204 159
205 160
206 160
207 160
208 160
209 161
210 161
211 161
212 162
213 162
214 163
215 163
216 163
217 164
218 164
219 165
220 165
221 165
222 166
223 166
224 167
225 167
226 168
227 168
228 168
229 169
230 169
231 170
232 170
233 170
234 171
235 171
236 172
237 172
238 172
239 173
240 173
241 173
242 174
243 174
244 174
245 174
246 174
247 175
248 175
249 175
250 175
251 175
252 175
253 175
254 175
255 175
256 174
257 174
258 174
259 174
260 173
261 173
262 172
263 172
264 172
265 171
266 171
267 170
268 170
269 169
270 169
271 168
272 168
273 167
274 167
275 166
276 166
277 166
278 165
279 165
280 165
281 164
282 164
283 164
284 163
285 163
286 163
287 163
288 163
289 163
290 163
291 162
292 162
293 162
294 162
295 162
296 162
297 163
298 163
299 163
300 163
301 163
302 163
303 164
304 164
305 164
306 164
307 165
308 165
309 165
310 166
311 166
312 166
313 167
314 167
315 168
316 168
317 169
318 169
319 169
320 170
321 170
322 171
323 171
324 172
325 172
326 173
327 173
328 173
329 174
330 174
331 175
332 175
333 175
334 176
335 176
336 176
337 177
338 177
339 177
340 178
341 178
342 178
343 178
344 179
345 179
346 179
347 179
348 179
349 179
350 180
351 180
352 180
353 180
354 180
355 180
356 180
357 180
358 180
359 180
360 179
361 179
362 179
363 179
364 179
365 178
366 178
367 178
368 177
369 177
370 176
371 176
372 175
373 175
374 174
375 174
376 173
377 172
378 171
379 171
380 170
381 169
382 168
383 167
384 166
385 166
386 165
387 164
388 163
389 162
390 161
391 160
392 160
393 159
394 158
395 158
396 157
397 156
398 156
399 155
400 155
401 154
402 154
403 153
404 153
405 153
406 152
407 152
408 152
409 151
410 151
411 151
412 151
413 151
414 151
415 150
416 150
417 150
418 150
419 151
420 151
421 151
422 151
423 151
424 151
425 152
426 152
427 152
428 153
429 153
430 154
431 154
432 155
433 155
434 156
435 156
436 157
437 157
438 158
439 159
440 159
441 160
442 160
443 161
444 162
445 162
446 163
447 164
448 164
449 165
450 165
451 166
452 167
453 167
454 168
455 169
456 169
457 170
458 170
459 171
460 172
461 172
462 173
463 173
464 174
465 175
466 175
467 176
468 176
469 177
470 177
471 178
472 178
473 179
474 179
475 179
476 180
477 180
478 181
479 181
480 181
481 182
482 182
483 182
484 183
485 183
486 183
487 184
488 184
489 184
490 184
491 185
492 185
493 185
494 185
495 185
496 185
497 185
498 185
499 185
500 186
501 186
502 186
503 185
504 185
505 185
506 185
507 185
508 185
509 185
510 185
511 185
512 184
513 184
514 184
515 184
516 184
517 183
518 183
519 183
520 183
521 182
522 182
523 182
524 181
525 181
526 181
527 180
528 180
529 180
530 179
531 179
532 179
533 178
534 178
535 178
536 177
537 177
538 176
539 176
540 176
541 175
542 175
543 174
544 174
545 174
546 173
547 173
548 172
549 172
550 171
551 171
552 171
553 170
554 170
555 169
556 169
557 169
558 168
559 168
560 167
561 167
562 167
563 166
564 166
565 165
566 165
567 165
568 164
569 164
570 164
571 163
572 163
573 163
574 163
575 162
576 162
577 162
578 161
579 161
580 161
581 161
582 161
583 160
584 160
585 160
586 160
587 160
588 160
589 160
590 160
591 160
592 159
593 159
594 159
595 159
596 159
597 159
598 159
599 159
600 159
601 159
602 159
603 159
604 159
605 159
606 159
607 159
608 159
609 159
610 159
611 159
612 159
613 159
614 159
615 159
616 159
617 159
618 158
619 158
620 158
621 158
622 158
623 158
624 158
625 157
626 157
627 157
628 157
629 156
630 156
631 156
632 156
633 155
634 155
635 155
636 154
637 154
638 153
639 153
640 153
641 152
642 152
643 151
644 151
645 151
646 150
647 150
648 149
649 149
650 148
651 148
652 147
653 147
654 146
655 146
656 145
657 145
658 144
659 144
660 143
661 143
662 142
663 142
664 141
665 141
666 140
667 140
668 139
669 139
670 138
671 138
672 137
673 137
674 136
675 136
676 135
677 135
678 134
679 133
680 133
681 132
682 132
683 131
684 131
685 130
686 130
687 129
688 129
689 128
690 128
691 127
692 127
693 126
694 126
695 125
696 125
697 124
698 124
699 123
700 123
701 122
702 122
703 121
704 121
705 120
706 120
707 119
708 119
709 118
710 118
711 117
712 117
713 116
714 116
715 116
716 115
717 115
718 114
719 114
720 113
721 113
722 112
723 112
724 111
725 111
726 111
727 110
728 110
729 109
730 109
731 109
732 108
733 108
734 107
735 107
736 107
737 106
738 106
739 106
740 105
741 105
742 105
743 104
744 104
745 104
746 103
747 103
748 103
749 102
750 102
751 102
752 102
753 101
754 101
755 101
756 101
757 100
758 100
759 100
760 100
761 100
762 100
763 99
764 99
765 99
766 99
767 99
768 99
769 99
770 99
771 99
772 99
773 99
774 99
775 99
776 99
777 99
778 99
779 99
780 99
781 99
782 100
783 100
784 100
785 100
786 100
787 100
788 101
789 101
790 101
791 101
792 102
793 102
794 102
795 103
796 103
797 103
798 103
799 104
800 104
801 105
802 105
803 105
804 106
805 106
806 106
807 107
808 107
809 108
810 108
811 109
812 109
813 109
814 110
815 110
816 111
817 111
818 112
819 112
820 113
821 113
822 114
823 114
824 115
825 115
826 116
827 116
828 117
829 118
830 118
831 119
832 119
