13 14
14 14
15 15
16 16
17 16
18 17
19 17
20 18
21 18
22 19
23 19
24 19
25 20
26 20
27 21
28 21
29 21
30 22
31 22
32 22
33 22
34 23
35 23
36 23
37 23
38 23
39 23
40 23
41 24
42 24
43 24
44 24
45 24
46 24
47 24
48 24
49 24
50 24
51 24
52 24
53 24
54 24
55 24
56 24
57 24
58 24
59 24
60 25
61 25
62 25
63 25
64 25
65 26
66 26
67 26
68 27
69 27
70 27
71 27
72 28
73 28
74 28
75 29
76 29
77 29
78 29
79 30
80 30
81 30
82 30
83 31
84 31
85 31
86 31
87 32
88 32
89 32
90 32
91 32
92 32
93 33
94 33
95 33
96 33
97 33
98 34
99 34
100 34
101 34
102 34
103 35
104 35
105 35
106 35
107 36
108 36
109 36
110 36
111 36
112 37
113 37
114 37
115 37
116 37
117 38
118 38
119 38
120 39
121 40
122 40
123 41
124 42
125 42
126 43
127 44
128 44
129 45
130 45
131 45
132 46
133 46
134 46
135 47
136 47
137 47
138 47
139 47
140 48
141 48
142 48
143 48
144 49
145 49
146 49
147 49
148 50
149 50
150 50
151 51
152 51
153 51
154 52
155 52
156 53
157 53
158 54
159 55
160 55
161 56
162 56
163 57
164 57
165 58
166 58
167 59
168 59
169 60
170 60
171 60
172 61
173 61
174 61
175 61
176 61
177 62
178 62
179 62
180 62
181 62
182 62
183 62
184 62
185 62
186 63
187 63
188 63
189 63
190 63
191 63
192 64
193 64
194 64
195 65
196 65
197 66
198 66
199 66
200 67
201 67
202 68
203 68
204 69
205 70
206 70
207 71
208 71
209 72
210 72
211 73
212 73
213 74
214 74
215 75
216 75
217 75
218 75
219 75
220 75
221 75
222 74
223 74
224 73
225 72
226 71
227 70
228 69
229 68
230 67
231 66
232 65
233 64
234 63
235 62
236 61
237 60
238 59
239 58
240 57
241 56
242 55
243 54
244 53
245 52
246 52
247 51
248 50
249 50
250 49
251 48
252 48
253 47
254 47
255 46
256 45
257 45
258 44
259 44
260 43
261 42
262 41
263 40
264 40
265 39
266 38
267 37
268 36
269 35
270 34
271 34
272 33
273 32
274 31
275 31
276 30
277 29
278 29
279 28
280 28
281 27
282 27
283 27
284 26
285 26
286 26
287 26
288 25
289 25
290 25
291 25
292 25
293 25
294 25
295 25
296 25
297 25
298 25
299 26
300 26
301 26
302 26
303 27
304 27
305 28
306 29
307 29
308 30
309 31
310 32
310 33
311 34
312 35
313 36
314 37
314 38
315 39
316 40
317 41
318 42
318 43
319 44
320 45
321 46
