6 35
7 36
8 36
9 37
10 38
11 38
12 39
13 39
14 40
15 40
16 41
17 41
18 42
19 42
20 42
21 42
22 43
23 43
24 43
25 43
26 43
27 43
28 43
29 42
30 42
31 42
32 42
33 41
34 41
35 41
36 41
37 41
38 41
39 41
40 41
41 41
42 42
43 43
44 43
45 44
46 45
47 46
48 47
49 48
50 49
51 50
51 51
52 52
53 53
54 54
55 55
56 56
56 57
57 58
58 59
59 60
60 61
61 62
62 63
63 64
64 65
65 66
66 67
67 68
68 69
69 70
70 71
71 72
72 72
73 73
74 73
75 74
76 74
77 74
78 74
79 74
80 74
81 73
82 72
83 71
84 70
85 69
86 68
87 67
88 66
89 65
89 64
90 63
91 62
92 61
92 60
93 59
94 58
95 57
95 56
96 55
97 54
98 53
99 52
100 51
101 50
102 49
103 48
104 47
105 46
106 45
107 44
108 43
109 43
110 42
111 41
112 40
113 40
114 39
115 39
116 38
117 38
118 37
119 37
120 36
121 36
122 36
123 35
