10 35
11 36
11 37
12 38
13 39
13 40
14 41
15 42
16 43
16 44
17 45
18 46
19 47
20 48
20 49
21 50
22 51
23 52
24 53
25 54
26 55
27 55
28 56
29 57
30 57
31 57
32 58
33 58
34 58
35 58
36 58
37 58
38 57
39 57
40 57
41 57
42 56
43 56
44 56
45 55
46 55
47 55
48 55
49 54
50 54
51 54
52 54
53 54
54 53
55 53
56 53
57 53
58 53
59 53
60 52
61 52
62 52
63 51
64 51
65 50
66 49
67 48
68 48
69 47
70 46
71 45
72 44
73 43
74 43
75 42
76 41
77 41
78 40
79 39
80 39
81 38
82 38
83 37
84 37
85 37
86 36
87 36
88 35
89 35
90 35
91 34
92 34
93 34
94 33
95 33
96 33
97 32
98 32
99 32
100 32
101 32
102 31
103 31
104 31
105 31
106 31
107 31
108 31
109 31
110 31
111 31
112 31
113 32
114 32
115 32
116 32
117 32
118 33
119 33
120 33
121 34
122 34
123 35
124 35
125 36
126 36
127 37
128 37
129 38
130 39
131 39
132 40
133 40
134 41
134 42
