13 11
14 12
14 13
15 14
16 15
16 16
17 17
17 18
18 19
19 20
19 21
20 22
20 23
21 24
21 25
22 26
23 27
23 28
24 29
24 30
25 31
25 32
26 33
26 34
27 35
27 36
28 37
28 38
29 39
29 40
30 41
30 42
31 43
31 44
32 45
32 46
33 47
33 48
34 49
34 50
34 51
35 52
35 53
36 54
36 55
37 56
37 57
37 58
38 59
38 60
39 61
39 62
40 63
40 64
40 65
41 66
41 67
42 68
42 69
43 70
43 71
43 72
44 73
44 74
45 75
45 76
45 77
46 78
46 79
47 80
47 81
48 82
48 83
49 84
49 85
49 86
50 87
50 88
51 89
51 90
52 91
52 92
53 93
53 94
54 95
54 96
55 97
55 98
56 99
56 100
57 101
57 102
57 103
58 104
58 105
59 106
59 107
60 108
60 109
61 110
61 111
62 112
62 113
63 114
63 115
64 116
64 117
65 118
65 119
66 120
67 121
67 122
68 123
68 124
69 125
69 126
70 127
70 128
71 129
71 130
72 131
72 132
73 133
74 134
74 135
75 136
75 137
76 138
77 139
77 140
78 141
79 142
79 143
80 144
81 145
82 146
82 147
83 148
84 149
85 150
86 151
87 152
88 153
89 154
90 154
91 155
92 156
93 156
94 157
95 157
96 158
97 158
98 158
99 158
100 158
101 158
102 157
103 157
104 156
105 156
106 155
107 154
108 153
109 153
110 152
110 151
111 150
112 149
113 148
114 147
115 146
116 145
116 144
117 143
118 142
118 141
119 140
120 139
120 138
121 137
122 136
122 135
123 134
124 133
124 132
125 131
126 130
126 129
127 128
128 127
128 126
129 125
130 124
130 123
131 122
132 121
132 120
133 119
134 118
134 117
135 116
136 115
136 114
137 113
137 112
138 111
139 110
139 109
140 108
141 107
141 106
142 105
143 104
143 103
144 102
145 101
145 100
146 99
147 98
147 97
148 96
149 95
149 94
150 93
151 92
152 91
152 90
153 89
154 88
155 87
156 86
157 85
158 84
159 83
160 83
161 83
162 82
163 82
164 82
165 83
166 83
167 83
168 84
169 84
170 85
171 86
172 86
173 87
174 88
175 88
176 89
177 90
178 90
179 91
180 91
181 92
182 92
183 93
184 93
185 94
186 94
187 94
188 95
189 95
190 95
191 95
192 95
193 96
194 96
195 96
196 96
197 96
198 96
199 96
200 96
201 96
202 96
203 96
204 97
205 97
206 97
207 97
208 97
209 97
210 97
211 97
212 97
213 97
214 97
215 97
216 97
217 97
218 97
219 97
220 97
221 97
222 97
223 97
224 97
225 97
226 97
227 97
228 98
229 98
230 98
231 98
232 98
233 98
234 98
235 98
236 98
237 98
238 98
239 98
240 98
241 98
242 98
243 98
244 98
245 98
246 98
247 98
248 98
249 98
250 97
251 97
252 97
253 97
254 97
255 97
256 97
257 97
258 97
259 97
260 96
261 96
262 96
263 96
264 96
265 96
266 96
267 96
268 95
269 95
270 95
271 95
272 95
273 95
274 95
275 95
276 95
277 95
278 95
279 95
280 95
281 95
282 95
283 95
284 95
285 95
286 95
287 95
288 95
289 95
290 95
291 96
292 96
293 96
294 96
295 96
296 97
297 97
298 97
299 97
300 98
301 98
302 98
