20 34
21 33
22 33
23 33
24 32
25 32
26 32
27 31
28 31
29 31
30 30
31 30
32 30
33 30
34 30
35 30
36 31
37 31
38 32
39 33
40 34
41 35
42 36
42 37
43 38
44 39
45 40
45 41
46 42
47 43
48 44
48 45
49 46
50 47
51 48
52 49
53 50
54 51
55 52
56 53
57 54
58 54
59 55
60 55
61 56
62 56
63 57
64 57
65 58
66 58
67 58
68 59
69 59
70 59
71 59
72 60
73 60
74 60
75 60
76 60
77 60
78 60
79 60
80 60
81 60
82 60
83 60
84 60
85 60
86 60
87 59
88 59
89 59
90 59
91 59
92 59
93 58
94 58
95 58
96 57
97 57
98 57
99 56
100 56
101 55
102 55
103 54
104 53
105 53
106 52
107 51
108 51
109 50
110 49
111 49
112 48
113 48
114 47
115 47
116 47
117 47
118 47
119 47
120 47
121 47
122 47
123 48
124 48
125 48
126 49
127 50
128 50
129 51
130 52
131 52
132 53
133 54
134 55
135 55
136 56
137 57
138 57
139 58
140 59
141 59
142 60
143 60
144 61
145 61
146 61
147 61
148 61
149 62
150 62
151 62
152 62
153 61
154 61
155 61
156 61
157 61
158 61
159 61
160 60
