11 0
12 1
13 2
14 3
15 4
16 5
16 6
17 7
18 8
19 9
20 10
21 11
21 12
22 13
23 14
24 15
24 16
25 17
26 18
27 19
27 20
28 21
29 22
30 23
30 24
31 25
32 26
32 27
33 28
34 29
35 30
35 31
36 32
37 33
37 34
38 35
39 36
40 37
40 38
41 39
42 40
43 41
43 42
44 43
45 44
46 45
47 46
47 47
48 48
49 49
50 50
50 51
51 52
52 53
53 54
53 55
54 56
55 57
56 58
56 59
57 60
58 61
58 62
59 63
60 64
60 65
61 66
62 67
63 68
63 69
64 70
65 71
66 72
67 73
67 74
68 75
69 76
70 76
71 77
72 78
73 79
74 79
75 79
76 80
77 80
78 80
79 80
80 80
81 80
82 80
83 80
84 80
85 80
86 80
87 80
88 80
89 80
90 80
91 81
92 81
93 81
94 82
95 82
96 82
97 82
98 83
99 83
100 83
101 83
102 83
103 84
104 84
105 84
106 84
107 84
108 85
109 85
110 85
111 85
112 86
113 86
114 86
115 86
116 86
117 86
118 85
119 85
120 84
121 84
122 83
123 83
124 82
125 81
126 80
127 80
128 79
129 78
130 77
131 76
132 75
133 74
134 73
135 72
136 72
137 71
138 70
139 69
140 68
141 68
142 67
143 66
144 66
145 65
146 65
147 65
148 64
149 64
150 64
151 64
152 64
153 63
154 63
155 63
156 62
157 62
158 61
159 60
160 59
161 58
162 57
163 57
164 56
165 55
166 55
167 54
168 54
169 53
170 53
171 53
172 52
173 52
174 52
175 52
176 51
177 51
178 51
179 51
180 51
181 51
182 51
183 51
184 51
185 51
186 51
187 51
188 51
189 51
190 51
191 51
192 52
193 52
194 53
195 53
196 54
197 54
198 55
199 56
200 56
201 57
202 58
203 58
204 59
205 60
206 61
207 61
208 62
209 63
210 63
211 64
212 65
213 65
214 66
215 66
216 67
217 67
218 68
219 68
220 68
221 68
222 68
223 69
224 69
225 69
226 69
227 69
228 69
229 70
230 70
231 71
232 71
233 71
234 72
235 72
236 73
237 73
238 73
239 73
240 73
241 73
242 72
243 72
244 71
245 71
246 70
247 70
248 69
249 69
250 69
251 68
252 68
253 68
254 68
255 67
256 67
257 67
258 67
259 66
260 66
261 66
262 66
