21 25
22 26
22 27
23 28
24 29
24 30
25 31
26 32
26 33
27 34
27 35
28 36
29 37
29 38
30 39
31 40
31 41
32 42
32 43
33 44
34 45
34 46
35 47
36 48
36 49
37 50
38 51
38 52
39 53
40 54
40 55
41 56
42 57
42 58
43 59
44 60
44 61
45 62
46 63
46 64
47 65
48 66
48 67
49 68
50 69
51 70
51 71
52 72
53 73
54 74
54 75
55 76
56 77
57 78
58 79
58 80
59 81
60 82
61 83
62 84
63 85
63 86
64 87
65 88
66 89
67 90
68 91
69 92
70 93
71 94
72 95
73 96
74 97
75 98
76 99
77 100
78 101
79 102
80 103
81 104
82 105
83 106
84 107
85 107
86 108
87 109
88 110
89 111
90 111
91 112
92 113
93 114
94 114
95 115
96 116
97 116
98 117
99 117
100 118
101 119
102 119
103 119
104 120
105 120
106 121
107 121
108 121
109 122
110 122
111 122
112 123
113 123
114 123
115 123
116 123
117 123
118 123
119 123
120 123
121 123
122 123
123 123
124 123
125 123
126 123
127 123
128 123
129 122
130 122
131 122
132 122
133 122
134 123
135 123
136 123
137 123
138 123
139 123
140 123
141 123
142 124
143 124
144 124
145 124
146 125
147 125
148 125
149 126
150 126
151 126
152 126
153 127
154 127
155 127
156 128
157 128
158 128
159 129
160 129
161 129
162 130
163 130
164 130
165 131
166 131
167 131
168 131
169 132
170 132
171 132
172 133
173 133
174 134
175 134
176 134
177 135
178 135
179 135
180 136
181 136
182 136
183 137
184 137
185 138
186 138
187 138
188 139
189 139
190 139
191 140
192 140
193 141
