28 33
29 34
30 35
30 36
31 37
32 38
32 39
33 40
33 41
34 42
34 43
35 44
35 45
36 46
36 47
37 48
37 49
38 50
38 51
39 52
40 53
40 54
41 55
41 56
42 57
42 58
43 59
43 60
44 61
44 62
45 63
45 64
46 65
47 66
47 67
48 68
48 69
49 70
49 71
50 72
50 73
51 74
51 75
52 76
53 77
53 78
54 79
54 80
55 81
55 82
56 83
57 84
57 85
58 86
58 87
59 88
60 89
60 90
61 91
61 92
62 93
63 94
63 95
64 96
64 97
65 98
66 99
66 100
67 101
68 102
68 103
69 104
70 105
70 106
71 107
72 108
73 109
73 110
74 111
75 112
76 113
77 114
78 115
79 116
80 117
81 118
82 119
83 120
84 120
85 121
86 122
87 122
88 123
89 123
90 124
91 124
92 124
93 125
94 125
95 125
96 125
97 126
98 126
99 126
100 126
101 126
102 126
103 127
104 127
105 127
106 127
107 127
108 127
109 128
110 128
111 128
112 129
113 129
114 129
115 130
116 130
117 131
118 131
119 132
120 132
121 133
122 134
123 134
124 135
125 136
126 137
127 138
128 138
129 139
130 140
131 141
132 142
133 143
134 144
135 145
136 146
137 147
138 148
139 149
140 150
140 151
141 152
142 153
143 154
144 155
145 156
146 157
147 158
148 159
149 160
150 161
151 162
152 163
153 164
154 165
155 166
156 167
157 168
158 169
159 170
160 171
161 171
162 172
163 173
164 174
165 174
166 175
167 175
168 176
169 176
170 177
171 177
172 177
173 178
174 178
175 178
176 178
177 178
178 178
179 178
180 177
181 177
182 177
183 177
184 177
185 176
186 176
187 176
188 176
189 176
190 176
191 176
192 175
193 175
194 175
195 175
196 175
197 175
198 175
199 175
200 175
201 175
202 174
203 174
204 174
205 174
206 174
207 174
208 174
209 174
210 174
211 174
212 174
213 174
214 174
215 174
216 174
217 174
218 174
219 174
220 174
221 174
222 175
223 175
224 175
225 175
226 176
227 176
228 176
229 177
230 177
231 177
232 177
233 178
234 178
235 179
236 179
237 179
238 180
239 180
240 180
241 180
242 181
243 181
244 181
245 182
246 182
247 182
248 182
249 183
250 183
251 183
252 183
253 183
254 184
255 184
256 184
257 184
258 184
259 184
260 184
261 184
262 184
263 184
264 183
265 183
266 183
267 183
268 183
269 183
270 182
271 182
272 182
273 181
274 181
275 181
276 180
277 180
278 180
279 179
280 179
281 179
282 178
283 178
284 178
285 177
286 177
287 177
