26 18
27 19
28 20
29 20
30 21
31 22
32 23
33 24
34 25
35 26
36 27
37 28
38 29
39 30
39 31
40 32
41 33
42 34
43 35
43 36
44 37
45 38
45 39
46 40
46 41
47 42
48 43
48 44
49 45
49 46
50 47
50 48
51 49
51 50
52 51
52 52
53 53
53 54
54 55
54 56
55 57
55 58
56 59
56 60
57 61
57 62
58 63
58 64
59 65
59 66
60 67
60 68
61 69
61 70
61 71
62 72
62 73
63 74
63 75
64 76
64 77
65 78
65 79
66 80
66 81
66 82
67 83
67 84
68 85
68 86
69 87
69 88
70 89
70 90
71 91
71 92
72 93
72 94
73 95
73 96
74 97
74 98
75 99
75 100
76 101
76 102
77 103
77 104
78 105
78 106
79 107
79 108
80 109
80 110
81 111
82 112
82 113
83 114
83 115
84 116
85 117
85 118
86 119
87 120
87 121
88 122
89 123
90 124
90 125
91 126
92 127
93 128
94 129
94 130
95 131
96 132
97 133
98 134
99 135
100 136
101 137
102 138
103 139
104 140
105 141
106 142
107 143
108 144
109 145
110 146
111 147
112 147
113 148
114 149
115 149
116 150
117 151
118 151
119 152
120 152
121 153
122 154
123 154
124 155
125 155
126 156
127 156
128 157
129 157
130 158
131 158
132 158
133 159
134 159
135 160
136 160
137 161
138 161
139 162
140 162
141 162
142 163
143 163
144 163
145 164
146 164
147 164
148 164
149 165
150 165
151 165
152 165
153 165
154 166
155 166
156 166
157 166
158 166
159 166
160 166
161 166
162 167
163 167
164 167
165 167
166 167
167 167
168 167
169 167
170 167
171 167
172 167
