8 65
9 64
10 64
11 64
12 64
13 64
14 63
15 63
16 63
17 63
18 63
19 63
20 62
21 62
22 62
23 62
24 62
25 62
26 62
27 62
28 61
29 61
30 61
31 61
32 61
33 61
34 61
35 61
36 61
37 61
38 61
39 61
40 61
41 61
42 61
43 61
44 62
45 62
46 62
47 62
48 62
49 62
50 63
51 63
52 63
53 63
54 64
55 64
56 64
57 65
58 65
59 65
60 66
61 66
62 66
63 66
64 67
65 67
66 67
67 67
68 67
69 67
70 67
71 67
72 67
73 67
74 66
75 66
76 66
77 66
78 66
79 65
80 65
81 65
82 65
83 65
84 64
85 64
86 64
87 64
88 64
89 64
90 64
91 64
92 64
93 64
94 64
95 65
96 65
97 65
98 65
99 66
100 66
101 66
102 66
103 67
104 67
105 67
106 67
107 67
108 67
109 67
110 67
111 67
112 67
113 67
114 67
115 67
116 67
117 66
118 66
119 66
120 66
121 65
122 65
123 65
124 64
125 64
126 64
127 63
128 63
129 63
130 62
131 62
132 62
133 61
134 61
135 60
136 60
137 59
138 59
139 58
140 58
141 57
142 57
143 57
144 56
145 56
146 55
147 55
148 54
149 54
150 53
