28 2
29 3
29 4
30 5
31 6
31 7
32 8
32 9
33 10
33 11
34 12
34 13
35 14
36 15
36 16
37 17
37 18
38 19
38 20
39 21
40 22
40 23
41 24
41 25
42 26
42 27
43 28
44 29
44 30
45 31
46 32
46 33
47 34
47 35
48 36
49 37
49 38
50 39
51 40
51 41
52 42
53 43
53 44
54 45
55 46
55 47
56 48
57 49
58 50
58 51
59 52
60 53
61 54
62 55
62 56
63 57
64 58
65 59
66 60
67 61
68 62
69 63
70 64
71 65
72 66
73 66
74 67
75 68
76 68
77 69
78 69
79 70
80 70
81 71
82 71
83 71
84 72
85 72
86 72
87 72
88 72
89 72
90 72
91 72
92 72
93 72
94 72
95 72
96 72
97 72
98 72
99 72
100 72
101 72
102 72
103 72
104 72
105 71
106 71
107 71
108 71
109 71
110 71
111 71
112 71
113 71
114 71
115 71
116 71
117 71
118 71
119 71
120 71
121 71
122 71
123 71
124 72
125 72
126 72
127 72
128 72
129 72
130 72
131 73
132 73
133 73
134 73
135 73
136 74
137 74
138 74
139 74
140 75
141 75
142 75
143 75
144 76
145 76
146 76
147 77
148 77
149 77
150 77
151 78
152 78
153 79
154 79
155 79
156 80
157 80
158 80
159 81
160 81
161 82
162 82
163 83
164 83
165 84
166 84
167 85
168 85
169 86
170 87
171 87
172 88
173 89
174 89
175 90
176 91
177 92
178 93
179 94
180 94
181 95
182 96
183 97
184 98
184 99
185 100
186 101
187 102
188 103
189 104
190 105
191 106
192 107
193 108
194 109
195 110
195 111
196 112
197 113
198 114
199 115
200 116
201 117
202 118
202 119
203 120
204 121
205 122
206 123
207 124
207 125
208 126
209 127
210 128
211 129
212 130
212 131
213 132
214 133
215 134
216 135
217 136
218 137
219 138
220 139
221 140
222 140
223 141
224 142
225 142
226 143
227 143
228 143
229 143
230 143
231 143
232 142
233 142
234 141
235 141
236 140
237 139
238 139
239 138
240 137
241 136
242 135
243 134
244 133
245 132
246 131
247 130
248 129
249 128
250 127
251 126
252 125
253 124
254 123
255 122
256 121
257 120
258 120
259 119
260 118
261 117
262 117
263 116
264 115
265 115
266 114
267 114
268 114
269 114
270 113
271 113
272 113
273 113
274 113
275 114
276 114
277 114
278 114
279 115
280 115
281 116
282 116
283 117
284 117
285 117
286 118
287 118
288 118
289 119
290 119
291 119
292 120
293 120
294 120
295 120
296 120
297 120
298 121
299 121
300 121
301 121
302 121
303 121
304 121
305 121
306 120
307 120
308 120
309 120
310 120
311 120
312 119
313 119
314 119
315 119
316 119
317 118
318 118
319 118
320 118
321 117
322 117
323 117
324 117
325 117
326 116
327 116
328 116
329 116
330 116
331 116
332 116
333 116
334 116
335 116
336 116
337 116
338 116
339 116
340 117
341 117
342 117
343 117
344 117
345 118
346 118
347 118
348 119
349 119
350 119
351 120
352 120
353 121
354 121
355 121
356 122
357 122
358 122
359 123
360 123
361 124
362 124
363 124
364 125
365 125
366 125
367 126
368 126
369 126
370 126
371 127
372 127
373 127
374 127
375 128
376 128
377 128
378 128
379 129
380 129
381 129
382 129
383 129
384 129
385 130
386 130
387 130
388 130
389 130
390 130
391 131
392 131
393 131
394 131
395 131
396 131
397 131
