31 88
31 89
32 90
32 91
32 92
33 93
33 94
33 95
34 96
34 97
34 98
34 99
35 100
35 101
35 102
36 103
36 104
36 105
37 106
37 107
37 108
38 109
38 110
38 111
39 112
39 113
39 114
40 115
40 116
40 117
41 118
41 119
42 120
42 121
42 122
43 123
43 124
43 125
44 126
44 127
45 128
45 129
45 130
46 131
46 132
47 133
47 134
47 135
48 136
48 137
49 138
49 139
50 140
50 141
51 142
51 143
52 144
52 145
53 146
53 147
54 148
55 149
55 150
56 151
57 152
57 153
58 154
59 155
60 156
61 157
62 158
63 159
64 160
65 161
66 161
67 162
68 162
69 163
70 163
71 164
72 164
73 164
74 164
75 165
76 165
77 165
78 165
79 165
80 165
81 165
82 166
83 166
84 166
85 166
86 166
87 166
88 166
89 166
90 167
91 167
92 167
93 167
94 168
95 168
96 168
97 168
98 169
99 169
100 169
101 170
102 170
103 170
104 171
105 171
106 171
107 172
108 172
109 172
110 173
111 173
112 174
113 174
114 175
115 175
116 176
117 176
118 177
119 177
120 177
121 178
122 179
123 179
124 180
125 180
126 181
127 181
128 182
129 182
130 183
131 184
132 184
133 185
134 185
135 186
136 187
137 187
138 188
139 188
140 189
141 190
142 190
143 191
144 191
145 192
146 193
147 193
148 194
149 194
150 195
151 196
152 196
153 197
154 197
155 198
156 199
157 199
158 200
159 200
160 201
161 201
162 202
163 202
164 203
165 203
166 204
167 204
168 205
169 205
170 206
171 206
172 206
173 207
174 207
175 208
176 208
177 208
178 209
179 209
180 209
181 209
182 210
183 210
184 210
185 210
186 210
187 210
188 211
189 211
190 211
191 211
192 211
193 211
194 210
195 210
196 210
197 210
198 210
199 210
200 209
201 209
202 209
203 209
204 208
205 208
206 208
207 207
208 207
209 207
210 206
211 206
212 205
213 205
214 204
215 204
216 204
217 203
218 203
219 202
220 202
221 201
222 201
223 201
224 200
225 200
226 199
227 199
228 198
229 198
230 198
231 197
232 197
233 196
234 196
235 196
236 195
237 195
238 195
239 195
240 194
241 194
242 194
243 193
244 193
245 193
246 193
247 193
248 192
249 192
250 192
251 192
252 192
253 191
254 191
255 191
256 191
257 191
258 191
259 191
260 191
261 191
262 191
263 191
264 191
265 191
266 191
267 191
268 191
269 191
270 191
271 191
272 192
273 192
274 192
275 192
276 192
277 193
278 193
279 193
280 194
281 194
282 194
283 195
284 195
285 195
286 196
287 196
288 196
289 197
290 197
291 198
292 198
293 199
294 199
295 199
296 200
297 200
298 201
299 201
300 202
301 202
302 203
303 203
304 203
305 204
306 204
307 205
308 205
309 206
310 206
311 207
312 207
313 208
314 208
315 209
316 209
317 210
318 210
319 210
320 211
321 211
322 211
323 212
324 212
325 212
326 212
327 212
328 212
329 212
330 211
331 211
332 211
333 210
334 210
335 209
336 209
337 209
338 208
339 208
340 208
341 208
342 207
343 207
344 208
345 208
346 208
347 208
348 208
349 209
350 209
351 209
352 210
353 210
354 211
355 211
356 212
357 212
358 212
359 213
360 213
361 213
362 213
363 214
364 214
365 214
366 214
367 214
368 214
369 214
370 214
371 214
372 214
373 213
374 213
375 213
376 213
377 212
378 212
379 211
380 211
381 211
382 210
383 210
384 209
385 209
386 208
387 207
388 207
389 206
390 206
391 205
392 205
393 204
394 204
395 203
396 202
397 202
398 201
399 201
400 200
401 200
402 199
403 199
404 198
405 198
406 197
407 197
408 196
409 196
410 195
411 195
412 194
413 194
414 193
415 193
416 192
417 192
418 191
419 191
420 190
421 190
422 189
423 189
424 188
425 188
426 187
427 187
428 186
429 186
430 185
431 185
432 184
433 184
434 183
435 182
436 182
437 181
438 181
439 180
440 180
441 179
442 179
443 178
444 177
445 177
446 176
447 176
448 175
449 175
450 174
451 174
452 173
453 172
454 172
455 171
456 171
457 170
458 170
459 169
460 169
461 168
462 167
463 167
464 166
465 166
466 165
467 165
468 164
469 164
470 163
471 163
472 162
473 162
474 161
475 161
476 160
477 160
478 159
479 159
480 159
481 158
482 158
483 158
484 157
485 157
486 156
487 156
488 156
489 156
490 155
491 155
492 155
493 155
494 154
495 154
496 154
497 154
498 154
499 154
500 153
501 153
502 153
503 153
504 153
505 153
506 153
507 153
508 153
509 153
510 153
511 153
512 154
513 154
514 154
515 154
516 154
517 154
518 154
519 155
520 155
521 155
522 155
523 156
524 156
525 156
526 156
527 157
528 157
529 157
530 158
531 158
532 159
533 159
534 159
535 160
536 160
537 161
538 161
539 162
540 162
541 163
542 163
543 164
544 164
545 165
546 165
547 166
548 167
549 167
550 168
551 168
552 169
553 170
554 170
555 171
556 172
557 172
558 173
559 174
560 174
561 175
562 176
563 176
564 177
565 178
566 179
567 179
568 180
569 181
570 182
571 182
572 183
573 184
574 184
575 185
576 186
577 187
578 188
579 188
580 189
581 190
582 191
583 191
584 192
584 193
