7 30
8 31
9 32
10 33
10 34
11 35
12 36
13 37
14 38
15 39
15 40
16 41
17 42
18 43
18 44
19 45
20 46
21 47
21 48
22 49
23 50
23 51
24 52
25 53
25 54
26 55
27 56
27 57
28 58
29 59
29 60
30 61
31 62
31 63
32 64
33 65
34 66
35 67
36 68
37 69
38 70
39 71
40 72
41 73
42 73
43 74
44 74
45 75
46 75
47 75
48 75
49 75
50 74
51 74
52 73
53 73
54 72
55 72
56 71
57 70
58 69
59 68
60 67
61 67
62 66
63 65
64 64
65 63
66 63
67 62
68 62
69 61
70 61
71 61
72 61
73 60
74 60
75 60
76 60
77 60
78 60
79 60
80 60
81 60
82 60
83 60
84 61
85 61
86 61
87 62
88 62
89 62
90 63
91 63
92 64
93 64
94 64
95 65
96 65
97 65
98 66
99 66
100 66
101 66
102 67
103 67
104 67
105 67
106 67
107 68
108 68
109 68
110 68
111 69
112 69
113 69
114 70
115 70
116 70
117 71
118 71
119 72
120 72
121 73
122 73
123 74
124 74
125 75
126 75
127 76
128 76
129 76
130 77
131 77
132 77
133 78
134 78
135 78
136 78
137 79
138 79
139 79
140 79
141 79
142 79
143 78
144 78
145 78
146 77
147 77
148 76
149 75
150 74
151 73
152 72
153 71
154 70
155 69
155 68
156 67
157 66
158 65
159 64
159 63
160 62
161 61
162 60
163 59
163 58
164 57
165 56
166 55
167 54
168 53
169 52
170 51
171 50
172 49
173 49
174 48
175 47
176 47
177 46
178 46
179 45
180 45
181 45
182 44
183 44
184 44
185 44
186 43
187 43
188 43
189 43
190 43
191 42
192 42
193 42
194 42
195 41
196 41
197 41
198 41
199 41
200 41
201 41
202 41
203 41
204 41
205 41
206 41
207 42
208 42
209 43
210 43
211 44
212 44
213 45
214 46
215 46
216 47
217 48
217 49
218 50
219 51
220 52
221 53
221 54
222 55
223 56
224 57
224 58
225 59
226 60
227 61
228 62
229 63
230 63
231 64
232 64
233 64
234 64
235 63
236 63
237 62
238 61
239 60
240 59
241 58
242 57
243 56
244 55
245 54
246 53
247 52
248 51
249 50
250 50
251 49
252 48
253 47
254 46
254 45
255 44
256 43
257 42
258 41
