6 33
7 34
8 35
9 35
10 36
11 37
12 38
13 39
14 39
15 40
16 41
17 42
18 42
19 43
20 44
21 45
22 46
23 46
24 47
25 48
26 49
27 50
28 50
29 51
30 52
31 53
32 53
33 54
34 55
35 56
36 56
37 57
38 58
39 59
40 59
41 60
42 61
43 61
44 62
45 63
46 63
47 64
48 64
49 65
50 66
51 66
52 67
53 68
54 68
55 69
56 69
57 70
58 71
59 71
60 72
61 72
62 73
63 74
64 74
65 75
66 75
67 76
68 76
69 77
70 77
71 77
72 78
73 78
74 78
75 78
76 79
77 79
78 78
79 78
80 78
81 78
82 77
83 77
84 76
85 76
86 75
87 75
88 74
89 74
90 73
91 73
92 72
93 72
94 72
95 72
96 72
97 72
98 72
99 72
100 72
101 72
102 72
103 73
104 73
105 74
106 74
107 75
108 75
109 75
110 76
111 76
112 76
113 77
114 77
115 77
116 77
117 77
118 77
119 77
120 78
121 78
122 78
123 78
124 78
125 77
126 77
127 77
128 77
129 77
130 76
131 76
132 76
133 75
134 75
135 74
136 74
137 74
138 73
139 73
140 73
141 73
142 73
143 73
144 73
145 74
146 74
147 74
148 75
149 75
150 76
151 76
152 77
153 77
154 78
155 78
156 78
157 77
158 77
159 76
160 75
161 74
162 73
163 72
