12 55
13 55
14 56
15 56
16 56
17 56
18 57
19 57
20 57
21 57
22 58
23 58
24 58
25 58
26 59
27 59
28 59
29 59
30 60
31 60
32 60
33 60
34 61
35 61
36 61
37 61
38 61
39 62
40 62
41 62
42 62
43 62
44 62
45 63
46 63
47 63
48 63
49 63
50 64
51 64
52 64
53 65
54 65
55 66
56 66
57 67
58 67
59 68
60 69
61 69
62 70
63 71
64 72
65 73
66 74
67 75
68 76
69 77
70 78
71 79
72 80
73 81
74 82
75 83
76 84
77 85
78 86
78 87
79 88
80 89
81 90
82 91
83 92
84 93
85 94
86 95
87 96
88 97
89 98
90 99
91 100
92 100
93 101
94 102
95 103
96 104
97 104
98 105
99 106
100 106
101 107
102 108
103 108
104 109
105 109
106 110
107 110
108 111
109 111
110 112
111 112
112 112
113 113
114 113
115 113
116 113
117 114
118 114
119 114
120 114
121 114
122 114
123 114
124 115
125 115
126 115
127 115
128 115
129 115
130 115
131 115
132 115
133 115
134 115
135 115
136 115
137 115
138 115
139 115
140 115
141 115
142 115
143 115
144 116
145 116
146 116
147 116
148 116
149 116
150 116
151 116
152 116
153 116
154 117
155 117
156 117
157 117
158 117
159 117
160 118
161 118
162 118
163 118
164 119
165 119
166 119
167 119
168 120
169 120
170 120
171 120
172 121
173 121
174 121
175 121
176 122
177 122
178 122
179 122
180 122
181 122
182 123
183 123
184 123
185 123
186 123
187 123
188 123
189 124
190 124
191 124
192 124
193 124
194 124
195 124
196 124
197 125
198 125
199 125
200 125
201 125
202 125
203 125
204 126
205 126
206 126
207 126
208 127
209 127
210 127
211 128
212 128
213 129
214 129
215 130
216 130
217 130
218 131
219 131
220 132
221 132
222 132
223 132
224 133
225 133
226 133
227 133
228 133
229 133
230 134
231 134
232 134
233 134
234 134
235 134
236 134
237 134
238 134
239 134
240 134
241 135
242 135
243 135
244 135
245 135
246 135
247 135
248 135
249 135
250 135
251 136
252 136
253 136
254 136
255 136
256 136
257 136
258 136
259 136
260 136
261 136
262 136
263 136
264 136
265 136
266 136
267 136
268 136
269 136
270 136
271 136
272 136
273 136
274 136
275 136
276 136
277 136
278 136
279 136
280 136
281 136
282 136
283 136
284 135
285 135
286 135
287 135
288 135
289 135
290 134
291 134
292 134
293 134
294 134
295 133
296 133
297 133
298 133
299 133
300 132
301 132
302 132
303 132
304 131
305 131
306 131
307 131
308 130
309 130
310 130
311 130
312 130
313 129
314 129
315 129
316 129
317 128
318 128
319 128
320 127
321 127
322 127
323 127
324 126
325 126
326 126
327 125
328 125
329 124
330 124
331 124
332 123
333 123
334 122
335 122
336 121
337 121
338 120
339 119
340 119
341 118
342 118
343 117
344 116
345 115
346 115
347 114
348 113
349 113
350 112
351 111
352 110
353 110
354 109
355 108
356 107
357 107
358 106
359 105
360 105
361 104
362 103
363 103
364 102
365 101
366 101
367 100
