14 28
15 29
15 30
16 31
16 32
17 33
17 34
18 35
18 36
19 37
19 38
20 39
20 40
21 41
21 42
22 43
23 44
23 45
24 46
24 47
25 48
26 49
26 50
27 51
28 52
29 53
29 54
30 55
31 56
32 57
33 58
34 59
35 59
36 60
37 61
38 61
39 62
40 62
41 62
42 63
43 63
44 63
45 63
46 63
47 63
48 63
49 62
50 62
51 62
52 62
53 61
54 61
55 61
56 60
57 60
58 59
59 59
60 58
61 58
62 58
63 57
64 57
65 56
66 56
67 55
68 55
69 54
70 54
71 53
72 53
73 52
74 52
75 52
76 51
77 51
78 50
79 50
80 49
81 49
82 48
83 48
84 47
85 47
86 47
87 46
88 46
89 45
90 45
91 45
92 44
93 44
94 44
95 43
96 43
97 42
98 42
99 42
100 41
101 41
102 41
103 41
104 40
105 40
106 40
107 39
108 39
109 39
110 39
111 38
112 38
113 38
114 38
115 38
116 37
117 37
118 37
119 37
120 37
121 36
122 36
123 36
124 36
125 36
126 36
127 35
128 35
129 35
130 35
131 35
132 35
133 35
134 35
135 35
136 35
137 35
138 35
139 35
140 35
141 35
142 35
143 35
144 35
145 35
146 35
147 36
148 36
149 36
150 36
151 36
152 37
153 37
154 37
155 37
156 38
157 38
158 38
159 39
160 39
161 40
162 40
163 40
164 41
165 41
166 42
167 42
168 43
169 43
170 44
171 44
172 45
173 46
174 46
175 47
176 47
177 48
178 49
179 49
180 50
181 51
182 51
183 52
184 53
185 53
186 54
187 55
188 56
189 56
190 57
191 58
192 59
193 59
194 60
195 61
196 62
197 63
198 64
199 65
200 65
201 66
202 67
203 68
204 69
205 70
206 71
207 72
208 73
209 74
210 75
211 76
212 77
213 78
214 79
215 80
216 81
217 82
218 83
219 84
220 85
221 86
222 87
222 88
223 89
224 90
225 91
226 92
227 93
228 94
229 95
229 96
230 97
231 98
232 99
233 100
234 101
234 102
235 103
236 104
237 105
238 106
238 107
239 108
240 109
241 110
242 111
242 112
243 113
244 114
245 115
245 116
246 117
247 118
248 119
248 120
249 121
250 122
251 123
251 124
252 125
253 126
254 127
254 128
255 129
256 130
257 131
258 132
258 133
259 134
260 135
261 136
261 137
262 138
263 139
264 140
264 141
265 142
266 143
267 144
268 145
268 146
269 147
270 148
271 149
272 150
273 151
273 152
274 153
275 154
276 155
277 156
278 157
279 158
280 159
281 160
281 161
282 162
283 163
284 164
285 165
286 166
287 167
288 168
289 169
290 170
291 171
291 172
