15 37
15 38
16 39
17 40
17 41
18 42
19 43
19 44
20 45
20 46
21 47
22 48
22 49
23 50
24 51
24 52
25 53
26 54
26 55
27 56
27 57
28 58
29 59
29 60
30 61
31 62
31 63
32 64
32 65
33 66
34 67
34 68
35 69
36 70
36 71
37 72
37 73
38 74
39 75
39 76
40 77
41 78
41 79
42 80
42 81
43 82
44 83
44 84
45 85
46 86
46 87
47 88
47 89
48 90
49 91
49 92
50 93
51 94
51 95
52 96
53 97
53 98
54 99
54 100
55 101
56 102
56 103
57 104
58 105
58 106
59 107
60 108
60 109
61 110
61 111
62 112
63 113
63 114
64 115
65 116
65 117
66 118
66 119
67 120
68 121
68 122
69 123
70 124
70 125
71 126
72 127
72 128
73 129
74 130
74 131
75 132
76 133
77 134
77 135
78 136
79 137
80 138
81 139
82 140
83 141
84 141
85 142
86 142
87 143
88 143
89 143
90 143
91 143
92 143
93 143
94 142
95 142
96 142
97 141
98 141
99 141
100 140
101 140
102 140
103 139
104 139
105 138
106 138
107 137
108 137
109 136
110 136
111 135
112 135
113 134
114 134
115 133
116 133
117 132
118 132
119 131
120 131
121 130
122 130
123 129
124 129
125 128
126 128
127 128
128 127
129 127
130 126
131 126
132 126
133 125
134 125
135 125
136 124
137 124
138 124
139 124
140 123
141 123
142 123
143 123
144 123
145 123
146 122
147 122
148 122
149 122
150 122
151 122
152 122
153 122
154 122
155 122
156 122
157 123
158 123
159 123
160 123
161 123
162 123
163 124
164 124
165 124
166 125
167 125
168 125
169 126
170 126
171 126
172 127
173 127
174 128
175 128
176 129
177 129
178 130
179 131
180 131
181 132
182 132
183 133
184 134
185 134
186 135
187 136
188 136
189 137
190 138
191 138
192 139
193 140
194 140
195 141
196 142
197 142
198 143
199 144
200 144
201 145
202 145
203 146
204 146
205 147
206 147
207 148
208 148
209 149
210 149
211 150
212 150
213 151
214 151
215 151
216 152
217 152
218 153
219 153
220 154
221 154
222 154
223 155
224 155
225 156
226 156
227 156
228 157
229 157
230 158
231 158
232 159
233 159
234 160
235 160
236 161
237 161
238 162
239 162
240 163
241 163
242 164
243 164
244 165
245 165
246 166
247 166
248 167
249 167
250 168
251 168
252 168
253 169
254 169
255 169
256 170
257 170
258 170
259 170
260 170
261 170
262 170
263 169
264 169
265 169
266 168
267 167
268 167
269 166
270 165
270 164
271 163
272 162
273 161
273 160
274 159
275 158
275 157
276 156
276 155
277 154
278 153
278 152
279 151
279 150
280 149
281 148
281 147
282 146
283 145
283 144
284 143
285 142
286 141
287 140
288 140
289 139
290 138
291 138
292 138
293 137
294 137
295 137
296 137
297 137
298 137
299 137
300 137
301 137
302 137
303 137
304 137
305 137
306 137
307 137
308 137
309 137
310 137
311 137
312 137
313 136
314 136
315 136
316 136
317 136
318 136
319 135
320 135
321 135
322 135
323 134
324 134
325 134
326 133
327 133
328 133
329 132
330 132
331 132
332 131
333 131
334 130
335 130
336 130
337 129
338 129
339 128
340 128
341 128
342 127
343 127
344 126
345 126
346 126
347 125
348 125
349 124
350 124
351 124
352 123
353 123
354 122
355 122
356 122
357 122
358 121
359 121
360 121
361 121
362 120
363 120
364 120
365 120
366 120
367 120
368 120
369 120
370 120
371 120
372 120
373 121
374 121
375 121
376 122
377 122
378 122
379 123
380 123
381 124
382 125
383 125
384 126
385 127
386 128
387 128
388 129
389 130
390 131
391 132
392 133
393 134
394 135
395 136
395 137
396 138
397 139
398 140
399 141
400 142
400 143
401 144
402 145
403 146
403 147
404 148
405 149
406 150
406 151
407 152
408 153
408 154
409 155
410 156
411 157
411 158
412 159
413 160
413 161
414 162
415 163
415 164
416 165
417 166
417 167
418 168
419 169
419 170
420 171
420 172
421 173
422 174
422 175
423 176
424 177
424 178
425 179
426 180
426 181
427 182
428 183
428 184
429 185
430 186
431 187
431 188
432 189
433 190
433 191
434 192
435 193
436 194
437 195
437 196
438 197
439 198
440 199
441 200
442 201
443 202
443 203
444 204
445 205
446 206
447 207
448 208
449 209
450 210
451 211
452 212
453 213
454 213
455 214
456 215
457 216
458 217
459 218
460 218
461 219
462 220
463 221
464 221
465 222
466 223
467 223
468 224
469 225
470 225
471 226
472 227
473 227
474 228
