43 52
44 53
45 54
46 55
47 56
48 57
49 58
50 59
51 60
52 61
53 62
54 63
55 64
56 65
57 66
58 67
59 68
60 69
61 70
62 71
63 72
64 73
64 74
65 75
66 76
67 77
68 78
69 79
70 80
71 81
72 82
73 83
74 83
75 84
76 85
77 86
78 87
79 87
80 88
81 89
82 89
83 90
84 91
85 91
86 92
87 93
88 93
89 94
90 95
91 95
92 96
93 97
94 97
95 98
96 99
97 100
98 100
99 101
100 102
101 103
102 103
103 104
104 105
105 106
106 106
107 107
108 108
109 109
110 109
111 110
112 111
113 112
114 112
115 113
116 114
117 114
118 115
119 115
120 116
121 117
122 117
123 118
124 119
125 119
126 120
127 120
128 121
129 122
130 122
131 123
132 123
133 124
134 124
135 125
136 126
137 126
138 127
139 127
140 128
141 129
142 129
143 130
144 130
145 131
146 132
147 132
148 133
149 134
150 134
151 135
152 136
153 137
154 137
155 138
156 139
157 140
158 140
159 141
160 142
161 143
162 144
163 144
164 145
165 146
166 147
167 148
168 149
169 150
170 151
171 152
172 153
173 154
174 155
175 156
176 157
177 158
178 159
179 160
180 161
180 162
181 163
182 164
183 165
184 166
184 167
185 168
186 169
187 170
188 171
188 172
189 173
190 174
191 175
191 176
192 177
193 178
194 179
194 180
195 181
196 182
197 183
197 184
198 185
199 186
200 187
200 188
201 189
202 190
203 191
203 192
204 193
205 194
206 195
206 196
207 197
208 198
209 199
209 200
210 201
211 202
212 203
213 204
213 205
214 206
215 207
216 208
217 209
217 210
218 211
219 212
220 213
221 214
222 215
223 216
224 217
225 218
226 219
227 220
228 221
229 222
230 223
231 224
232 225
233 226
234 227
235 228
236 228
237 229
238 230
239 231
240 231
241 232
242 232
243 233
244 233
245 234
246 234
247 235
248 235
249 236
250 236
251 236
252 236
253 237
254 237
255 237
256 237
257 237
258 237
259 237
260 237
261 237
262 237
263 237
264 236
265 236
266 236
267 236
268 235
269 235
270 235
271 234
272 234
273 233
274 233
275 232
276 231
277 231
278 230
279 230
280 229
281 228
282 227
283 227
284 226
285 225
286 224
287 223
288 222
289 222
290 221
291 220
292 219
293 218
294 217
295 216
296 215
297 214
298 213
299 212
300 211
301 210
302 209
303 208
304 207
304 206
305 205
306 204
307 203
308 202
309 201
310 200
311 199
312 198
313 197
314 196
315 195
316 194
317 193
318 192
319 191
320 190
321 189
322 188
323 187
324 186
325 185
326 184
327 183
328 182
329 181
330 180
331 179
332 179
333 178
334 177
335 176
336 175
337 174
338 174
339 173
340 172
341 171
342 170
343 170
344 169
345 168
346 167
347 167
348 166
349 165
350 165
351 164
352 163
353 163
354 162
355 162
356 161
357 160
358 160
359 159
360 159
361 158
362 157
363 157
364 156
365 156
366 155
367 155
368 154
369 154
370 153
371 152
372 152
373 151
374 151
375 150
376 150
377 149
378 149
379 148
380 148
381 147
382 147
383 146
384 146
385 145
386 144
387 144
388 143
389 143
390 142
391 142
392 141
393 141
394 140
395 139
396 139
397 138
398 138
399 137
400 137
401 136
402 135
403 135
404 134
405 134
406 133
407 133
408 132
409 131
410 131
411 130
412 130
413 129
414 128
415 128
416 127
417 127
418 126
419 125
420 125
421 124
422 124
423 123
