14 92
15 93
16 94
17 95
18 96
19 97
20 98
21 99
22 100
23 101
24 102
25 103
26 104
27 105
28 106
29 107
30 108
31 109
32 110
33 111
34 112
35 113
36 114
37 115
38 116
39 117
40 118
41 119
42 120
43 120
44 121
45 122
46 123
47 123
48 124
49 125
50 126
51 126
52 127
53 127
54 128
55 129
56 129
57 129
58 130
59 130
60 131
61 131
62 131
63 131
64 131
65 131
66 131
67 131
68 131
69 131
70 131
71 130
72 130
73 130
74 130
75 129
76 129
77 128
78 128
79 127
80 127
81 126
82 126
83 126
84 125
85 125
86 124
87 124
88 123
89 123
90 123
91 122
92 122
93 122
94 121
95 121
96 121
97 120
98 120
99 120
100 120
101 119
102 119
103 119
104 119
105 119
106 119
107 119
108 119
109 119
110 119
111 119
112 119
113 119
114 119
115 119
116 119
117 119
118 119
119 120
120 120
121 120
122 120
123 120
124 120
125 121
126 121
127 121
128 121
129 121
130 121
131 121
132 121
133 121
134 122
135 122
136 122
137 122
138 122
139 122
140 122
141 122
142 122
143 122
144 122
145 122
146 122
147 122
148 122
149 122
150 122
151 122
152 122
153 123
154 123
155 123
156 123
157 123
158 123
159 123
160 123
161 124
162 124
163 124
164 124
165 124
166 125
167 125
168 125
169 125
170 125
171 126
172 126
173 126
174 127
175 127
176 127
177 127
178 128
179 128
180 128
181 129
182 129
183 129
184 130
185 130
186 130
187 131
188 131
189 132
190 132
191 132
192 133
193 133
194 134
195 134
196 134
197 135
198 135
199 136
200 136
201 137
202 137
203 137
204 138
205 138
206 139
207 139
208 140
209 140
210 141
211 141
212 142
213 142
214 143
215 144
216 144
217 145
218 146
219 146
220 147
221 148
222 148
223 149
224 150
225 151
226 151
227 152
228 153
229 154
230 155
231 156
232 157
233 157
234 158
235 159
236 160
237 161
238 162
239 163
240 164
241 165
242 166
243 167
244 167
245 168
246 169
247 170
248 170
249 171
250 172
251 172
252 173
253 173
254 174
255 174
256 174
257 175
258 175
259 175
260 175
261 175
262 175
263 174
264 174
265 174
266 174
267 173
268 173
269 173
270 172
271 172
272 171
273 171
274 170
275 170
276 169
277 169
278 168
279 168
280 167
281 167
282 166
283 166
284 165
285 165
286 164
287 164
288 163
289 163
290 162
291 162
292 161
293 161
294 160
295 160
296 160
297 159
298 159
299 158
300 158
301 157
302 157
303 157
304 156
305 156
306 156
307 155
308 155
309 155
310 154
311 154
312 154
313 154
314 153
315 153
316 153
317 153
318 153
319 152
320 152
321 152
322 152
323 152
324 152
325 152
326 152
327 152
328 152
329 152
330 152
331 152
332 152
333 152
334 152
335 152
336 152
337 152
338 152
339 152
340 153
341 153
342 153
343 154
344 154
345 154
346 155
347 155
348 155
349 156
350 157
351 157
352 158
353 158
354 159
355 160
356 160
357 161
358 162
359 162
360 163
361 164
362 165
363 165
364 166
365 167
366 168
367 168
368 169
369 169
370 170
371 171
372 171
373 171
374 172
375 172
376 172
377 173
378 173
379 173
380 173
381 173
382 173
383 173
384 174
385 174
386 174
387 173
388 173
389 173
390 173
391 173
392 173
393 173
394 173
395 173
396 173
397 173
398 173
399 173
400 173
401 172
402 172
403 172
404 172
405 172
406 172
407 172
408 172
409 172
410 172
411 172
412 172
413 172
414 172
415 173
416 173
417 173
418 173
419 173
420 173
421 173
422 173
423 173
424 173
425 173
426 174
427 174
428 174
429 174
430 174
431 174
432 175
433 175
434 175
435 175
436 175
437 175
438 176
439 176
440 176
441 176
442 177
443 177
444 177
445 177
446 178
447 178
448 178
449 178
450 179
451 179
452 179
453 180
454 180
455 180
456 180
457 181
458 181
459 181
460 182
461 182
462 182
463 182
464 183
465 183
466 183
467 184
468 184
469 184
470 184
471 184
472 185
473 185
474 185
475 185
476 186
477 186
478 186
479 186
480 186
481 186
482 187
483 187
484 187
485 187
486 187
487 187
488 187
489 187
490 187
491 187
492 187
493 187
494 187
495 187
496 187
497 187
498 187
499 187
500 187
501 187
502 187
503 187
504 187
505 187
506 187
507 187
508 187
509 187
510 187
511 187
512 187
513 187
514 186
515 186
516 186
517 186
518 186
519 186
520 186
521 186
522 186
523 186
524 186
525 186
526 185
527 185
528 185
529 185
530 185
531 185
532 185
533 185
534 185
535 185
536 185
537 184
538 184
539 184
540 184
541 184
542 184
543 184
544 184
545 183
546 183
547 183
548 183
549 183
550 183
551 182
552 182
553 182
554 182
555 182
556 181
557 181
558 181
559 181
560 180
561 180
562 180
563 180
564 179
565 179
566 179
567 178
568 178
569 177
570 177
571 177
572 176
573 176
574 175
575 175
576 175
577 174
578 174
579 173
580 173
581 172
582 172
583 171
584 171
585 170
586 169
587 169
588 168
589 168
590 167
591 167
592 166
593 166
594 165
595 164
596 164
597 163
598 163
599 162
600 162
601 161
602 160
603 160
604 159
605 159
606 158
607 158
608 157
609 157
610 156
611 156
612 155
613 155
614 154
615 154
616 154
617 153
618 153
619 152
620 152
621 152
622 151
623 151
624 151
625 150
626 150
627 150
628 150
629 150
630 150
631 149
632 149
633 149
634 149
635 149
636 149
637 149
638 149
639 150
640 150
641 150
642 150
643 150
644 150
645 151
646 151
647 151
648 151
649 151
650 152
651 152
652 152
653 153
654 153
655 153
656 154
657 154
658 154
659 154
660 155
661 155
662 155
663 156
664 156
665 156
666 156
667 157
668 157
669 157
670 157
671 157
672 158
673 158
674 158
675 158
676 159
677 159
678 159
679 159
680 159
681 160
682 160
683 160
684 160
685 161
686 161
687 161
688 162
689 162
690 162
691 163
692 163
693 164
694 164
695 164
696 165
697 165
698 166
699 166
700 166
701 167
702 167
