23 98
23 99
24 100
24 101
25 102
25 103
26 104
26 105
27 106
27 107
27 108
28 109
28 110
29 111
29 112
30 113
30 114
31 115
31 116
32 117
32 118
33 119
33 120
34 121
34 122
35 123
35 124
36 125
36 126
37 127
37 128
38 129
38 130
39 131
40 132
40 133
41 134
41 135
42 136
43 137
43 138
44 139
45 140
46 141
46 142
47 143
48 144
49 145
49 146
50 147
51 148
52 149
53 150
54 151
55 152
56 153
57 154
58 155
59 156
60 157
61 158
62 159
63 159
64 160
65 161
66 162
67 163
68 164
69 164
70 165
71 166
72 167
73 167
74 168
75 169
76 169
77 170
78 171
79 171
80 172
81 173
82 173
83 174
84 175
85 175
86 176
87 177
88 177
89 178
90 179
91 179
92 180
93 181
94 181
95 182
96 183
97 183
98 184
99 184
100 185
101 186
102 186
103 187
104 188
105 188
106 189
107 189
108 190
109 191
110 191
111 192
112 193
113 193
114 194
115 194
116 195
117 196
118 196
119 197
120 197
121 198
122 199
123 199
124 200
125 200
126 201
127 202
128 202
129 203
130 203
131 204
132 205
133 205
134 206
135 206
136 207
137 207
138 208
139 208
140 209
141 209
142 210
143 210
144 211
145 211
146 212
147 212
148 213
149 213
150 214
151 214
152 214
153 215
154 215
155 215
156 215
157 216
158 216
159 216
160 216
161 216
162 216
163 216
164 216
165 216
166 215
167 215
168 215
169 214
170 214
171 213
172 212
173 212
174 211
175 210
176 209
177 208
178 207
179 206
180 205
181 204
181 203
182 202
183 201
183 200
184 199
185 198
185 197
186 196
187 195
187 194
188 193
188 192
189 191
190 190
190 189
191 188
191 187
192 186
192 185
193 184
193 183
194 182
195 181
195 180
196 179
196 178
197 177
197 176
198 175
198 174
199 173
199 172
200 171
200 170
201 169
201 168
201 167
202 166
202 165
203 164
203 163
204 162
204 161
205 160
205 159
206 158
206 157
207 156
