16 15
16 16
17 17
17 18
18 19
18 20
19 21
19 22
20 23
20 24
21 25
21 26
22 27
22 28
23 29
23 30
24 31
24 32
25 33
25 34
26 35
27 36
27 37
28 38
28 39
29 40
30 41
30 42
31 43
32 44
32 45
33 46
34 47
35 48
35 49
36 50
37 51
38 52
39 53
40 54
41 55
42 56
43 57
44 58
45 58
46 59
47 60
48 60
49 61
50 62
51 62
52 63
53 63
54 64
55 64
56 64
57 65
58 65
59 65
60 66
61 66
62 66
63 66
64 66
65 66
66 67
67 67
68 67
69 67
70 67
71 67
72 67
73 67
74 67
75 67
76 66
77 66
78 66
79 66
80 66
81 66
82 66
83 66
84 66
85 66
86 66
87 65
88 65
89 65
90 65
91 65
92 65
93 65
94 65
95 65
96 65
97 65
98 65
99 65
100 65
101 65
102 66
103 66
104 66
105 66
106 66
107 66
108 66
109 67
110 67
111 67
112 67
113 68
114 68
115 68
116 69
117 69
118 69
119 70
120 70
121 71
122 71
123 72
124 72
125 73
126 73
127 74
128 75
129 75
130 76
131 77
132 78
133 78
134 79
135 80
136 81
137 82
138 83
139 84
140 85
141 86
142 87
142 88
143 89
144 90
145 91
146 92
146 93
147 94
148 95
148 96
149 97
150 98
150 99
151 100
152 101
152 102
153 103
154 104
154 105
155 106
156 107
156 108
157 109
158 110
158 111
159 112
160 113
160 114
161 115
162 116
162 117
163 118
164 119
164 120
165 121
166 122
167 123
168 124
169 125
170 126
171 127
172 128
173 129
174 129
175 130
176 131
177 131
178 131
179 132
180 132
181 132
182 132
183 132
184 132
185 132
186 132
187 132
188 132
189 132
190 132
191 131
192 131
193 131
194 131
195 130
196 130
197 130
198 129
199 129
200 129
201 128
202 128
203 127
204 127
205 127
206 126
207 126
208 125
209 125
210 125
211 124
212 124
213 123
214 123
215 123
216 122
217 122
218 122
219 121
220 121
221 121
222 121
223 120
224 120
225 120
226 120
227 120
228 120
229 119
230 119
231 119
232 119
233 119
234 119
235 119
236 119
237 120
238 120
239 120
240 120
241 120
242 120
243 120
244 120
245 121
246 121
247 121
248 121
249 121
250 122
251 122
252 122
253 122
254 123
255 123
256 123
257 123
258 124
259 124
260 124
261 124
262 124
263 125
264 125
265 125
266 125
267 125
268 125
269 125
270 125
271 125
272 125
273 125
274 124
275 124
276 124
277 124
278 123
279 123
280 123
281 122
282 122
283 121
284 121
285 120
286 120
287 119
288 119
289 118
290 118
291 117
292 117
293 116
294 115
295 115
296 114
297 113
298 113
299 112
300 111
301 111
302 110
303 109
304 109
305 108
306 107
307 107
308 106
309 106
310 105
311 105
312 104
313 104
314 103
315 103
316 103
317 103
318 103
319 103
320 103
321 104
322 104
323 105
324 105
325 106
325 107
326 108
327 109
328 110
328 111
329 112
330 113
330 114
331 115
332 116
332 117
333 118
334 119
334 120
335 121
336 122
337 123
338 124
339 125
340 126
341 127
342 128
343 129
344 130
345 130
346 131
347 132
348 132
349 133
350 134
351 134
352 135
353 135
354 136
355 137
356 137
357 138
358 138
359 139
360 139
361 140
362 140
363 140
364 141
365 141
366 142
367 142
368 143
369 143
370 143
371 144
372 144
373 144
374 145
375 145
376 145
377 146
378 146
379 146
380 147
381 147
382 147
383 147
384 148
385 148
386 148
387 149
388 149
389 149
390 149
391 150
392 150
393 150
394 151
395 151
396 151
397 152
398 152
399 152
400 153
401 153
402 153
403 154
404 154
405 154
406 155
407 155
408 155
409 156
410 156
411 157
412 157
413 157
414 158
415 158
416 159
417 159
418 159
419 160
420 160
421 161
422 161
423 162
424 162
425 163
426 163
427 164
428 164
429 165
430 165
431 166
432 166
433 167
434 167
435 168
436 168
437 169
438 169
439 170
440 170
441 170
442 171
443 171
444 172
445 172
446 173
447 173
448 174
449 174
450 174
451 175
452 175
453 175
454 176
455 176
456 176
457 176
458 176
459 176
460 177
461 177
462 176
463 176
464 176
465 176
466 176
467 176
468 176
469 175
470 175
471 175
472 174
473 174
474 174
475 173
476 173
477 172
478 172
479 172
480 171
481 171
482 170
483 170
484 169
485 169
486 168
487 168
488 167
489 167
490 166
491 166
492 165
493 165
494 164
495 164
496 163
497 163
498 162
499 162
500 161
501 160
502 160
503 159
504 159
505 158
506 158
507 157
508 156
509 156
510 155
511 155
512 154
513 153
514 153
515 152
516 151
517 151
518 150
519 150
520 149
521 148
522 148
523 147
524 146
525 146
526 145
527 144
528 144
529 143
530 143
531 142
532 141
533 141
534 140
535 140
536 139
537 139
538 139
539 138
540 138
541 138
542 138
543 137
544 137
545 137
546 137
547 137
548 138
549 138
550 138
551 138
552 139
553 139
554 140
555 141
556 141
557 142
558 143
559 144
560 145
561 146
562 147
562 148
563 149
564 150
564 151
565 152
566 153
566 154
567 155
568 156
568 157
569 158
569 159
570 160
571 161
571 162
572 163
572 164
573 165
573 166
