14 48
14 49
15 50
15 51
16 52
16 53
17 54
17 55
18 56
18 57
18 58
19 59
19 60
20 61
20 62
21 63
21 64
21 65
22 66
22 67
23 68
23 69
23 70
24 71
24 72
25 73
25 74
26 75
26 76
26 77
27 78
27 79
28 80
28 81
28 82
29 83
29 84
30 85
30 86
30 87
31 88
31 89
31 90
32 91
32 92
33 93
33 94
33 95
34 96
34 97
34 98
35 99
35 100
35 101
36 102
36 103
37 104
37 105
37 106
38 107
38 108
39 109
39 110
39 111
40 112
40 113
40 114
41 115
41 116
42 117
42 118
42 119
43 120
43 121
44 122
44 123
45 124
45 125
45 126
46 127
46 128
47 129
47 130
48 131
48 132
49 133
49 134
50 135
50 136
51 137
51 138
52 139
52 140
53 141
54 142
54 143
55 144
55 145
56 146
57 147
57 148
58 149
59 150
59 151
60 152
61 153
61 154
62 155
63 156
64 157
65 158
66 159
66 160
67 161
68 162
69 163
70 164
71 165
72 166
73 167
74 168
75 169
76 169
77 170
78 171
79 172
80 172
81 173
82 174
83 175
84 175
85 176
86 176
87 177
88 178
89 178
90 179
91 179
92 180
93 181
94 181
95 182
96 182
97 183
98 183
99 184
100 184
101 185
102 185
103 186
104 186
105 187
106 187
107 188
108 188
109 189
110 189
111 190
112 190
113 191
114 191
115 192
116 193
117 193
118 194
119 194
120 195
121 195
122 196
123 196
124 197
125 198
126 198
127 199
128 199
129 200
130 201
131 201
132 202
133 203
134 203
135 204
136 205
137 205
138 206
139 207
140 208
141 208
142 209
143 210
144 211
145 211
146 212
147 213
148 214
149 214
150 215
151 216
152 216
153 217
154 217
155 218
156 219
157 219
158 219
159 220
160 220
161 220
162 221
163 221
164 221
165 222
166 222
167 222
168 223
169 223
170 224
171 224
172 225
173 225
174 226
175 227
176 227
177 228
178 229
179 229
180 230
181 231
182 232
183 232
184 233
185 234
186 235
187 236
188 236
189 237
190 238
191 239
192 239
193 240
194 241
195 241
196 242
197 243
198 243
199 244
200 244
201 245
202 245
203 246
204 246
205 247
206 247
207 248
208 248
209 248
210 249
211 249
212 249
213 250
214 250
215 250
216 250
217 250
218 250
219 251
220 251
221 251
222 251
223 251
224 251
225 251
226 251
227 251
228 251
229 250
230 250
231 250
232 250
233 250
234 250
235 249
236 249
237 249
238 249
239 248
240 248
241 248
242 247
243 247
244 247
245 246
246 246
247 246
248 245
249 245
250 244
251 244
252 243
253 243
254 242
255 242
256 241
257 241
258 240
259 240
260 239
261 238
262 238
263 237
264 236
265 236
266 235
267 234
268 233
269 233
270 232
271 231
272 231
273 230
274 229
275 228
276 227
277 227
278 226
279 225
280 224
281 223
282 222
283 222
284 221
285 220
286 219
287 218
288 217
289 216
290 215
291 215
292 214
293 213
294 212
295 211
296 210
297 209
298 208
299 207
300 207
301 206
302 205
303 204
304 203
305 202
306 201
307 200
308 199
309 199
310 198
311 197
312 196
313 195
314 194
315 193
316 193
317 192
318 191
319 190
320 189
321 188
322 187
323 187
324 186
325 185
326 184
327 183
328 182
329 182
330 181
331 180
332 179
333 178
334 178
335 177
336 176
337 175
338 174
339 174
340 173
341 172
342 171
343 170
344 170
345 169
346 168
347 167
348 167
349 166
350 165
351 164
352 164
353 163
354 162
355 161
356 161
357 160
358 159
359 159
360 158
361 157
362 157
363 156
364 155
365 155
366 154
367 154
368 153
369 153
370 153
371 152
372 152
373 151
374 151
375 151
376 150
377 150
378 150
379 150
380 149
381 149
382 149
383 149
384 148
385 148
386 148
387 147
388 147
389 147
390 146
391 146
392 145
393 145
394 145
395 144
396 144
397 143
398 143
399 143
400 142
401 142
402 141
403 141
404 141
405 140
406 140
407 140
408 140
409 139
410 139
411 139
412 139
413 139
414 138
415 138
416 138
417 138
418 138
419 138
420 138
421 138
422 138
423 138
424 138
425 138
426 138
427 138
428 138
429 138
430 138
431 139
432 139
433 139
434 139
435 139
436 139
437 140
438 140
439 140
440 140
441 141
442 141
443 141
444 142
445 142
446 142
447 143
448 143
449 143
450 144
451 144
452 145
453 145
454 145
455 146
456 146
457 147
458 147
459 147
460 148
461 148
462 148
463 149
464 149
465 149
466 150
467 150
468 150
469 150
470 150
471 150
472 151
473 151
474 151
475 150
476 150
477 150
478 150
479 150
480 149
481 149
482 149
483 148
484 148
485 148
486 147
487 147
488 146
489 146
490 145
491 145
492 144
493 143
494 143
495 142
496 142
497 141
498 141
499 140
500 140
501 139
502 139
503 139
504 138
505 138
506 138
507 138
508 138
509 138
510 138
511 139
512 139
513 140
514 140
515 141
516 142
517 143
518 144
518 145
519 146
520 147
521 148
522 149
522 150
523 151
524 152
524 153
525 154
526 155
527 156
527 157
528 158
529 159
530 160
531 161
532 162
533 163
534 164
535 165
536 166
537 167
538 167
539 168
540 168
541 169
542 169
543 169
544 169
545 169
546 168
547 168
548 168
549 167
550 166
551 166
552 165
553 164
554 163
555 163
556 162
557 161
558 161
