9 45
10 45
11 46
12 47
13 48
14 48
15 49
16 50
17 51
18 51
19 52
20 53
21 54
22 54
23 55
24 55
25 56
26 57
27 57
28 58
29 58
30 59
31 59
32 60
33 60
34 60
35 61
36 61
37 62
38 62
39 63
40 63
41 64
42 64
43 65
44 65
45 66
46 66
47 67
48 68
49 68
50 69
51 70
52 70
53 71
54 72
55 72
56 73
57 74
58 75
59 75
60 76
61 77
62 77
63 78
64 79
65 80
66 80
67 81
68 82
69 83
70 83
71 84
72 85
73 85
74 86
75 86
76 87
77 87
78 88
79 89
80 89
81 89
82 90
83 90
84 91
85 91
86 91
87 92
88 92
89 92
90 93
91 93
92 93
93 93
94 93
95 94
96 94
97 94
98 94
99 95
100 95
101 95
102 96
103 96
104 97
105 97
106 98
107 99
108 99
109 100
110 101
111 101
112 102
113 103
114 103
115 104
116 105
117 105
118 106
119 106
120 106
121 107
122 107
123 108
124 108
125 108
126 109
127 109
128 109
129 110
130 110
131 111
132 111
133 111
134 112
135 112
136 112
137 113
138 113
139 113
140 114
141 114
142 114
143 115
144 115
145 115
146 116
147 116
148 116
149 116
150 117
151 117
152 117
153 117
154 118
155 118
156 118
157 118
158 118
159 118
160 118
161 118
162 118
163 118
164 118
165 117
166 117
167 117
168 116
169 116
170 115
171 115
172 114
173 113
174 113
175 112
176 111
177 111
178 110
