9 55
9 56
10 57
10 58
11 59
11 60
12 61
12 62
13 63
13 64
14 65
15 66
15 67
16 68
16 69
17 70
18 71
18 72
19 73
20 74
21 75
22 76
23 77
24 77
25 78
26 78
27 78
28 78
29 78
30 78
31 78
32 77
33 77
34 77
35 76
36 76
37 76
38 75
39 75
40 74
41 74
42 73
43 73
44 72
45 72
46 71
47 71
48 71
49 70
50 70
51 70
52 69
53 69
54 69
55 69
56 69
57 69
58 69
59 69
60 69
61 69
62 69
63 69
64 69
65 70
66 70
67 70
68 71
69 71
70 72
71 72
72 73
73 73
74 74
75 75
76 76
77 76
78 77
79 78
80 79
81 80
82 80
83 81
84 82
85 83
86 84
87 85
88 86
89 87
90 88
91 89
92 90
93 91
94 92
95 93
96 94
97 95
98 96
99 97
100 98
101 99
102 100
103 101
104 101
105 102
106 103
107 104
108 105
109 106
110 106
111 107
112 108
113 109
114 109
115 110
116 111
117 111
118 112
119 112
120 113
121 113
122 114
123 114
124 115
125 115
126 116
127 116
128 116
129 117
130 117
131 117
132 117
133 117
134 118
135 118
136 118
137 118
138 118
139 118
140 118
141 117
142 117
143 117
144 117
145 116
146 116
147 116
148 116
149 115
150 115
151 114
152 114
153 113
154 113
155 113
156 112
157 111
158 111
159 110
160 110
161 109
162 109
163 108
164 107
165 107
166 106
167 106
168 105
169 104
170 104
171 103
172 102
173 102
174 101
175 100
176 100
177 99
178 99
179 98
180 97
181 97
182 96
183 95
184 95
185 94
186 94
187 93
188 93
189 92
190 91
191 91
192 90
193 90
194 89
195 89
196 89
197 88
198 88
199 87
200 87
201 87
202 86
203 86
204 86
205 86
206 85
207 85
208 85
209 85
210 85
211 85
212 85
213 85
214 85
215 85
216 85
217 85
218 85
219 85
220 85
221 86
222 86
223 86
224 86
225 87
226 87
227 87
228 88
229 88
230 89
231 89
232 90
233 90
234 91
235 91
236 92
237 92
238 93
239 94
240 94
241 95
242 96
243 96
244 97
245 98
246 99
247 99
248 100
249 101
250 102
251 103
252 103
253 104
254 105
255 106
256 107
257 108
258 109
259 109
260 110
261 111
262 112
263 113
264 114
265 115
266 115
267 116
268 117
269 118
270 119
271 120
272 120
273 121
274 122
275 123
276 123
277 124
278 124
279 125
280 125
281 125
282 125
283 125
284 125
285 125
286 124
287 124
288 123
289 123
290 123
291 122
292 122
293 121
294 121
295 120
296 120
297 120
298 120
299 120
300 120
301 120
302 120
303 120
304 120
305 120
306 120
307 120
308 120
309 120
310 120
311 120
312 120
313 120
314 120
315 120
316 120
317 120
318 120
319 120
320 120
321 120
322 120
323 120
324 120
325 120
326 120
327 120
328 119
329 119
330 119
331 119
332 118
333 118
334 118
335 117
336 117
337 116
338 116
339 115
340 115
341 114
342 114
343 113
344 112
345 112
346 111
347 111
348 110
349 110
350 110
351 110
352 110
353 110
354 110
355 110
356 111
357 111
358 112
359 113
360 114
361 115
362 116
363 117
363 118
364 119
365 120
366 121
366 122
367 123
368 124
368 125
369 126
370 127
370 128
371 129
372 130
373 131
374 132
375 133
376 133
377 133
378 133
379 133
380 132
381 132
382 131
383 130
384 129
385 129
386 128
387 127
388 126
389 125
390 124
391 123
392 122
393 121
394 120
395 119
396 118
397 117
398 116
399 116
400 115
401 114
402 113
403 113
404 112
405 111
406 110
407 110
408 109
409 108
410 108
411 107
412 106
413 106
414 105
415 104
416 104
417 103
418 103
419 102
420 102
421 101
422 101
423 101
424 100
425 100
426 99
427 99
428 99
429 99
430 99
431 98
432 98
433 98
434 98
435 98
436 98
437 98
438 98
439 98
440 98
441 99
442 99
443 99
444 99
445 99
446 100
447 100
448 100
449 101
450 101
451 102
452 102
453 102
454 103
455 103
456 104
457 104
458 105
459 105
460 106
461 106
462 107
