11 58
12 59
13 60
14 60
15 61
16 62
17 62
18 63
19 63
20 64
21 64
22 65
23 65
24 65
25 65
26 66
27 66
28 66
29 65
30 65
31 65
32 65
33 65
34 64
35 64
36 63
37 63
38 62
39 62
40 61
41 61
42 60
43 60
44 59
45 58
46 57
47 57
48 56
49 55
50 54
51 54
52 53
53 52
54 51
55 51
56 50
57 49
58 49
59 48
60 48
61 47
62 47
63 46
64 46
65 45
66 45
67 45
68 44
69 44
70 44
71 44
72 44
73 44
74 44
75 44
76 44
77 44
78 44
79 44
80 45
81 45
82 45
83 46
84 46
85 46
86 47
87 47
88 48
89 48
90 49
91 49
92 50
93 51
94 51
95 52
96 53
97 53
98 54
99 55
100 56
101 57
102 58
103 59
104 60
105 61
106 62
107 63
108 64
109 65
110 66
111 67
112 68
113 69
114 70
115 71
116 72
117 73
118 74
119 75
120 76
121 77
122 78
123 79
124 80
125 81
126 82
127 82
128 83
129 84
130 84
131 85
132 86
133 86
134 86
135 87
136 87
137 87
138 87
139 87
140 88
141 88
142 88
143 87
144 87
145 87
146 87
147 87
148 87
149 87
150 87
151 86
152 86
153 86
154 86
155 86
156 86
157 86
158 86
159 85
160 85
161 85
162 85
163 85
164 85
165 85
166 85
167 85
168 85
169 85
170 85
171 85
172 85
173 85
174 86
175 86
176 86
177 86
178 86
179 86
180 87
181 87
182 87
183 87
184 87
185 88
186 88
187 88
188 88
189 89
190 89
191 89
192 89
193 89
194 90
195 90
196 90
197 90
198 90
199 90
200 90
201 90
202 90
203 90
204 90
205 90
206 90
207 90
208 90
209 90
210 90
211 90
212 90
213 90
214 90
215 90
216 89
217 89
218 89
219 89
220 88
221 88
222 87
223 87
224 86
225 85
226 85
227 84
228 83
229 83
230 82
231 81
232 80
233 79
234 79
235 78
236 77
237 76
238 76
239 75
240 74
241 74
242 73
243 72
244 72
245 71
246 71
247 70
248 70
249 70
250 69
251 69
252 69
253 68
254 68
255 68
256 68
257 68
258 68
259 68
260 67
261 67
262 67
263 67
264 67
265 67
266 67
267 67
268 67
269 68
270 68
271 68
272 68
273 68
274 68
275 68
276 69
277 69
278 69
279 69
280 70
281 70
282 70
283 70
284 71
285 71
286 71
287 71
288 72
289 72
290 72
291 72
292 72
293 73
294 73
295 73
296 73
297 73
298 73
299 74
300 74
301 74
302 74
303 74
304 74
305 74
306 74
307 74
308 74
309 74
310 74
311 74
312 74
313 74
314 74
315 74
316 74
317 73
318 73
319 73
320 73
321 73
322 73
323 73
324 73
325 73
326 73
327 73
328 72
329 72
330 72
331 72
332 72
333 72
334 72
335 72
336 72
337 72
338 72
339 72
340 72
341 72
342 72
343 72
344 72
345 72
346 72
347 72
348 71
349 71
350 71
351 71
352 71
353 71
354 71
355 71
356 71
357 71
358 71
359 71
360 70
361 70
362 70
363 70
364 70
365 70
366 69
367 69
368 69
369 69
370 69
371 68
372 68
373 68
374 68
375 68
376 68
377 67
378 67
379 67
380 67
381 67
382 67
