37 66
38 67
39 67
40 68
41 69
42 69
43 70
44 71
45 71
46 72
47 73
48 73
49 74
50 75
51 75
52 76
53 77
54 78
55 79
56 79
57 80
58 81
59 82
60 83
61 84
62 85
62 86
63 87
64 88
65 89
65 90
66 91
67 92
67 93
68 94
69 95
69 96
70 97
70 98
71 99
71 100
72 101
73 102
73 103
74 104
74 105
74 106
75 107
75 108
76 109
76 110
77 111
77 112
78 113
78 114
78 115
79 116
79 117
80 118
80 119
81 120
81 121
82 122
82 123
82 124
83 125
83 126
84 127
84 128
85 129
86 130
86 131
87 132
87 133
88 134
89 135
90 136
90 137
91 138
92 138
93 139
94 140
95 141
96 141
97 141
98 142
99 142
100 142
101 142
102 141
103 141
104 141
105 140
106 140
107 139
108 138
109 138
110 137
111 136
112 135
113 135
114 134
115 133
116 132
117 131
118 130
119 129
120 129
121 128
122 127
123 126
124 125
125 124
126 123
127 123
128 122
129 121
130 120
131 119
132 119
133 118
134 117
135 116
136 116
137 115
138 114
139 114
140 113
141 113
142 112
143 112
144 111
145 111
146 110
147 110
148 109
149 109
150 109
151 109
152 108
153 108
154 108
155 108
156 108
157 108
158 108
159 108
160 108
161 108
162 108
163 108
164 109
165 109
166 109
167 110
168 110
169 110
170 111
171 111
172 112
173 112
174 113
175 114
176 114
177 115
178 116
179 116
180 117
181 118
182 118
183 119
184 120
185 121
186 122
187 122
188 123
189 124
190 125
191 126
192 127
193 127
194 128
195 129
196 130
196 131
