17 23
18 24
18 25
18 26
18 27
19 28
19 29
19 30
20 31
20 32
20 33
21 34
21 35
21 36
22 37
22 38
22 39
23 40
23 41
23 42
24 43
24 44
24 45
25 46
25 47
26 48
26 49
26 50
27 51
27 52
27 53
28 54
28 55
29 56
29 57
29 58
30 59
30 60
31 61
31 62
31 63
32 64
32 65
33 66
33 67
34 68
34 69
35 70
35 71
36 72
36 73
37 74
38 75
38 76
39 77
39 78
40 79
41 80
42 81
42 82
43 83
44 84
45 85
46 86
46 87
47 88
48 89
49 90
50 91
51 92
52 93
53 94
54 95
55 96
56 97
57 97
58 98
59 99
60 100
61 101
62 102
63 103
64 104
65 104
66 105
67 106
68 107
69 108
70 109
71 110
72 111
73 112
74 112
75 113
76 114
77 115
78 116
79 117
80 118
81 118
82 119
83 120
84 121
85 122
86 123
87 123
88 124
89 125
90 126
91 127
92 127
93 128
94 129
95 130
96 130
97 131
98 132
99 132
100 133
101 134
102 134
103 135
104 136
105 136
106 137
107 137
108 138
109 138
110 139
111 139
112 140
113 140
114 141
115 141
116 141
117 142
118 142
119 143
120 143
121 143
122 144
123 144
124 144
125 145
126 145
127 145
128 145
129 146
130 146
131 146
132 146
133 146
134 147
135 147
136 147
137 147
138 147
139 147
140 146
141 146
142 146
143 145
144 145
145 145
146 144
147 143
148 143
149 142
150 141
151 140
152 139
153 138
154 137
155 136
156 135
157 134
157 133
158 132
159 131
160 130
160 129
161 128
162 127
163 126
164 125
