9 33
9 34
10 35
10 36
10 37
11 38
11 39
11 40
11 41
12 42
12 43
12 44
12 45
13 46
13 47
13 48
14 49
14 50
14 51
15 52
15 53
15 54
15 55
16 56
16 57
16 58
17 59
17 60
17 61
18 62
18 63
19 64
19 65
19 66
20 67
20 68
21 69
21 70
21 71
22 72
22 73
23 74
23 75
24 76
25 77
25 78
26 79
26 80
27 81
28 82
29 83
29 84
30 85
31 86
32 87
33 88
34 89
35 90
36 91
37 92
38 92
39 93
40 94
41 95
42 95
43 96
44 97
45 97
46 98
47 98
48 99
49 99
50 100
51 100
52 100
53 101
54 101
55 102
56 102
57 102
58 102
59 103
60 103
61 103
62 103
63 103
64 104
65 104
66 104
67 104
68 104
69 104
70 104
71 104
72 104
73 104
74 104
75 104
76 104
77 104
78 104
79 103
80 103
81 103
82 103
83 103
84 102
85 102
86 102
87 101
88 101
89 101
90 100
91 100
92 100
93 99
94 99
95 98
96 98
97 98
98 97
99 97
100 96
101 96
102 96
103 95
104 95
105 95
106 94
107 94
108 94
109 94
110 93
111 93
112 93
113 93
114 93
115 93
116 92
117 92
118 92
119 92
120 92
121 92
122 92
123 92
124 92
125 93
126 93
127 93
128 93
129 93
130 93
131 94
132 94
133 94
134 95
135 95
136 95
137 96
138 96
139 97
140 97
141 98
142 98
143 99
144 99
145 100
146 100
147 101
148 101
149 102
150 103
151 103
152 104
153 105
154 105
155 106
156 107
157 107
158 108
159 109
160 110
161 110
162 111
163 112
164 112
165 113
166 114
167 114
168 115
169 116
170 117
171 117
172 118
173 119
174 119
175 120
176 121
177 121
178 122
179 123
180 123
181 124
182 125
183 125
184 126
185 126
186 127
187 128
188 128
189 129
190 129
191 130
192 131
193 131
194 132
195 133
196 133
197 134
198 135
199 135
200 136
201 136
202 137
203 138
204 138
205 139
206 140
207 141
208 141
209 142
210 143
211 143
212 144
213 145
214 146
215 146
216 147
217 148
218 149
219 149
220 150
221 151
222 152
223 152
224 153
225 154
226 155
227 155
228 156
229 157
230 158
231 159
232 159
233 160
234 161
235 161
236 162
237 163
238 164
239 164
240 165
241 166
242 167
243 167
244 168
245 169
246 169
247 170
248 170
249 171
250 172
251 172
252 173
253 173
254 174
255 174
256 175
257 175
258 176
259 176
260 177
261 177
262 177
263 178
264 178
265 178
266 178
267 178
268 178
269 179
270 179
271 179
272 179
273 179
274 179
275 178
276 178
277 178
278 178
279 178
280 178
281 177
282 177
283 177
284 176
285 176
286 176
287 175
288 175
289 175
290 174
291 174
292 174
293 173
294 173
295 172
296 172
297 171
298 171
299 170
300 170
301 169
302 168
303 168
304 167
305 166
306 166
307 165
308 164
309 163
310 162
311 161
311 160
312 159
313 158
314 157
314 156
315 155
315 154
316 153
317 152
317 151
318 150
318 149
319 148
319 147
320 146
321 145
321 144
322 143
322 142
323 141
324 140
324 139
325 138
326 137
327 136
328 135
329 134
330 133
331 132
332 131
333 130
334 129
335 128
335 127
336 126
337 125
338 124
339 123
340 122
340 121
341 120
342 119
343 118
344 117
344 116
345 115
346 114
347 113
347 112
348 111
349 110
350 109
351 108
352 107
352 106
353 105
354 104
355 103
356 102
357 101
358 100
359 99
360 98
361 97
362 96
363 95
364 94
365 93
366 92
367 91
368 90
369 89
370 88
371 87
372 86
373 85
374 84
375 83
376 82
377 82
378 81
379 80
380 79
381 78
382 77
383 76
384 76
385 75
386 74
387 73
388 72
389 72
390 71
391 70
392 69
393 69
394 68
395 67
396 66
397 65
398 65
399 64
