20 48
21 48
22 48
23 48
24 48
25 49
26 49
27 49
28 50
29 50
30 50
31 51
32 51
33 52
34 52
35 52
36 53
37 53
38 54
39 54
40 55
41 55
42 56
43 56
44 57
45 57
46 58
47 58
48 59
49 59
50 59
51 60
52 60
53 60
54 60
55 61
56 61
57 61
58 61
59 61
60 61
61 61
62 62
63 62
64 62
65 62
66 62
67 62
68 62
69 63
70 63
71 63
72 63
73 63
74 64
75 64
76 64
77 64
78 65
79 65
80 65
81 65
82 66
83 66
84 66
85 67
86 67
87 68
88 68
89 69
90 69
91 70
92 70
93 71
94 72
95 72
96 73
97 73
98 74
99 75
100 76
101 76
102 77
103 78
104 79
105 80
106 80
107 81
108 82
109 83
110 84
111 85
112 86
113 87
114 88
115 89
116 90
117 91
118 92
119 93
120 94
121 95
122 96
123 97
124 98
125 99
125 100
126 101
127 102
128 103
129 104
130 105
131 106
132 107
133 108
134 109
135 110
136 111
137 112
138 113
139 114
140 115
141 116
142 117
143 118
144 119
145 119
146 120
147 121
148 122
149 122
150 123
151 124
152 124
153 125
154 125
155 126
156 126
157 127
158 127
159 127
160 128
161 128
162 128
163 129
164 129
165 129
166 129
167 129
168 129
169 129
170 129
171 129
172 129
173 128
174 128
175 128
176 128
177 127
178 127
179 127
180 126
181 126
182 126
183 125
184 125
185 125
186 124
187 124
188 124
189 123
190 123
191 123
192 123
193 122
194 122
195 122
196 122
197 122
198 121
199 121
200 121
201 121
202 121
203 121
204 121
205 120
206 120
207 120
208 120
209 120
210 120
211 120
212 120
213 119
214 119
215 119
216 119
217 119
218 118
219 118
220 118
221 117
222 117
223 117
224 116
225 116
226 115
227 115
228 114
229 114
230 113
231 112
232 112
233 111
234 110
235 110
236 109
237 108
238 108
239 107
240 106
241 106
242 105
243 105
244 104
245 103
246 103
247 102
248 102
249 101
250 101
251 101
252 100
253 100
254 100
255 100
256 100
257 99
258 99
259 99
260 99
261 99
262 99
263 100
264 100
265 100
266 100
267 100
268 101
269 101
270 102
271 102
272 103
273 103
274 104
275 104
276 105
277 105
278 106
279 106
280 107
281 108
282 108
283 109
284 109
285 110
286 110
287 111
288 111
289 112
290 112
291 113
292 113
293 114
294 114
295 114
296 115
297 115
298 115
299 116
300 116
301 116
302 117
303 117
304 117
305 117
306 118
307 118
308 118
309 118
310 118
311 119
312 119
313 119
314 119
315 119
316 120
317 120
318 120
319 120
320 121
321 121
322 121
323 121
324 122
325 122
326 122
327 123
328 123
329 123
330 124
331 124
332 125
333 125
334 125
335 126
336 126
337 127
338 127
339 128
340 128
341 129
342 129
343 129
344 130
345 130
346 130
347 131
348 131
349 131
350 132
351 132
352 132
353 132
354 132
355 133
356 133
357 133
358 133
359 132
360 132
361 132
362 132
363 132
364 131
365 131
366 131
367 130
368 130
369 129
370 128
371 128
372 127
373 126
374 126
375 125
376 124
377 123
378 122
379 121
380 120
381 119
382 118
382 117
383 116
384 115
385 114
385 113
386 112
387 111
388 110
388 109
389 108
390 107
390 106
391 105
392 104
392 103
393 102
394 101
394 100
395 99
396 98
396 97
397 96
398 95
398 94
399 93
400 92
400 91
401 90
402 89
402 88
403 87
404 86
405 85
405 84
406 83
407 82
408 81
408 80
409 79
410 78
411 77
412 76
412 75
413 74
414 73
415 72
416 71
417 70
418 69
419 68
420 67
421 66
422 65
423 65
424 64
425 63
426 63
427 62
428 62
429 61
430 61
431 60
432 60
433 59
434 59
435 59
436 59
437 59
438 58
439 58
440 58
441 58
442 58
443 58
444 58
445 58
446 58
447 57
448 57
449 57
450 57
451 57
452 57
453 57
454 56
455 56
456 56
457 56
458 56
459 55
460 55
461 55
462 55
463 54
464 54
465 54
466 53
467 53
468 53
469 52
470 52
471 52
472 51
473 51
474 50
475 50
476 50
477 49
478 49
479 49
480 48
481 48
482 47
483 47
484 46
485 46
486 46
487 45
