12 4
12 5
12 6
13 7
13 8
14 9
14 10
15 11
15 12
15 13
16 14
16 15
17 16
17 17
18 18
18 19
18 20
19 21
19 22
20 23
20 24
21 25
21 26
22 27
22 28
23 29
23 30
24 31
24 32
25 33
25 34
26 35
26 36
27 37
28 38
28 39
29 40
29 41
30 42
31 43
32 44
32 45
33 46
34 47
35 48
36 49
37 50
38 51
39 52
40 53
41 54
42 55
43 55
44 56
45 56
46 56
47 56
48 57
49 57
50 57
51 56
52 56
53 56
54 55
55 55
56 54
57 53
58 52
59 52
60 51
61 50
62 49
62 48
63 47
64 46
65 45
66 44
67 43
67 42
68 41
69 40
70 39
71 39
72 38
73 38
74 37
75 37
76 37
77 37
78 37
79 38
80 38
81 38
82 39
83 39
84 40
85 40
86 41
87 42
88 42
89 43
90 44
91 44
92 45
93 46
94 46
95 47
96 48
97 48
98 49
99 50
100 50
101 51
102 52
103 52
104 53
105 53
106 54
107 54
108 55
109 55
110 55
111 56
112 56
113 56
114 56
115 56
116 57
117 57
118 57
119 56
120 56
121 56
122 56
123 56
124 56
125 56
126 56
127 55
128 55
129 55
130 55
131 55
132 55
133 55
134 55
135 55
136 54
137 54
138 54
139 54
140 54
141 54
142 54
143 54
144 54
145 53
146 53
147 53
148 53
149 53
150 53
151 52
152 52
153 52
154 52
155 51
156 51
157 51
158 51
159 51
160 50
161 50
162 50
163 50
164 50
165 49
166 49
167 49
168 49
169 49
170 49
171 49
172 49
173 49
174 49
175 50
176 50
177 50
178 51
179 51
180 51
181 51
182 51
183 51
184 50
185 49
186 49
187 48
188 47
189 46
190 45
191 45
192 44
193 43
194 43
195 42
196 42
197 42
198 41
199 41
200 41
201 41
202 41
203 41
204 40
205 40
206 40
207 40
208 40
209 40
210 40
211 39
212 39
213 39
214 39
215 39
216 39
217 39
218 39
219 39
220 39
221 40
222 40
223 40
224 40
225 40
226 40
227 41
228 41
229 41
230 42
231 42
232 43
233 43
234 44
235 44
236 45
237 46
238 47
239 47
240 48
241 49
242 50
243 50
244 51
245 52
246 52
247 53
248 53
249 53
250 54
251 54
252 54
253 54
254 54
255 54
256 54
257 55
258 55
259 55
260 55
261 55
262 55
263 55
264 55
265 55
266 54
267 54
268 54
269 54
270 54
271 54
272 54
273 53
274 53
275 53
276 52
277 52
278 51
279 51
280 50
281 49
282 49
283 48
284 48
