9 53
10 54
11 54
12 55
13 55
14 56
15 57
16 57
17 58
18 58
19 59
20 59
21 60
22 60
23 61
24 61
25 62
26 62
27 63
28 63
29 63
30 64
31 64
32 64
33 64
34 65
35 65
36 65
37 65
38 65
39 65
40 65
41 65
42 65
43 65
44 64
45 64
46 64
47 63
48 63
49 63
50 63
51 62
52 62
53 62
54 62
55 62
56 62
57 62
58 62
59 62
60 62
61 62
62 63
63 63
64 64
65 64
66 65
67 66
68 67
69 68
70 69
71 70
72 71
73 72
74 73
75 74
76 75
77 76
77 77
78 78
79 79
80 80
81 81
82 82
82 83
83 84
84 85
85 86
86 87
87 88
88 89
88 90
89 91
90 92
91 93
92 94
93 95
94 96
95 97
96 98
97 99
98 100
99 101
100 102
101 103
102 104
103 105
104 106
105 107
106 108
107 108
108 109
109 110
110 110
111 111
112 111
113 111
114 112
115 112
116 112
117 112
118 112
119 112
120 111
121 111
122 110
123 110
124 109
125 108
126 107
127 106
128 105
129 104
130 103
131 102
131 101
132 100
133 99
134 98
134 97
135 96
136 95
137 94
137 93
138 92
139 91
140 90
140 89
141 88
142 87
143 86
144 85
144 84
145 83
146 82
147 81
148 80
149 79
149 78
150 77
151 76
152 75
153 74
154 73
155 72
156 71
157 70
158 69
159 69
160 68
161 67
162 66
163 65
164 65
165 64
166 63
167 62
168 62
169 61
170 60
171 60
172 59
173 59
174 58
175 58
176 57
177 57
178 56
179 56
180 56
181 55
182 55
183 54
184 54
185 54
186 54
