32 20
33 21
34 22
34 23
35 24
36 25
37 26
37 27
38 28
39 29
39 30
40 31
41 32
41 33
42 34
43 35
43 36
44 37
45 38
46 39
46 40
47 41
48 42
48 43
49 44
50 45
50 46
51 47
52 48
53 49
53 50
54 51
55 52
56 53
56 54
57 55
58 56
58 57
59 58
60 59
61 60
62 61
62 62
63 63
64 64
65 65
65 66
66 67
67 68
68 69
69 70
70 71
71 72
71 73
72 74
73 75
74 76
75 77
76 78
77 79
78 80
79 81
80 82
81 83
82 84
83 85
84 86
85 87
86 88
87 89
87 90
88 91
89 92
90 93
91 94
92 95
93 96
93 97
94 98
95 99
95 100
96 101
97 102
98 103
98 104
99 105
100 106
100 107
101 108
101 109
102 110
103 111
103 112
104 113
105 114
105 115
106 116
107 117
108 118
108 119
109 120
110 121
111 122
112 123
113 124
114 125
115 126
116 127
117 128
118 129
119 129
120 130
121 130
122 131
123 131
124 131
125 131
126 131
127 131
128 131
129 131
130 131
131 131
132 130
133 130
134 130
135 129
136 129
137 128
138 128
139 128
140 127
141 127
142 127
143 126
144 126
145 126
146 126
147 126
148 125
149 125
150 125
151 125
152 125
153 125
154 125
155 125
156 125
157 125
158 125
159 126
160 126
161 126
162 126
163 126
164 126
165 126
166 127
167 127
168 127
169 127
170 127
171 128
172 128
173 128
174 128
175 128
176 129
177 129
178 129
179 129
180 129
181 130
182 130
183 130
184 130
185 131
186 131
187 131
188 131
189 131
190 131
191 132
192 132
193 132
194 132
195 132
196 132
197 132
198 133
199 133
200 133
201 133
202 133
203 133
204 133
205 133
206 134
207 134
208 134
209 134
210 134
211 134
212 135
213 135
214 135
215 136
216 136
217 136
218 137
219 137
220 138
221 138
222 139
223 139
224 140
225 140
226 141
227 142
228 143
229 143
230 144
231 145
232 146
233 147
234 148
235 149
236 150
237 151
238 152
239 153
240 154
241 154
242 155
243 156
244 157
245 158
246 159
247 160
248 161
249 162
250 163
251 164
252 165
253 165
254 166
255 167
256 168
257 168
258 169
259 170
260 171
261 171
262 172
263 173
264 173
265 174
266 175
267 175
268 176
269 176
270 177
271 178
272 178
273 179
274 179
275 180
276 180
277 181
278 181
279 182
280 182
281 182
282 183
283 183
284 184
285 184
286 184
287 185
288 185
289 186
290 186
291 186
292 186
293 187
294 187
295 187
296 188
297 188
298 188
299 188
300 189
301 189
302 189
303 190
304 190
305 190
306 190
307 191
308 191
309 191
310 192
311 192
312 192
313 192
314 193
315 193
316 193
317 193
318 194
319 194
320 194
321 194
322 194
323 194
324 194
325 194
326 194
327 194
328 193
329 193
330 193
331 193
332 192
333 192
334 192
335 192
336 191
337 191
338 191
339 190
340 190
341 190
342 190
343 189
344 189
345 189
346 189
347 189
348 188
349 188
350 188
351 188
352 188
353 188
354 188
355 188
356 188
357 188
358 188
359 189
360 189
361 189
362 189
363 189
364 189
365 189
366 189
367 189
368 189
369 189
370 189
371 189
372 189
373 189
374 190
375 190
376 190
377 191
378 191
379 192
380 193
381 193
382 194
383 195
384 196
384 197
385 198
386 199
387 200
388 201
388 202
389 203
390 204
390 205
391 206
392 207
393 208
393 209
