4 16
5 16
6 17
6 18
7 19
8 20
9 21
10 22
11 23
12 24
12 25
13 26
14 27
15 28
16 29
16 30
17 31
18 32
19 33
20 34
20 35
21 36
22 37
23 38
24 39
25 40
26 41
26 42
27 43
28 44
29 45
30 46
31 47
32 48
33 48
34 49
35 50
36 51
37 52
38 53
39 54
40 55
41 56
42 56
43 57
44 58
45 59
46 60
47 61
48 62
49 63
50 64
51 65
52 66
53 67
54 68
55 69
56 69
57 70
58 71
59 72
60 73
61 73
62 74
63 75
64 75
65 76
66 76
67 76
68 76
69 76
70 76
71 76
72 75
73 75
74 74
75 73
76 72
77 71
78 70
79 69
79 68
80 67
81 66
81 65
82 64
82 63
83 62
83 61
84 60
84 59
85 58
85 57
86 56
86 55
87 54
88 53
88 52
89 51
89 50
90 49
91 48
92 47
