16 50
17 50
18 51
19 51
20 51
21 51
22 52
23 52
24 52
25 52
26 53
27 53
28 53
29 53
30 54
31 54
32 54
33 54
34 54
35 55
36 55
37 55
38 55
39 55
40 55
41 55
42 56
43 56
44 56
45 56
46 56
47 56
48 56
49 56
50 56
51 55
52 55
53 55
54 55
55 55
56 54
57 54
58 54
59 54
60 53
61 53
62 53
63 52
64 52
65 52
66 51
67 51
68 50
69 50
70 50
71 49
72 49
73 48
74 48
75 48
76 47
77 47
78 47
79 46
80 46
81 46
82 46
83 45
84 45
85 45
86 45
87 45
88 45
89 45
90 45
91 45
92 45
93 45
94 45
95 45
96 46
97 46
98 46
99 46
100 47
101 47
102 47
103 47
104 48
105 48
106 49
107 49
108 49
109 50
110 50
111 51
112 51
113 52
114 53
115 53
116 54
117 54
118 55
119 56
120 56
121 57
122 58
123 58
124 59
125 60
126 61
127 62
128 63
129 63
130 64
131 65
132 66
133 67
134 68
135 69
136 70
137 71
138 72
139 73
140 74
141 75
142 76
143 77
144 78
145 79
146 80
147 81
148 82
149 83
150 84
150 85
151 86
152 87
153 88
154 89
155 90
155 91
156 92
157 93
158 94
159 95
159 96
160 97
161 98
162 99
162 100
163 101
164 102
165 103
166 104
166 105
167 106
168 107
169 108
170 109
171 110
172 111
173 112
174 113
175 114
176 115
177 115
178 116
179 116
180 117
181 117
182 118
183 118
184 118
185 118
186 118
187 119
188 118
189 118
190 118
191 118
192 118
193 118
194 117
195 117
196 116
197 116
198 115
199 115
200 114
201 114
202 113
203 112
204 112
205 111
206 110
207 109
208 109
209 108
210 107
211 106
212 106
213 105
214 104
215 103
216 102
217 101
218 100
219 99
220 98
221 97
222 96
223 95
224 94
225 93
226 92
227 91
228 90
229 89
230 88
231 87
232 86
233 85
234 84
235 83
236 83
