11 68
12 69
13 70
14 71
15 72
16 73
17 74
18 75
19 76
20 77
21 78
22 79
23 80
24 81
25 82
26 83
27 84
28 85
29 85
30 86
31 87
32 88
33 89
34 90
35 91
36 92
37 92
38 93
39 94
40 95
41 95
42 96
43 97
44 98
45 98
46 99
47 99
48 100
49 101
50 101
51 102
52 102
53 103
54 103
55 104
56 104
57 105
58 105
59 105
60 106
61 106
62 107
63 107
64 107
65 108
66 108
67 108
68 109
69 109
70 109
71 109
72 110
73 110
74 110
75 110
76 110
77 111
78 111
79 111
80 111
81 111
82 111
83 111
84 111
85 111
86 112
87 112
88 112
89 112
90 112
91 112
92 112
93 112
94 112
95 112
96 112
97 113
98 113
99 113
100 113
101 113
102 113
103 114
104 114
105 114
106 114
107 114
108 115
109 115
110 115
111 115
112 116
113 116
114 116
115 117
116 117
117 117
118 118
119 118
120 118
121 118
122 119
123 119
124 119
125 120
126 120
127 120
128 120
129 120
130 121
131 121
132 121
133 121
134 121
135 121
136 121
137 121
138 121
139 121
140 121
141 121
142 121
143 121
144 121
145 120
146 120
147 120
148 120
149 120
150 119
151 119
152 119
153 118
154 118
155 118
156 117
157 117
158 117
159 116
160 116
161 116
162 115
163 115
164 115
165 114
166 114
167 114
168 113
169 113
170 112
171 112
172 112
173 111
174 111
175 111
176 110
177 110
178 110
179 109
180 109
181 109
182 108
183 108
184 108
185 107
186 107
187 107
188 107
189 107
190 106
191 106
192 106
193 106
194 106
195 106
196 106
197 106
198 106
199 106
200 106
201 106
202 106
203 106
204 106
205 106
206 106
207 106
208 107
209 107
210 107
211 107
212 108
213 108
214 108
215 109
216 109
217 109
218 109
219 109
220 109
221 109
222 109
223 109
224 108
225 108
226 107
227 107
228 106
229 105
230 104
231 103
232 103
233 102
234 101
235 100
236 99
237 98
238 97
239 96
240 95
241 94
242 93
243 92
244 91
245 90
246 89
247 88
248 87
249 86
250 86
251 85
252 84
253 84
254 83
255 83
256 82
257 82
258 82
259 82
260 81
261 81
262 81
263 81
264 82
265 82
266 82
267 82
268 83
269 83
270 84
271 85
272 85
273 86
274 87
275 88
276 89
277 90
278 91
279 92
280 93
281 94
281 95
282 96
283 97
284 98
285 99
286 100
286 101
287 102
288 103
289 104
290 105
291 106
291 107
292 108
293 109
294 110
295 111
296 112
297 113
298 114
299 114
300 115
301 116
302 117
303 117
304 118
305 118
306 118
307 119
308 119
309 119
310 119
311 118
312 118
313 117
314 117
315 116
316 115
317 114
318 113
319 112
320 111
320 110
321 109
322 108
323 107
323 106
324 105
325 104
325 103
326 102
326 101
327 100
327 99
328 98
329 97
329 96
330 95
330 94
331 93
331 92
332 91
332 90
333 89
333 88
334 87
334 86
335 85
335 84
336 83
336 82
337 81
337 80
338 79
338 78
339 77
339 76
340 75
341 74
341 73
342 72
342 71
343 70
343 69
344 68
345 67
345 66
346 65
346 64
347 63
348 62
348 61
349 60
350 59
351 58
351 57
352 56
353 55
354 54
355 53
356 52
357 51
358 50
359 50
360 49
361 48
362 47
363 47
364 46
365 46
366 45
367 45
368 44
369 44
370 44
371 44
372 44
373 44
374 44
375 44
376 44
377 44
378 44
379 44
380 45
381 45
382 46
383 46
384 47
385 47
386 48
387 49
388 49
389 50
390 51
391 52
392 52
393 53
394 54
395 55
396 55
397 56
398 57
399 58
400 59
401 60
402 60
403 61
404 62
405 63
406 64
407 65
408 66
409 67
410 68
411 69
412 70
412 71
413 72
414 73
415 74
416 75
416 76
417 77
418 78
418 79
419 80
420 81
421 82
421 83
422 84
423 85
423 86
424 87
425 88
425 89
426 90
427 91
427 92
428 93
429 94
429 95
430 96
431 97
431 98
432 99
433 100
434 101
434 102
435 103
436 104
437 105
438 106
439 107
440 108
441 109
442 110
443 111
444 112
445 113
446 114
447 115
448 116
449 116
450 117
451 117
452 118
453 118
454 119
455 119
456 119
457 120
458 120
459 120
460 120
461 120
462 120
463 120
464 120
465 119
466 119
467 119
468 119
469 118
470 118
471 118
472 117
473 117
474 116
475 116
476 115
477 115
478 115
479 114
480 114
481 113
482 113
483 112
484 112
485 111
486 111
487 110
488 109
489 109
490 108
491 108
492 108
493 107
494 107
495 106
496 106
497 105
498 105
499 104
500 104
501 104
502 103
503 103
504 103
505 102
506 102
507 102
508 101
509 101
510 101
511 100
512 100
513 100
514 99
515 99
516 99
517 99
518 98
519 98
520 98
