18 5
19 5
20 6
21 7
22 8
23 9
24 10
25 11
26 12
27 13
28 14
28 15
29 16
30 17
31 18
32 19
33 20
34 21
35 22
36 23
37 24
38 25
39 26
39 27
40 28
41 29
42 30
43 31
44 32
45 33
45 34
46 35
47 36
48 37
49 38
50 39
50 40
51 41
52 42
53 43
53 44
54 45
55 46
56 47
56 48
57 49
58 50
59 51
59 52
60 53
61 54
61 55
62 56
63 57
64 58
64 59
65 60
66 61
66 62
67 63
68 64
68 65
69 66
70 67
70 68
71 69
72 70
72 71
73 72
74 73
74 74
75 75
76 76
77 77
77 78
78 79
79 80
80 81
80 82
81 83
82 84
83 85
83 86
84 87
85 88
86 89
87 90
88 91
89 92
90 93
91 94
92 95
93 96
94 97
95 97
96 98
97 99
98 99
99 100
100 100
101 101
102 101
103 101
104 102
105 102
106 102
107 102
108 102
109 102
110 102
111 102
112 102
113 102
114 102
115 102
116 102
117 101
118 101
119 101
120 101
121 100
122 100
123 100
124 100
125 99
126 99
127 99
128 98
129 98
130 97
131 97
132 97
133 96
134 96
135 96
136 95
137 95
138 94
139 94
140 94
141 93
142 93
143 93
144 92
145 92
146 92
147 91
148 91
149 91
150 91
151 90
152 90
153 90
154 90
155 90
156 89
157 89
158 89
159 89
160 89
161 89
162 89
163 88
164 88
165 88
166 88
167 88
168 88
169 88
170 88
171 88
172 88
173 88
174 88
175 88
176 88
177 88
178 88
179 89
180 89
181 89
182 89
183 89
184 89
185 89
186 89
187 89
188 90
189 90
190 90
191 90
192 90
193 90
194 91
195 91
196 91
197 91
198 91
199 92
200 92
201 92
202 92
203 93
204 93
205 93
206 93
207 94
208 94
209 94
210 94
211 95
212 95
213 95
214 95
215 96
216 96
217 96
218 96
219 97
220 97
221 97
222 97
223 98
