32 35
33 36
34 36
35 36
36 36
37 36
38 37
39 37
40 37
41 37
42 37
43 38
44 38
45 38
46 38
47 38
48 39
49 39
50 39
51 39
52 40
53 40
54 40
55 40
56 40
57 41
58 41
59 41
60 41
61 41
62 42
63 42
64 42
65 42
66 42
67 43
68 43
69 43
70 43
71 44
72 44
73 44
74 44
75 45
76 45
77 45
78 45
79 46
80 46
81 46
82 46
83 47
84 47
85 47
86 47
87 48
88 48
89 48
90 48
91 49
92 49
93 49
94 50
95 50
96 50
97 51
98 51
99 51
100 52
101 52
102 52
103 53
104 53
105 54
106 54
107 54
108 55
109 55
110 56
111 56
112 57
113 57
114 57
115 58
116 58
117 59
118 59
119 60
120 60
121 60
122 61
123 61
124 62
125 62
126 63
127 63
128 63
129 64
130 64
131 64
132 65
133 65
134 65
135 66
136 66
137 66
138 67
139 67
140 67
141 68
142 68
143 68
144 68
145 69
146 69
147 69
148 69
149 70
150 70
151 70
152 70
153 71
154 71
155 71
156 71
157 71
158 71
159 72
160 72
161 72
162 72
163 72
164 72
165 73
166 73
167 73
168 73
169 73
170 73
171 73
172 74
173 74
174 74
175 74
176 74
177 74
178 74
179 75
180 75
181 75
182 75
183 75
184 75
185 76
186 76
187 76
188 76
189 76
190 76
191 77
192 77
193 77
194 77
195 77
196 78
197 78
198 78
199 78
200 79
201 79
202 79
203 79
204 80
205 80
206 80
207 80
208 81
209 81
210 81
211 81
212 82
213 82
214 82
215 82
216 83
217 83
218 83
219 83
220 84
221 84
222 84
223 84
224 85
225 85
226 85
227 85
228 86
229 86
230 86
231 86
232 87
233 87
234 87
235 87
236 88
237 88
238 88
239 88
240 89
241 89
242 89
243 89
244 90
245 90
246 90
247 90
248 91
249 91
250 91
251 91
252 92
253 92
254 92
255 93
256 93
257 93
258 93
259 94
260 94
261 94
262 95
263 95
264 95
265 95
266 96
267 96
268 96
269 97
270 97
271 97
272 98
273 98
274 98
275 99
276 99
277 100
278 100
279 100
280 101
281 101
282 101
283 102
284 102
285 103
286 103
287 103
288 104
289 104
290 105
291 105
292 106
293 106
294 107
295 107
296 108
297 108
298 109
299 109
300 110
301 110
302 111
303 111
304 112
305 112
306 113
307 113
308 114
309 115
310 115
311 116
312 116
313 117
314 117
315 118
316 119
317 119
318 120
319 120
320 121
321 122
322 122
323 123
324 124
325 124
326 125
327 125
328 126
329 127
330 127
331 128
332 128
333 129
334 130
335 130
336 131
337 131
338 132
339 133
340 133
341 134
342 134
343 135
344 135
345 136
346 136
347 136
348 137
349 137
350 138
351 138
352 138
353 139
354 139
355 139
356 139
357 140
358 140
359 140
360 140
361 140
362 140
363 141
364 141
365 141
366 141
367 141
368 141
369 141
370 141
371 141
372 141
373 141
374 141
375 140
376 140
377 140
378 140
379 140
380 140
381 140
382 140
383 139
384 139
385 139
386 139
387 139
388 138
389 138
390 138
391 138
392 137
393 137
394 137
395 137
396 136
397 136
398 136
399 136
400 135
401 135
402 135
403 134
404 134
405 134
406 134
407 133
408 133
409 133
410 132
411 132
412 132
413 131
414 131
415 131
416 130
417 130
418 129
419 129
420 129
421 128
422 128
423 128
424 127
425 127
426 126
427 126
428 126
429 125
430 125
431 124
432 124
433 124
434 123
435 123
436 122
437 122
438 121
439 121
440 120
441 120
442 119
443 119
444 118
445 118
446 117
447 117
448 116
449 116
450 115
451 115
452 114
453 114
454 113
455 113
456 112
457 112
458 111
459 110
460 110
461 109
462 109
463 108
464 108
465 107
466 106
467 106
468 105
469 105
470 104
471 104
472 103
473 102
474 102
475 101
476 100
477 100
478 99
479 99
480 98
481 97
482 97
483 96
484 96
485 95
486 94
487 94
488 93
489 92
490 92
491 91
492 90
493 90
494 89
495 88
496 88
497 87
498 86
499 86
500 85
501 84
502 83
503 83
504 82
505 81
506 81
507 80
508 79
509 78
510 78
511 77
512 76
513 75
514 74
515 74
516 73
517 72
518 71
519 70
520 70
521 69
522 68
523 67
524 66
525 65
526 65
527 64
528 63
529 62
530 62
