17 36
18 36
19 37
20 37
21 38
22 38
23 39
24 39
25 40
26 40
27 41
28 41
29 42
30 42
31 42
32 43
33 43
34 43
35 44
36 44
37 44
38 44
39 45
40 45
41 45
42 45
43 45
44 45
45 45
46 45
47 45
48 45
49 45
50 45
51 45
52 44
53 44
54 44
55 44
56 44
57 43
58 43
59 43
60 43
61 43
62 42
63 42
64 42
65 42
66 41
67 41
68 41
69 40
70 40
71 40
72 39
73 39
74 39
75 38
76 38
77 38
78 37
79 37
80 36
81 36
82 36
83 35
84 35
85 35
86 35
87 35
88 35
89 35
90 35
91 35
92 35
93 35
94 35
95 35
96 35
97 35
98 35
99 35
100 35
101 35
102 35
103 35
104 35
105 36
106 36
107 36
108 36
109 36
110 36
111 37
112 37
113 37
114 38
115 38
116 39
117 39
118 40
119 41
120 42
121 43
122 44
123 45
124 46
125 47
125 48
126 49
127 50
128 51
128 52
129 53
130 54
130 55
131 56
132 57
132 58
133 59
134 60
134 61
135 62
136 63
