29 3
30 3
31 4
32 5
32 6
33 7
34 8
35 9
36 10
36 11
37 12
38 13
39 14
40 15
40 16
41 17
42 18
43 19
43 20
44 21
45 22
45 23
46 24
47 25
47 26
48 27
49 28
49 29
50 30
51 31
51 32
52 33
52 34
53 35
53 36
54 37
54 38
55 39
55 40
56 41
56 42
57 43
57 44
58 45
58 46
59 47
59 48
60 49
60 50
60 51
61 52
61 53
62 54
62 55
63 56
63 57
63 58
64 59
64 60
65 61
65 62
65 63
66 64
66 65
67 66
67 67
68 68
68 69
68 70
69 71
69 72
70 73
70 74
70 75
71 76
71 77
72 78
72 79
73 80
73 81
73 82
74 83
74 84
75 85
75 86
76 87
76 88
77 89
77 90
78 91
78 92
79 93
79 94
80 95
81 96
81 97
82 98
83 99
84 100
85 101
86 102
87 103
88 103
89 104
90 104
91 104
92 104
93 105
94 104
95 104
96 104
97 104
98 103
99 103
100 103
101 102
102 102
103 102
104 101
105 101
106 100
107 100
108 99
109 99
110 99
111 98
112 98
113 97
114 97
115 97
116 96
117 96
118 96
119 96
120 96
121 96
122 96
123 96
124 96
125 96
126 96
127 96
128 96
129 96
130 96
131 96
132 97
133 97
134 97
135 98
136 98
137 99
138 99
139 99
140 100
141 100
142 101
143 102
144 102
145 103
146 103
147 104
148 105
149 105
150 106
151 107
152 107
153 108
154 109
155 109
156 110
157 111
158 112
159 113
160 113
161 114
162 115
163 116
164 117
165 118
166 118
167 119
168 120
169 121
170 122
171 123
172 124
173 125
174 126
175 127
176 128
177 129
177 130
178 131
179 132
180 133
181 134
182 135
183 136
183 137
184 138
185 139
186 140
187 141
188 142
188 143
189 144
190 145
191 146
191 147
192 148
193 149
