12 39
13 39
14 39
15 39
16 40
17 40
18 40
19 40
20 41
21 41
22 41
23 42
24 42
25 43
26 43
27 43
28 44
29 45
30 45
31 46
32 46
33 47
34 48
35 49
36 50
37 51
38 52
39 53
40 54
40 55
41 56
42 57
43 58
43 59
44 60
44 61
45 62
46 63
46 64
47 65
47 66
48 67
48 68
49 69
49 70
50 71
50 72
51 73
51 74
52 75
52 76
53 77
54 78
54 79
54 80
55 81
56 82
56 83
57 84
57 85
58 86
58 87
59 88
59 89
60 90
60 91
61 92
61 93
62 94
62 95
63 96
63 97
64 98
65 99
65 100
66 101
67 102
67 103
68 104
69 105
69 106
70 107
71 108
71 109
72 110
73 111
74 112
75 113
76 114
76 115
77 116
78 117
79 118
80 119
81 120
82 120
83 121
84 122
85 123
86 124
87 124
88 125
89 126
90 127
91 127
92 128
93 128
94 129
95 129
96 130
97 130
98 131
99 131
100 132
101 132
102 132
103 133
104 133
105 133
106 133
107 134
108 134
109 134
110 134
111 134
112 134
113 134
114 134
115 134
116 133
117 133
118 133
119 132
120 132
121 132
122 131
123 131
124 130
125 130
126 129
127 129
128 128
129 128
130 127
131 127
132 126
133 126
134 126
135 125
136 125
137 125
138 124
139 124
140 124
141 124
142 124
143 124
144 124
145 124
146 124
147 124
148 124
149 124
150 125
151 125
152 125
153 125
154 126
155 126
156 126
157 127
158 127
159 127
160 127
161 127
162 127
163 127
164 127
165 127
166 127
167 127
168 126
169 126
170 126
171 126
172 125
173 125
174 125
175 124
176 124
177 124
178 123
179 123
180 122
181 122
182 122
183 121
184 121
185 121
186 120
187 120
188 120
189 119
190 119
191 118
192 118
193 118
194 117
195 117
196 117
197 116
198 116
199 116
200 115
201 115
202 114
203 114
204 114
205 113
206 113
207 112
208 112
209 111
210 111
211 110
212 110
213 109
214 109
215 108
216 107
217 107
218 106
219 105
220 105
221 104
222 103
223 103
224 102
225 101
226 101
227 100
228 100
229 99
230 99
231 98
232 98
233 98
234 97
235 97
236 97
237 97
238 97
239 97
240 97
241 97
242 97
243 98
244 98
245 98
246 98
247 99
248 99
249 99
250 99
251 100
252 100
253 100
254 100
255 100
256 100
257 101
258 101
259 101
260 101
261 101
262 101
263 101
264 101
265 101
266 101
267 101
268 101
269 102
270 102
271 102
272 102
273 102
274 103
275 103
276 103
277 103
278 104
279 104
280 105
281 105
282 106
283 106
284 107
285 107
286 108
287 109
288 109
289 110
290 111
291 111
292 112
293 113
294 113
295 114
296 115
297 116
298 116
299 117
300 118
301 119
302 120
303 120
304 121
305 122
306 123
307 124
308 124
309 125
310 126
311 127
312 128
313 128
314 129
315 130
316 131
317 131
318 132
319 133
320 134
321 134
322 135
323 136
324 137
325 137
326 138
327 139
328 139
329 140
330 141
331 141
332 142
333 142
334 143
335 144
336 144
337 145
338 145
339 146
340 146
341 147
342 147
343 147
344 148
345 148
346 149
347 149
348 149
349 149
350 150
351 150
352 150
353 150
354 150
355 150
356 150
357 151
358 151
359 151
360 151
361 150
362 150
363 150
364 150
365 150
366 150
367 150
368 149
369 149
370 149
371 149
372 148
373 148
374 148
375 147
376 147
377 147
378 146
379 146
380 146
381 145
382 145
383 145
384 144
385 144
386 144
387 143
388 143
389 143
390 142
391 142
392 141
393 141
394 141
395 140
396 140
397 140
398 139
399 139
400 138
401 138
402 137
403 137
404 136
405 136
406 135
407 134
408 134
409 133
410 132
411 132
412 131
413 130
414 129
415 129
416 128
417 127
418 126
419 126
420 125
421 124
422 123
423 122
424 122
425 121
426 120
427 120
428 119
429 118
430 118
431 117
432 117
433 116
434 116
435 116
436 116
437 116
438 115
439 115
440 115
441 115
442 115
443 116
444 116
445 116
446 116
447 116
448 117
449 117
450 117
451 118
452 118
453 119
454 119
455 120
456 120
457 121
458 121
459 122
460 122
461 123
462 123
463 124
464 125
465 125
466 126
467 126
468 127
469 128
470 128
471 129
472 129
473 130
474 131
475 131
476 132
477 132
478 133
479 133
480 134
481 134
482 135
483 135
484 136
485 136
486 137
487 137
488 137
489 138
490 138
491 138
492 139
493 139
494 139
495 139
496 140
497 140
498 140
499 140
500 140
501 140
502 141
503 141
504 141
505 141
506 141
507 141
508 141
509 141
510 141
511 141
512 142
513 142
514 142
515 142
516 142
517 142
518 142
519 142
520 142
