7 14
8 15
9 15
10 16
11 17
12 18
13 18
14 19
15 20
16 21
17 21
18 22
19 23
20 24
21 25
22 26
23 27
24 28
25 29
26 30
27 31
28 32
29 33
30 34
30 35
31 36
32 37
32 38
33 39
34 40
34 41
35 42
35 43
36 44
37 45
37 46
38 47
38 48
39 49
40 50
41 51
41 52
42 53
43 54
44 55
44 56
45 57
46 58
47 59
48 60
48 61
49 62
50 63
51 64
52 65
53 65
54 66
55 66
56 66
57 66
58 65
59 64
60 64
61 63
62 62
63 61
64 60
65 60
66 59
67 59
68 58
69 58
70 58
71 58
72 58
73 58
74 59
75 59
76 60
76 61
77 62
78 63
79 64
79 65
80 66
80 67
81 68
82 69
82 70
83 71
84 72
85 73
85 74
86 75
87 76
88 76
89 77
90 77
91 77
92 77
93 76
94 76
95 75
96 75
97 74
98 73
99 73
100 72
101 72
102 71
103 71
104 71
105 71
106 70
107 70
108 70
109 70
110 70
111 70
112 70
113 70
114 70
115 71
116 71
117 71
118 72
119 72
120 72
121 73
122 73
123 73
124 74
125 74
126 75
127 75
128 75
129 76
130 76
131 77
132 77
133 77
134 78
135 78
136 78
137 79
138 79
139 79
140 79
141 79
142 79
143 79
144 79
145 78
146 78
147 77
148 77
149 76
150 76
151 75
152 74
153 73
154 73
155 72
156 71
157 70
158 69
159 69
160 68
161 67
