49 8
50 8
51 9
52 10
53 11
54 11
55 12
56 13
57 13
58 14
59 15
60 15
61 16
62 17
63 18
64 18
65 19
66 20
67 21
68 21
69 22
70 23
71 23
72 24
73 25
74 26
75 26
76 27
77 28
78 29
79 30
80 30
81 31
82 32
83 33
84 34
85 34
86 35
87 36
88 37
89 38
90 39
91 39
92 40
93 41
94 42
95 43
96 44
97 45
98 46
99 47
100 48
101 49
102 50
103 51
104 52
105 53
106 54
107 55
108 56
109 57
110 58
111 59
112 60
113 61
114 62
115 63
116 64
117 65
118 66
119 67
120 68
120 69
121 70
122 71
123 72
124 73
125 74
126 75
127 76
128 77
129 78
130 79
130 80
131 81
132 82
133 83
134 84
135 85
136 86
137 87
137 88
138 89
139 90
140 91
141 92
142 93
143 94
144 95
144 96
145 97
146 98
147 99
148 100
149 101
149 102
150 103
151 104
152 105
153 106
154 107
155 108
155 109
156 110
157 111
158 112
159 113
160 114
160 115
161 116
162 117
163 118
164 119
165 120
165 121
166 122
167 123
168 124
169 125
169 126
170 127
171 128
172 129
173 130
173 131
174 132
175 133
176 134
177 135
177 136
178 137
179 138
180 139
181 140
182 141
182 142
183 143
184 144
185 145
186 146
187 147
188 148
189 149
190 150
191 151
192 152
193 153
194 154
195 155
196 155
197 156
198 157
199 158
200 158
201 159
202 159
203 160
204 161
205 161
206 162
207 162
208 162
209 163
210 163
211 164
212 164
213 164
214 164
215 165
216 165
217 165
218 165
219 165
220 165
221 165
222 166
223 166
224 166
225 166
226 166
227 165
228 165
229 165
230 165
231 165
232 165
233 165
234 165
235 164
236 164
237 164
238 164
239 163
240 163
241 163
242 162
243 162
244 161
245 161
246 160
247 160
248 160
249 159
250 158
251 158
252 157
253 157
254 156
255 155
256 155
257 154
258 153
259 153
260 152
261 151
262 151
263 150
264 149
265 148
266 148
267 147
268 146
269 145
270 144
271 144
272 143
273 142
274 141
275 141
276 140
277 139
278 138
279 137
280 137
281 136
282 135
283 134
284 134
285 133
286 132
287 132
288 131
289 130
290 130
291 129
292 129
293 128
294 128
295 127
296 127
297 126
298 126
299 125
300 125
301 125
302 125
303 125
304 124
305 124
306 124
307 124
308 124
309 125
310 125
311 125
312 125
313 126
314 126
315 127
316 127
317 128
318 128
319 129
320 129
321 130
322 131
323 132
324 132
325 133
326 134
327 134
328 135
329 136
330 136
331 137
332 138
333 138
334 139
335 140
336 141
337 141
338 142
339 143
340 144
341 144
342 145
343 146
344 147
345 148
346 149
347 150
348 151
349 152
350 153
351 154
352 155
353 156
354 157
354 158
355 159
356 160
357 161
358 162
359 163
360 164
361 165
362 166
363 167
364 168
365 169
366 170
367 171
368 172
369 173
370 174
371 174
372 175
373 176
374 176
375 177
376 177
377 178
378 178
379 179
380 179
381 179
382 179
383 180
384 180
385 180
386 180
387 179
388 179
389 179
390 179
391 179
392 178
393 178
394 178
395 177
396 177
397 177
398 176
399 176
400 175
401 175
402 175
403 174
404 174
405 173
406 173
407 173
408 172
409 172
410 172
411 171
412 171
413 171
414 171
415 170
416 170
417 170
418 170
419 170
420 170
421 170
422 170
423 170
424 170
425 170
426 170
427 170
428 170
429 170
430 170
431 170
432 170
433 170
434 171
435 171
436 171
437 171
438 171
439 172
440 172
441 172
442 172
443 173
444 173
445 173
446 173
447 174
448 174
449 174
450 174
451 175
452 175
453 175
454 176
455 176
456 176
457 176
458 177
459 177
460 177
461 177
462 177
463 178
464 178
465 178
466 178
467 178
468 178
469 179
470 179
471 179
472 179
473 179
474 179
475 179
476 179
477 179
478 179
479 179
480 179
481 179
482 179
483 179
484 179
485 179
486 179
487 179
488 178
489 178
490 178
491 178
492 178
493 178
494 178
495 178
496 178
497 178
498 177
499 177
500 177
501 177
502 177
503 177
504 177
505 177
506 177
507 177
508 177
509 176
510 176
511 176
512 176
513 176
514 176
515 176
516 176
517 177
518 177
519 177
520 177
521 177
522 177
523 177
524 177
525 177
526 178
527 178
528 178
529 178
530 179
531 179
532 179
533 180
534 180
535 181
536 181
537 181
538 182
539 182
540 183
541 183
542 184
543 184
544 185
545 186
546 186
547 187
548 187
549 188
550 189
551 189
552 190
553 191
554 191
555 192
556 193
557 194
558 194
559 195
560 196
561 197
562 197
563 198
564 199
565 200
566 201
567 201
568 202
569 203
570 204
571 204
572 205
573 206
574 207
575 208
576 208
577 209
578 210
579 211
580 211
581 212
582 213
583 213
584 214
585 214
586 215
587 216
588 216
589 217
590 217
591 217
592 218
593 218
594 219
595 219
596 219
597 219
598 220
599 220
600 220
601 220
602 221
603 221
604 221
605 221
606 221
607 221
608 221
609 221
610 222
611 222
612 222
613 222
614 222
615 222
616 222
617 222
618 222
619 222
620 222
621 222
622 222
623 222
624 222
625 222
626 222
627 222
628 222
629 223
630 223
631 223
632 223
633 223
634 223
635 223
636 223
637 223
638 223
639 223
640 223
641 223
642 223
643 224
644 224
645 224
646 224
647 224
648 224
649 224
650 224
651 224
652 225
653 225
654 225
655 225
656 225
657 225
658 225
659 226
660 226
661 226
662 226
663 226
664 227
665 227
666 227
667 227
668 228
669 228
670 228
671 228
672 229
673 229
674 229
675 229
676 230
677 230
678 230
679 231
680 231
681 231
682 232
683 232
684 232
