5 39
6 40
7 41
8 42
8 43
9 44
10 45
10 46
11 47
12 48
13 49
14 50
15 51
16 51
17 52
18 52
19 52
20 52
21 52
22 51
23 51
24 50
25 49
26 49
27 48
28 48
29 48
30 48
31 48
32 48
33 49
34 49
35 50
36 51
37 52
38 53
38 54
39 55
40 56
40 57
41 58
42 59
42 60
43 61
43 62
44 63
45 64
45 65
46 66
46 67
47 68
48 69
48 70
49 71
50 72
50 73
51 74
52 75
53 76
54 77
55 78
56 79
57 80
58 81
59 82
60 83
61 84
62 84
63 85
64 85
65 86
66 86
67 87
68 87
69 87
70 88
71 88
72 88
73 89
74 89
75 89
76 89
77 90
78 90
79 90
80 90
81 90
82 90
83 90
84 90
85 90
86 90
87 90
88 90
89 89
90 89
91 88
92 88
93 87
94 86
95 86
96 85
97 84
98 83
99 82
100 81
101 80
102 79
102 78
103 77
104 76
105 75
106 74
107 73
108 72
109 71
110 70
110 69
111 68
112 67
113 66
114 65
115 64
116 63
117 62
118 61
119 60
120 59
121 58
122 57
123 56
124 55
125 54
125 53
126 52
127 52
128 51
129 50
130 49
131 48
132 47
133 46
134 45
135 45
136 44
137 43
138 43
139 42
140 41
141 41
142 40
143 40
144 40
145 39
146 39
147 39
148 39
149 39
150 39
151 39
152 39
153 39
154 39
155 39
156 40
157 40
158 40
159 41
160 42
161 42
162 43
163 43
164 44
165 45
166 45
167 46
168 47
169 47
170 48
171 49
172 50
173 51
174 51
175 52
176 53
177 54
178 54
179 55
180 56
181 57
182 57
183 58
184 59
185 59
186 60
187 60
188 61
189 61
190 62
191 62
192 63
193 63
194 63
195 63
196 64
197 64
198 63
199 63
200 63
201 63
202 62
203 62
204 61
205 60
206 60
207 59
208 58
209 58
210 57
211 56
212 56
213 55
214 54
215 54
216 53
217 52
218 52
219 51
220 51
221 50
222 49
223 49
224 48
225 48
226 47
227 47
228 46
229 46
230 45
231 45
232 45
233 44
234 44
235 44
236 44
237 44
238 43
239 43
240 43
241 43
242 43
243 44
244 44
245 44
246 44
247 44
248 44
249 44
250 44
251 45
252 45
253 45
254 45
255 46
256 46
257 47
258 48
259 49
259 50
260 51
260 52
261 53
262 54
262 55
263 56
263 57
264 58
264 59
