13 38
14 39
15 40
15 41
16 42
17 43
18 44
18 45
19 46
20 47
21 48
21 49
22 50
23 51
24 52
25 53
25 54
26 55
27 56
28 57
29 58
30 59
31 60
32 61
33 62
34 63
35 64
36 65
36 66
37 67
38 68
39 69
40 70
41 71
41 72
42 73
43 74
44 75
44 76
45 77
46 78
47 79
47 80
48 81
49 82
50 83
50 84
51 85
52 86
53 87
54 88
54 89
55 90
56 91
57 92
58 93
59 94
60 95
61 96
62 97
63 98
64 99
65 100
66 101
67 102
68 102
69 103
70 104
71 105
72 105
73 106
74 106
75 107
76 107
77 108
78 108
79 109
80 109
81 109
82 109
83 110
84 110
85 110
86 110
87 110
88 110
89 110
90 109
91 109
92 109
93 108
94 108
95 107
96 107
97 106
98 106
99 105
100 104
101 104
102 103
103 102
104 102
105 101
106 100
107 100
108 99
109 98
110 98
111 97
112 96
113 96
114 95
115 95
116 94
117 93
118 93
119 93
120 92
121 92
122 92
123 91
124 91
125 91
126 91
127 90
128 90
129 90
130 90
131 90
132 90
133 90
134 90
135 90
136 90
137 90
138 90
139 90
140 90
141 90
142 90
143 91
144 91
145 91
146 91
147 91
148 91
149 91
150 91
151 91
152 91
153 91
154 92
155 92
156 92
157 92
158 91
159 91
160 91
161 91
162 91
163 91
164 90
165 90
166 90
167 89
168 89
169 89
170 88
171 88
172 87
173 87
174 87
175 86
176 86
177 86
178 85
179 85
180 85
181 84
182 84
183 84
184 83
185 83
186 83
187 83
188 82
189 82
190 82
191 82
192 82
193 82
194 82
195 82
196 82
197 82
198 82
199 82
200 82
201 82
202 82
203 82
204 83
205 83
206 83
207 84
208 84
209 84
210 85
211 85
212 86
213 86
214 87
215 87
216 88
217 88
218 89
219 89
220 90
221 90
222 91
223 92
224 92
225 93
226 94
227 94
228 95
229 96
