27 26
28 26
29 25
30 25
31 24
32 24
33 23
34 23
35 23
36 22
37 22
38 22
39 22
40 22
41 22
42 22
43 22
44 22
45 22
46 22
47 22
48 23
49 23
50 23
51 24
52 24
53 25
54 25
55 26
56 26
57 27
58 27
59 28
60 29
61 29
62 30
63 31
64 32
65 32
66 33
67 34
68 35
69 36
70 36
71 37
72 38
73 39
74 40
75 41
76 42
77 43
78 44
79 45
80 46
81 47
82 48
83 49
83 50
84 51
85 52
86 53
87 54
88 55
89 56
90 57
90 58
91 59
92 60
93 61
94 62
95 63
95 64
96 65
97 66
98 67
99 68
100 69
100 70
101 71
102 72
103 73
104 74
104 75
105 76
106 77
107 78
108 79
108 80
109 81
110 82
111 83
112 84
113 85
114 86
114 87
115 88
116 89
117 90
118 91
119 92
120 93
121 94
122 95
123 96
124 97
125 98
126 98
127 99
128 100
129 101
130 102
131 103
132 103
133 104
134 105
135 106
136 106
137 107
138 108
139 109
140 109
141 110
142 110
143 111
144 112
145 112
146 113
147 114
148 114
149 115
150 115
151 116
152 116
153 117
154 117
155 118
156 118
157 119
158 119
159 120
160 120
161 121
162 122
163 122
164 123
165 123
166 124
167 124
168 125
169 125
170 126
171 127
172 127
173 128
174 129
175 129
176 130
177 131
178 131
179 132
180 133
