6 21
7 21
8 22
9 22
10 22
11 23
12 23
13 23
14 24
15 24
16 24
17 25
18 25
19 26
20 26
21 27
22 28
23 28
24 29
25 30
26 31
27 32
28 33
29 34
30 35
31 36
32 37
33 38
33 39
34 40
35 41
36 42
36 43
37 44
38 45
39 46
40 47
40 48
41 49
42 50
43 51
44 52
44 53
45 54
46 55
47 56
48 57
49 58
50 59
51 60
52 61
53 62
54 63
55 63
56 64
57 64
58 64
59 64
60 64
61 63
62 62
63 61
64 60
65 59
65 58
66 57
67 56
68 55
69 54
69 53
70 52
71 52
72 51
73 50
74 50
75 50
76 49
77 49
78 49
79 49
80 49
81 49
82 49
83 49
84 49
85 49
86 49
87 49
88 50
89 50
90 50
91 50
92 50
93 50
94 50
95 50
96 50
97 50
98 50
99 50
100 50
101 50
102 51
103 51
104 51
105 51
106 52
107 52
108 53
109 53
110 53
111 54
112 54
113 55
114 55
115 56
116 57
117 57
118 58
119 58
120 59
121 60
122 60
123 61
124 61
125 62
126 62
127 63
128 63
129 64
130 64
131 65
132 65
133 66
134 66
135 66
136 67
137 67
138 67
139 67
140 68
141 68
142 68
143 68
144 68
145 68
146 68
147 68
148 68
149 68
150 68
151 68
152 68
153 68
154 68
155 68
156 68
157 68
158 68
159 69
160 69
161 69
162 69
163 69
164 69
165 69
166 69
167 69
168 69
169 69
170 69
171 68
172 68
173 68
174 68
175 68
176 67
177 67
178 67
179 66
180 66
181 65
182 65
183 64
184 64
185 63
186 62
187 62
188 61
189 61
190 60
191 60
192 59
193 59
194 59
195 58
196 58
197 58
198 58
199 58
200 58
201 58
202 59
203 59
204 59
205 60
206 60
207 60
208 61
209 61
210 61
211 62
212 62
213 62
214 63
215 63
216 63
217 64
218 64
219 64
220 64
221 65
222 65
223 65
224 65
225 65
226 65
227 64
228 64
229 64
230 64
231 64
232 63
233 63
234 63
235 63
236 62
237 62
238 62
239 62
240 61
241 61
242 61
243 61
244 61
245 61
246 60
247 60
248 60
249 60
250 60
251 60
252 60
253 60
254 60
255 60
256 60
257 59
258 59
259 59
260 59
261 59
262 59
263 59
264 59
265 59
266 59
267 58
268 58
269 58
270 58
271 59
272 59
273 59
274 59
275 59
276 60
277 60
278 61
279 62
280 63
281 63
282 64
283 65
284 66
285 67
285 68
286 69
287 70
288 71
289 72
290 73
291 74
292 75
293 76
294 77
295 78
296 79
297 79
298 80
299 81
300 81
301 82
302 82
303 83
304 83
305 83
306 84
307 84
