10 25
11 25
12 26
13 26
14 27
15 27
16 28
17 28
18 29
19 29
20 30
21 30
22 30
23 31
24 31
25 32
26 32
27 33
28 33
29 34
30 34
31 35
32 35
33 36
34 36
35 37
36 37
37 37
38 38
39 38
40 39
41 39
42 40
43 40
44 41
45 41
46 42
47 42
48 43
49 43
50 44
51 45
52 45
53 46
54 46
55 47
56 47
57 48
58 48
59 49
60 49
61 50
62 51
63 51
64 52
65 52
66 53
67 54
68 54
69 55
70 56
71 56
72 57
73 58
74 58
75 59
76 60
77 61
78 61
79 62
80 63
81 64
82 65
83 65
84 66
85 67
86 68
87 69
88 69
89 70
90 71
91 72
92 73
93 73
94 74
95 75
96 76
97 77
98 77
99 78
100 79
101 80
102 80
103 81
104 82
105 83
106 83
107 84
108 85
109 85
110 86
111 86
112 87
113 87
114 88
115 88
116 89
117 89
118 89
119 90
120 90
121 90
122 90
123 91
124 91
125 91
126 91
127 91
128 91
129 91
130 91
131 91
132 91
133 91
134 91
135 91
136 91
137 90
138 90
139 90
140 90
141 89
142 89
143 89
144 88
145 88
146 88
147 87
148 87
149 87
150 86
151 86
152 86
153 85
154 85
155 85
156 84
157 84
158 84
159 83
160 83
161 83
162 83
163 83
164 82
165 82
166 82
167 82
168 82
169 82
170 82
171 83
172 83
173 83
174 83
175 83
176 84
177 84
178 84
179 85
180 85
181 86
182 86
183 87
184 88
185 88
186 89
187 90
188 90
189 91
190 92
191 93
192 94
193 94
194 95
195 96
196 97
197 98
198 99
199 100
200 101
201 102
202 103
203 104
204 105
205 106
206 107
207 108
208 109
209 110
210 111
211 112
212 113
213 114
214 115
215 116
216 117
217 118
217 119
218 120
219 121
220 122
221 123
222 124
223 125
224 126
225 127
226 128
227 129
228 130
229 131
230 132
231 133
232 134
233 135
234 136
235 137
236 138
237 139
238 140
239 141
240 142
241 143
242 144
243 145
244 145
245 146
246 147
247 148
248 149
249 150
250 151
251 152
252 152
253 153
254 154
255 155
256 155
257 156
258 157
259 157
260 158
261 159
262 159
263 160
264 161
265 161
266 162
267 162
268 163
269 163
270 164
271 164
272 165
273 165
274 166
275 167
