11 25
12 26
13 27
13 28
14 29
15 30
15 31
16 32
17 33
17 34
18 35
19 36
19 37
20 38
21 39
22 40
22 41
23 42
24 43
24 44
25 45
26 46
26 47
27 48
27 49
28 50
29 51
29 52
30 53
31 54
31 55
32 56
33 57
33 58
34 59
34 60
35 61
36 62
36 63
37 64
38 65
38 66
39 67
39 68
40 69
40 70
41 71
42 72
42 73
43 74
43 75
44 76
45 77
45 78
46 79
46 80
47 81
47 82
48 83
48 84
49 85
49 86
50 87
51 88
51 89
52 90
52 91
53 92
53 93
54 94
54 95
55 96
55 97
56 98
56 99
57 100
58 101
58 102
59 103
59 104
60 105
60 106
61 107
62 108
62 109
63 110
64 111
65 112
65 113
66 114
67 115
68 116
69 116
70 117
71 118
72 118
73 119
74 119
75 120
76 120
77 121
78 121
79 122
80 122
81 123
82 123
83 124
84 124
85 125
86 125
87 126
88 126
89 127
90 127
91 128
92 128
93 129
94 129
95 130
96 130
97 130
98 131
99 131
100 132
101 132
102 133
103 133
104 134
105 134
106 134
107 135
108 135
109 135
110 136
111 136
112 136
113 137
114 137
115 137
116 137
117 137
118 138
119 138
120 138
121 138
122 138
123 137
124 137
125 137
126 137
127 137
128 136
129 136
130 136
131 135
132 135
133 134
134 134
135 133
136 132
137 132
138 131
139 131
140 130
141 129
142 129
143 128
144 127
145 127
146 126
147 126
148 125
149 125
150 124
151 123
152 123
153 122
154 122
155 121
156 121
157 120
158 119
159 119
160 118
161 118
162 117
163 116
164 116
165 115
166 115
167 114
168 113
169 113
170 112
171 112
172 111
173 111
174 110
175 109
176 109
177 108
178 108
179 107
180 107
181 106
182 106
183 105
184 105
185 104
186 104
187 103
188 103
189 102
190 102
191 101
192 101
193 100
194 100
195 100
196 99
197 99
198 99
199 99
200 98
201 98
202 98
203 98
204 98
205 98
206 98
207 98
208 98
209 99
210 99
211 99
212 100
213 100
214 101
215 101
216 102
217 103
218 104
219 105
220 106
221 107
222 108
223 109
224 110
225 111
226 112
227 113
227 114
228 115
229 116
230 117
231 118
231 119
232 120
233 121
234 122
234 123
235 124
236 125
237 126
237 127
238 128
239 129
239 130
240 131
241 132
242 133
242 134
243 135
244 136
245 137
245 138
246 139
247 140
247 141
248 142
249 143
249 144
250 145
251 146
252 147
252 148
253 149
