18 28
19 29
20 30
21 30
22 31
23 32
24 33
25 33
26 34
27 34
28 35
29 35
30 36
31 36
32 36
33 36
34 37
35 37
36 37
37 37
38 37
39 37
40 38
41 38
42 38
43 38
44 39
45 39
46 39
47 40
48 41
49 42
50 43
51 43
52 44
53 45
54 46
55 47
56 48
57 49
58 50
59 50
60 51
61 51
62 52
63 52
64 53
65 53
66 54
67 54
68 55
69 55
70 56
71 56
72 57
73 57
74 58
75 58
76 58
77 59
78 59
79 59
80 60
81 60
82 60
83 60
84 61
85 61
86 61
87 61
88 61
89 62
90 62
91 62
92 62
93 62
94 62
95 62
96 62
97 62
98 61
99 61
100 61
101 60
102 59
103 59
104 58
105 58
106 58
107 58
108 58
109 58
110 58
111 58
112 59
113 60
114 60
115 61
116 62
117 63
118 64
119 65
120 65
121 66
122 67
123 68
124 69
125 69
126 70
127 71
128 71
129 72
130 72
131 73
132 73
133 73
134 74
135 74
136 74
137 75
138 75
139 75
140 75
141 75
142 76
143 76
144 76
145 76
146 77
147 77
148 77
149 77
150 78
151 78
152 78
153 79
154 79
155 79
156 80
157 80
158 81
