28 27
28 28
29 29
29 30
30 31
30 32
30 33
31 34
31 35
31 36
32 37
32 38
32 39
33 40
33 41
34 42
34 43
34 44
35 45
35 46
36 47
36 48
36 49
37 50
37 51
38 52
39 53
39 54
40 55
40 56
41 57
42 58
43 59
44 60
45 61
46 62
47 63
48 64
49 65
50 66
51 67
52 67
53 68
54 69
55 69
56 69
57 70
58 70
59 70
60 70
61 70
62 70
63 70
64 69
65 69
66 69
67 69
68 69
69 69
70 69
71 69
72 69
73 69
74 69
75 69
76 69
77 69
78 69
79 69
80 69
81 69
82 69
83 69
84 69
85 69
86 69
87 69
88 69
89 69
90 70
91 70
92 70
93 70
94 70
95 71
96 71
97 71
98 72
99 72
100 72
101 73
102 73
103 74
104 74
105 75
106 75
107 76
108 76
109 77
110 78
111 79
112 79
113 80
114 81
115 82
116 83
117 84
118 85
119 86
119 87
120 88
121 89
122 90
123 91
123 92
124 93
125 94
126 95
126 96
127 97
128 98
128 99
129 100
130 101
130 102
131 103
132 104
132 105
133 106
134 107
134 108
135 109
136 110
136 111
137 112
138 113
138 114
139 115
140 116
141 117
142 118
143 119
144 120
145 121
146 122
147 123
148 124
149 125
150 125
151 126
152 127
153 127
154 128
155 129
156 129
157 130
158 131
159 131
160 132
161 132
162 133
163 134
164 134
165 135
166 135
167 136
168 136
169 137
