19 24
20 25
20 26
21 27
21 28
22 29
22 30
22 31
23 32
23 33
24 34
24 35
25 36
25 37
26 38
26 39
27 40
27 41
28 42
28 43
29 44
29 45
30 46
30 47
31 48
31 49
32 50
33 51
33 52
34 53
35 54
35 55
36 56
37 57
38 58
39 59
40 60
41 61
42 62
43 63
44 64
45 64
46 65
47 66
48 66
49 67
50 67
51 67
52 68
53 68
54 68
55 69
56 69
57 69
58 69
59 69
60 69
61 69
62 69
63 69
64 69
65 69
66 69
67 69
68 69
69 68
70 68
71 68
72 68
73 67
74 67
75 67
76 66
77 66
78 65
79 65
80 64
81 64
82 63
83 62
84 62
85 61
86 61
87 60
88 59
89 59
90 58
91 58
92 57
93 57
94 56
95 56
96 56
97 55
98 55
99 55
100 56
101 56
102 56
103 57
104 58
105 59
106 60
106 61
107 62
107 63
108 64
109 65
109 66
110 67
110 68
111 69
111 70
112 71
112 72
113 73
113 74
113 75
114 76
114 77
115 78
115 79
116 80
116 81
117 82
117 83
118 84
118 85
119 86
119 87
120 88
120 89
121 90
121 91
122 92
123 93
123 94
124 95
124 96
125 97
125 98
126 99
127 100
127 101
128 102
129 103
129 104
130 105
131 106
131 107
132 108
133 109
134 110
134 111
135 112
136 113
137 114
138 115
139 116
140 117
141 118
142 119
143 120
144 121
145 121
146 122
147 123
148 123
149 124
150 124
151 125
152 126
153 126
154 126
155 127
156 127
157 128
158 128
159 129
160 129
161 129
162 130
163 130
164 131
165 131
166 131
167 132
168 132
169 132
170 133
171 133
172 133
173 134
174 134
175 134
176 134
177 134
178 134
179 134
180 134
181 133
182 133
183 132
184 132
185 131
186 130
187 129
188 128
189 127
190 126
191 125
192 124
193 123
193 122
194 121
195 120
196 119
196 118
197 117
198 116
199 115
200 114
201 113
202 112
202 111
203 110
204 110
205 109
206 108
207 107
208 107
209 106
210 106
211 106
212 106
213 106
214 106
215 106
216 106
217 106
218 107
219 107
220 108
221 109
222 109
223 110
224 111
225 112
226 113
227 114
228 115
229 115
230 116
231 117
232 118
233 119
234 120
235 121
236 122
237 123
238 124
239 125
240 126
241 127
242 127
243 128
244 129
245 130
246 131
247 131
248 132
249 133
250 133
251 134
252 135
253 135
254 136
255 136
256 137
257 137
258 138
259 138
260 139
261 139
262 139
263 139
264 140
265 140
266 140
267 140
268 140
269 140
270 140
271 140
272 139
273 139
274 139
275 139
276 138
277 138
278 138
279 137
280 137
281 136
282 136
283 135
284 135
285 134
286 133
287 133
288 132
289 131
290 131
291 130
292 129
293 129
294 128
295 127
296 127
297 126
298 126
299 125
300 124
301 124
302 123
303 123
304 123
305 122
306 122
307 122
308 121
309 121
310 121
311 121
312 121
313 120
314 120
315 120
316 120
317 120
318 120
319 120
320 120
321 120
322 120
323 120
324 119
325 119
326 119
327 119
328 119
329 119
330 119
331 119
332 119
333 118
334 118
335 118
336 118
337 117
338 117
339 116
340 116
341 115
342 115
343 114
344 113
345 113
346 112
347 112
348 111
349 111
350 110
351 110
352 110
353 109
354 109
355 109
356 109
357 109
358 110
359 110
360 110
361 111
362 111
363 111
364 112
365 112
366 113
367 113
368 114
369 115
370 115
371 116
372 116
373 117
374 118
375 118
376 119
377 119
378 120
379 121
380 121
381 122
382 122
383 123
384 124
385 124
386 125
387 125
388 126
389 126
390 127
391 128
392 128
393 129
394 129
395 130
396 130
397 131
398 131
399 131
400 132
401 132
402 133
403 133
404 133
405 134
406 134
407 134
408 134
409 135
410 135
411 135
412 135
413 135
414 135
415 135
416 135
417 135
418 135
419 134
420 134
421 134
422 134
423 134
424 134
425 134
426 134
427 135
428 135
429 135
430 135
431 136
432 136
433 137
434 137
435 138
436 139
437 139
438 140
439 141
440 141
441 142
442 143
443 143
444 144
445 145
446 145
447 146
448 146
449 147
450 148
451 148
452 149
453 149
454 150
455 150
456 150
457 151
458 151
459 151
460 152
461 152
462 152
463 152
464 152
465 153
466 153
467 153
468 153
469 152
470 152
471 152
472 152
473 152
474 151
475 151
476 150
477 150
478 149
479 149
480 148
481 148
482 147
483 147
484 146
485 145
486 145
487 144
488 143
489 142
490 142
491 141
492 140
493 139
494 139
495 138
496 137
497 136
498 135
499 135
500 134
501 133
502 132
503 131
504 131
505 130
506 129
507 128
508 127
509 127
510 126
511 125
512 124
513 124
514 123
515 122
516 121
517 120
518 120
519 119
520 118
521 117
522 117
