22 52
22 53
23 54
23 55
24 56
24 57
24 58
25 59
25 60
26 61
26 62
26 63
27 64
27 65
28 66
28 67
29 68
29 69
29 70
30 71
30 72
31 73
31 74
32 75
32 76
33 77
33 78
33 79
34 80
34 81
35 82
35 83
36 84
36 85
37 86
37 87
38 88
39 89
39 90
40 91
40 92
41 93
41 94
42 95
43 96
43 97
44 98
44 99
45 100
46 101
46 102
47 103
48 104
48 105
49 106
50 107
51 108
51 109
52 110
53 111
54 112
55 113
55 114
56 115
57 116
58 117
59 118
60 118
61 119
62 120
63 121
64 121
65 121
66 122
67 122
68 122
69 122
70 122
71 122
72 121
73 121
74 120
75 120
76 119
77 119
78 118
79 117
80 117
81 116
82 115
83 114
84 113
85 112
86 111
86 110
87 109
88 108
89 107
90 106
91 105
91 104
92 103
93 102
94 101
95 100
96 99
97 98
98 97
99 96
100 95
101 94
102 94
103 93
104 92
105 92
106 91
107 91
108 90
109 90
110 90
111 89
112 89
113 89
114 89
115 89
116 89
117 89
118 89
119 89
120 90
121 90
122 90
123 91
124 91
125 92
126 92
127 93
128 93
129 94
130 94
131 95
132 96
133 97
134 97
135 98
136 99
137 99
138 100
139 100
140 101
141 102
142 102
143 103
144 103
145 104
146 104
147 105
148 106
149 106
150 107
151 107
152 108
153 108
154 109
155 109
156 110
157 111
158 111
159 112
160 113
161 113
162 114
163 115
164 116
165 116
166 117
167 118
168 119
169 120
170 121
171 122
172 123
173 124
174 125
175 126
176 126
177 127
178 128
179 128
180 129
181 129
182 130
183 130
184 130
185 130
186 129
187 129
188 128
189 128
190 127
191 126
192 125
193 124
194 124
195 123
196 122
197 121
198 120
199 119
200 118
201 117
202 116
203 115
204 114
205 113
206 112
207 112
208 111
209 110
210 109
211 109
212 108
213 107
214 107
215 106
216 106
217 105
218 105
219 105
220 104
221 104
222 104
223 103
224 103
225 103
226 103
227 103
228 103
229 103
230 103
231 103
232 103
233 103
234 103
235 103
236 103
237 103
238 103
239 103
240 103
241 103
242 104
243 104
244 104
245 104
246 105
247 105
248 105
249 105
250 106
251 106
252 107
253 107
254 107
255 108
256 108
257 109
258 109
259 110
260 110
261 111
262 111
263 111
264 112
265 112
266 113
267 113
268 114
269 114
270 115
271 115
272 115
273 116
274 116
275 116
276 117
277 117
278 117
279 117
280 117
281 118
282 118
283 118
284 118
285 118
286 117
287 117
288 117
289 117
290 116
291 116
292 115
293 115
294 114
295 114
296 113
297 112
298 112
299 111
300 110
301 109
302 109
303 108
304 107
305 106
306 105
307 105
308 104
309 103
310 102
311 101
312 101
313 100
314 99
315 99
316 98
317 97
318 97
319 96
320 96
321 95
322 95
323 94
324 94
325 93
326 93
327 92
328 92
329 91
330 91
331 91
332 90
333 90
334 90
335 89
336 89
337 89
338 88
339 88
340 88
341 88
342 88
343 87
344 87
345 87
346 87
347 87
348 86
349 86
350 86
351 86
352 86
353 86
354 86
355 85
356 85
357 85
358 85
359 85
360 85
361 85
362 85
363 85
364 84
365 84
366 84
367 84
368 84
369 84
370 84
371 84
372 84
373 84
374 83
375 83
376 83
377 83
378 83
379 83
380 83
381 83
382 82
383 82
384 82
385 82
386 82
387 82
388 81
389 81
390 81
391 81
392 81
393 80
394 80
395 80
396 80
397 79
398 79
399 79
400 79
401 78
402 78
403 78
404 77
405 77
406 77
407 77
408 77
409 76
410 76
411 76
412 76
413 76
414 75
415 75
416 75
417 75
418 74
419 74
420 74
421 74
422 73
423 73
424 72
425 72
426 72
427 71
428 71
429 70
430 70
431 70
432 69
433 69
434 68
435 68
436 67
437 67
438 66
439 66
440 65
441 65
