10 66
11 66
12 67
13 68
14 69
15 69
16 70
17 71
18 72
19 72
20 73
21 74
22 74
23 75
24 76
25 76
26 77
27 78
28 78
29 79
30 80
31 80
32 81
33 81
34 82
35 82
36 83
37 83
38 84
39 84
40 85
41 85
42 86
43 86
44 86
45 86
46 87
47 87
48 87
49 87
50 87
51 88
52 88
53 88
54 88
55 88
56 88
57 88
58 88
59 88
60 88
61 88
62 88
63 88
64 88
65 88
66 88
67 88
68 88
69 88
70 89
71 89
72 89
73 89
74 89
75 90
76 90
77 90
78 91
79 91
80 92
81 93
82 93
83 94
84 95
85 95
86 96
87 96
88 97
89 97
90 98
91 98
92 97
93 97
94 96
95 95
96 94
97 93
98 92
98 91
99 90
100 89
101 88
101 87
102 86
103 85
103 84
104 83
105 82
105 81
106 80
107 79
108 78
109 77
110 76
111 75
112 74
113 74
114 73
115 72
116 72
117 72
118 71
119 71
120 71
121 71
122 71
123 71
124 71
125 71
126 71
127 71
128 71
129 72
130 72
131 73
132 73
133 74
134 74
135 75
136 75
137 76
138 76
139 77
140 78
141 78
142 79
143 80
144 80
145 81
146 82
147 83
148 83
149 84
150 85
151 85
152 86
153 87
154 87
155 88
156 89
157 89
158 90
159 91
160 91
161 92
162 93
163 93
164 94
165 94
166 95
167 96
168 96
169 97
170 98
171 98
172 99
173 99
174 100
175 101
176 101
177 102
178 102
179 103
179 104
