19 12
20 13
21 14
22 15
22 16
23 17
24 18
24 19
25 20
26 21
26 22
27 23
28 24
28 25
29 26
30 27
31 28
31 29
32 30
33 31
34 32
34 33
35 34
36 35
37 36
37 37
38 38
39 39
40 40
41 41
41 42
42 43
43 44
44 45
45 46
46 47
47 48
48 49
49 50
50 51
51 52
52 53
53 54
53 55
54 56
55 57
56 58
57 59
57 60
58 61
59 62
59 63
60 64
61 65
61 66
62 67
63 68
63 69
64 70
65 71
66 72
66 73
67 74
68 75
69 76
70 76
71 77
72 78
73 78
74 78
75 78
76 78
77 78
78 78
79 78
80 77
81 77
82 76
83 76
84 76
85 75
86 75
87 75
88 75
89 75
90 75
91 75
92 75
93 75
94 75
95 75
96 75
97 75
98 75
99 76
100 76
101 76
102 76
103 76
104 76
105 77
106 77
107 77
108 77
109 78
110 78
111 78
112 78
113 78
114 78
115 79
116 79
117 79
118 79
119 79
120 79
121 79
122 80
123 80
124 80
125 80
126 80
127 80
128 81
129 81
130 81
131 82
132 82
133 83
134 83
135 84
136 85
137 86
138 86
139 87
140 88
141 89
142 90
143 91
144 92
145 93
146 94
147 95
148 96
149 97
150 97
151 98
152 99
153 100
154 101
155 101
156 102
157 103
158 103
159 104
160 105
161 105
162 106
163 106
164 107
165 108
166 108
167 108
168 109
169 109
170 110
171 110
172 111
173 111
174 111
175 111
176 112
177 112
178 112
179 113
180 113
181 113
182 113
183 114
184 114
185 114
186 115
187 115
188 115
189 115
190 116
191 116
192 116
193 116
194 116
195 116
196 116
197 115
198 115
199 115
200 115
201 114
202 114
203 114
204 113
205 113
206 113
207 113
208 113
209 113
210 113
211 113
212 113
213 113
214 113
215 113
216 113
217 113
218 113
219 113
220 113
221 113
222 113
223 113
224 113
225 114
226 114
227 115
228 115
229 116
230 117
231 118
231 119
232 120
233 121
234 122
234 123
235 124
235 125
