17 13
18 13
19 14
20 15
21 15
22 16
23 17
24 18
25 18
26 19
27 20
28 20
29 21
30 22
31 23
32 23
33 24
34 25
35 25
36 26
37 27
38 27
39 28
40 29
41 29
42 30
43 30
44 31
45 32
46 32
47 33
48 34
49 34
50 35
51 35
52 36
53 36
54 37
55 38
56 38
57 39
58 39
59 40
60 40
61 41
62 41
63 42
64 42
65 43
66 43
67 44
68 44
69 45
70 45
71 45
72 46
73 46
74 47
75 47
76 48
77 48
78 49
79 49
80 50
81 50
82 51
83 51
84 52
85 53
86 53
87 54
88 54
89 55
90 56
91 56
92 57
93 58
94 58
95 59
96 60
97 61
98 62
99 62
100 63
101 64
102 65
103 66
104 67
105 68
106 69
107 70
108 71
109 72
110 73
111 74
112 75
113 76
114 77
115 78
115 79
116 80
117 81
118 82
119 83
120 84
120 85
121 86
122 87
123 88
124 89
124 90
125 91
126 92
127 93
128 94
128 95
129 96
130 97
131 98
132 99
133 100
133 101
134 102
135 103
136 104
137 105
138 106
139 107
140 108
141 108
142 109
143 110
144 111
145 111
146 112
147 112
148 113
149 113
150 114
151 114
152 115
153 115
154 116
155 116
156 116
157 117
158 117
159 118
160 118
161 119
162 119
163 120
164 120
165 121
166 121
167 122
168 122
169 122
170 123
171 123
172 124
173 124
174 125
175 125
176 125
177 126
178 126
179 126
180 127
181 127
182 127
183 128
184 128
185 128
186 128
187 129
188 129
189 129
190 129
191 129
192 129
193 129
194 129
195 129
196 129
197 129
198 129
199 129
200 129
201 129
202 128
203 128
204 128
205 128
206 128
207 127
208 127
209 127
210 126
211 126
212 125
213 125
214 125
215 124
216 124
217 123
218 123
219 123
220 122
221 122
222 122
223 122
224 122
225 122
226 122
227 122
228 122
229 123
230 123
231 124
232 124
233 124
234 125
235 125
236 126
237 126
238 127
239 127
240 127
241 128
242 128
243 128
244 128
245 129
246 129
247 129
248 129
249 129
250 128
251 128
252 128
253 128
254 128
255 127
256 127
257 127
258 126
259 126
260 126
261 125
262 125
263 125
264 124
265 124
266 123
267 123
268 123
269 122
270 122
271 121
272 121
273 120
274 120
275 119
276 119
277 118
278 118
279 117
280 117
281 116
282 116
283 115
284 115
285 114
286 113
287 113
288 112
289 112
290 111
291 110
292 110
293 109
294 108
295 107
296 106
297 106
298 105
299 104
300 103
301 102
302 101
303 101
304 100
305 99
306 98
307 97
308 96
309 95
310 94
311 93
312 92
313 91
314 91
315 90
316 89
317 88
318 87
319 86
320 85
321 84
322 83
323 83
324 82
325 81
326 80
327 80
328 79
329 78
330 78
331 77
332 77
333 77
334 77
335 76
336 76
337 76
338 77
339 77
340 77
341 77
342 77
343 78
344 78
345 79
346 79
347 80
348 80
349 81
350 81
351 82
352 82
353 83
354 83
355 83
356 84
357 84
358 84
359 85
360 85
361 85
362 86
363 86
364 87
365 88
366 88
367 89
368 90
369 91
370 91
371 92
372 93
373 94
374 95
375 96
376 97
377 98
378 99
379 100
380 101
381 102
381 103
382 104
383 105
384 106
385 107
386 108
387 109
388 110
389 111
390 111
391 112
392 113
393 114
394 115
395 116
396 117
397 118
398 119
399 120
400 121
401 122
402 123
403 124
404 125
405 125
406 126
407 127
408 128
409 129
410 130
411 130
412 131
413 132
414 133
415 134
416 135
417 135
418 136
419 137
420 138
421 138
422 139
423 140
424 141
425 141
426 142
427 143
428 144
429 144
430 145
431 146
432 147
433 147
434 148
435 149
436 149
437 150
438 151
439 152
440 152
441 153
442 154
443 154
444 155
445 155
446 156
447 157
448 157
449 158
450 158
451 159
452 160
453 160
454 160
455 161
456 161
457 161
458 162
459 162
460 162
461 162
462 162
463 162
464 161
465 161
466 161
467 161
468 160
469 160
470 160
471 160
472 160
473 160
474 160
475 160
476 160
477 160
478 160
479 161
480 161
481 162
482 162
483 163
484 164
485 165
486 165
487 166
