15 6
16 6
17 7
18 8
19 9
20 9
21 10
22 11
23 12
24 13
25 14
26 14
27 15
28 16
29 17
30 18
31 18
32 19
33 20
34 20
35 21
36 21
37 22
38 22
39 23
40 23
41 24
42 24
43 24
44 25
45 25
46 25
47 25
48 25
49 26
50 26
51 26
52 26
53 26
54 26
55 26
56 26
57 26
58 26
59 26
60 26
61 26
62 26
63 26
64 26
65 26
66 27
67 27
68 27
69 27
70 28
71 28
72 28
73 29
74 29
75 29
76 30
77 30
78 31
79 31
80 32
81 32
82 33
83 34
84 34
85 35
86 36
87 37
88 38
89 39
90 40
91 41
92 42
93 43
94 44
95 45
95 46
96 47
97 48
98 49
98 50
99 51
100 52
101 53
101 54
102 55
103 56
103 57
104 58
105 59
105 60
106 61
106 62
107 63
108 64
108 65
109 66
110 67
110 68
111 69
111 70
112 71
113 72
113 73
114 74
114 75
115 76
116 77
116 78
117 79
118 80
118 81
119 82
119 83
120 84
121 85
121 86
122 87
123 88
123 89
124 90
125 91
126 92
126 93
127 94
128 95
129 96
130 97
130 98
131 99
132 100
133 101
134 102
135 102
136 103
137 104
138 104
139 105
140 105
141 106
142 106
143 106
144 107
145 107
146 107
147 107
148 107
149 107
150 107
151 108
152 108
153 108
154 108
155 108
156 108
157 109
158 109
159 109
160 109
161 109
162 109
163 109
164 109
165 109
166 109
167 109
168 108
169 108
170 108
171 107
172 107
173 106
174 105
175 105
176 104
177 103
178 102
179 102
180 101
181 101
