43 77
44 78
45 78
46 79
47 80
48 80
49 81
50 81
51 82
52 83
53 83
54 84
55 85
56 86
57 86
58 87
59 88
60 88
61 89
62 90
63 91
64 92
65 93
66 93
67 94
68 95
69 96
70 97
71 98
72 99
72 100
73 101
74 102
75 103
76 104
76 105
77 106
78 107
78 108
79 109
80 110
80 111
81 112
81 113
82 114
83 115
83 116
84 117
84 118
85 119
85 120
86 121
86 122
87 123
87 124
88 125
88 126
88 127
89 128
89 129
90 130
90 131
91 132
91 133
92 134
92 135
92 136
93 137
93 138
94 139
94 140
95 141
95 142
95 143
96 144
96 145
97 146
97 147
98 148
98 149
99 150
99 151
100 152
101 153
101 154
102 155
102 156
103 157
104 158
105 159
106 160
107 161
108 162
109 163
110 164
111 164
112 165
113 165
114 165
115 166
116 166
117 166
118 165
119 165
120 165
121 164
122 164
123 164
124 163
125 162
126 162
127 161
128 160
129 160
130 159
131 158
132 157
133 156
134 156
135 155
136 154
137 153
138 152
139 151
140 150
141 149
142 149
143 148
144 147
145 146
146 145
147 144
148 143
149 143
150 142
151 141
152 140
153 140
154 139
155 138
156 137
157 137
158 136
159 135
160 135
161 134
162 133
163 133
164 132
165 132
166 131
167 130
168 130
169 129
170 129
171 129
172 128
173 128
174 127
175 127
176 127
177 127
178 126
179 126
180 126
181 126
182 126
183 126
184 126
185 126
186 126
187 126
188 126
189 126
190 127
191 127
192 127
193 127
194 128
195 128
196 128
197 129
198 129
199 130
200 130
201 131
202 131
203 132
204 133
205 133
206 134
207 135
208 135
209 136
210 137
211 137
212 138
213 139
214 140
215 140
216 141
217 142
218 143
219 144
220 144
221 145
222 146
223 147
224 148
225 149
226 150
227 150
228 151
229 152
229 153
