13 25
13 26
13 27
14 28
14 29
14 30
14 31
15 32
15 33
15 34
15 35
16 36
16 37
16 38
16 39
17 40
17 41
17 42
17 43
18 44
18 45
18 46
18 47
19 48
19 49
19 50
20 51
20 52
20 53
20 54
21 55
21 56
21 57
21 58
22 59
22 60
22 61
23 62
23 63
23 64
23 65
24 66
24 67
24 68
25 69
25 70
25 71
25 72
26 73
26 74
26 75
27 76
27 77
27 78
28 79
28 80
28 81
29 82
29 83
29 84
30 85
30 86
30 87
31 88
31 89
32 90
32 91
32 92
33 93
33 94
34 95
34 96
34 97
35 98
35 99
36 100
36 101
37 102
37 103
38 104
38 105
39 106
39 107
40 108
40 109
41 110
42 111
42 112
43 113
44 114
45 115
46 116
46 117
47 118
48 119
49 120
50 121
51 121
52 122
53 123
54 124
55 125
56 126
57 127
58 127
59 128
60 129
61 130
62 130
63 131
64 132
65 133
66 134
67 134
68 135
69 136
70 137
71 138
72 139
73 140
74 140
75 141
76 142
77 143
78 144
79 145
80 145
81 146
82 147
83 148
84 149
85 149
86 150
87 151
88 151
89 152
90 152
91 153
92 153
93 154
94 154
95 155
96 155
97 155
98 155
99 155
100 155
101 155
102 154
103 154
104 154
105 153
106 152
107 152
108 151
109 150
110 149
111 148
112 147
113 146
114 145
115 144
116 143
117 142
118 141
119 140
120 139
121 138
121 137
122 136
123 135
124 134
125 133
126 132
126 131
127 130
128 129
129 128
130 127
131 126
132 125
133 124
133 123
134 122
135 121
136 120
137 119
138 118
139 118
140 117
141 116
142 115
143 115
144 114
145 113
146 113
147 112
148 112
149 111
150 111
151 111
152 110
153 110
154 110
155 110
156 109
157 109
158 109
159 109
160 109
161 109
162 109
163 109
164 109
165 109
166 110
167 110
168 110
169 110
170 111
171 111
172 111
173 112
174 112
175 113
176 113
177 114
178 115
179 115
180 116
181 117
182 118
183 119
184 120
185 121
186 122
187 123
188 124
189 125
190 126
191 127
192 128
193 129
193 130
194 131
195 132
196 133
197 134
198 135
199 136
200 137
201 138
202 139
203 140
204 141
205 142
206 143
207 144
208 144
209 145
210 145
211 146
212 146
213 147
214 147
215 147
216 148
217 148
218 148
219 148
220 148
221 148
222 148
223 148
224 148
225 147
226 147
227 147
228 146
229 146
230 145
231 144
232 144
233 143
234 142
235 141
236 140
237 139
238 138
239 137
240 136
241 135
242 134
243 133
244 132
245 131
245 130
246 129
247 128
248 127
249 126
249 125
250 124
251 123
252 122
253 121
253 120
254 119
255 118
256 117
257 116
258 115
259 114
260 113
261 112
262 111
263 110
264 109
265 108
266 108
267 107
268 106
269 106
270 105
271 105
272 105
273 105
274 105
275 105
276 105
277 105
278 105
279 105
280 105
281 106
282 106
283 107
284 108
285 108
286 109
287 110
288 111
289 112
290 113
291 114
292 115
293 116
294 117
295 118
296 119
296 120
297 121
298 122
299 123
300 124
301 125
301 126
302 127
303 128
304 129
305 130
306 131
306 132
307 133
308 134
309 135
310 136
310 137
311 138
312 139
313 140
313 141
314 142
315 143
316 144
317 145
317 146
318 147
319 148
320 149
321 150
321 151
322 152
323 153
324 154
324 155
