13 69
14 68
15 68
16 68
17 68
18 68
19 68
20 67
21 67
22 67
23 67
24 67
25 67
26 67
27 66
28 66
29 66
30 66
31 66
32 66
33 66
34 66
35 66
36 66
37 65
38 65
39 65
40 65
41 65
42 65
43 65
44 65
45 65
46 65
47 65
48 65
49 65
50 65
51 65
52 65
53 65
54 65
55 65
56 65
57 66
58 66
59 66
60 66
61 66
62 66
63 66
64 66
65 67
66 67
67 67
68 67
69 67
70 68
71 68
72 68
73 68
74 69
75 69
76 69
77 70
78 70
79 70
80 71
81 71
82 72
83 72
84 72
85 73
86 74
87 74
88 75
89 75
90 76
91 77
92 78
93 78
94 79
95 80
96 81
97 82
98 83
99 84
100 85
101 86
102 87
103 87
104 88
105 89
106 90
107 91
108 92
109 93
110 94
111 95
112 96
113 97
114 97
115 98
116 99
117 100
118 100
119 101
120 102
121 103
122 103
123 104
124 105
125 105
126 106
127 107
128 107
129 108
130 109
131 109
132 110
133 110
134 111
135 111
136 112
137 113
138 113
139 114
140 114
141 115
142 115
143 116
144 117
145 117
146 118
147 119
148 119
149 120
150 121
151 121
152 122
153 123
154 124
155 125
156 125
157 126
158 127
159 128
160 129
161 130
162 131
163 132
164 133
165 134
166 135
167 136
167 137
168 138
169 139
170 140
171 141
172 142
173 143
174 144
175 145
175 146
176 147
177 148
178 149
179 150
180 151
181 152
182 153
183 154
184 155
185 156
186 157
187 158
188 159
189 159
190 160
191 161
192 162
193 162
194 163
195 164
196 164
197 165
198 165
199 166
200 166
201 167
202 167
203 168
204 168
205 168
206 169
207 169
208 169
209 169
210 170
211 170
212 170
213 170
214 170
215 170
216 171
217 171
218 171
219 171
220 171
221 171
222 171
223 171
224 171
225 170
226 170
227 170
228 170
229 170
230 170
231 170
232 170
233 169
234 169
235 169
236 169
237 169
238 168
239 168
240 168
241 168
242 167
243 167
244 167
245 167
246 166
247 166
248 166
249 166
250 165
251 165
252 165
253 165
