11 31
12 31
13 31
14 32
15 32
16 33
17 33
18 33
19 34
20 34
21 35
22 36
23 36
24 37
25 38
26 38
27 39
28 40
29 41
30 42
31 43
32 44
33 45
34 46
35 47
36 48
37 49
38 50
39 51
39 52
40 53
41 54
42 55
43 56
43 57
44 58
45 59
46 60
46 61
47 62
48 63
49 64
49 65
50 66
51 67
51 68
52 69
53 70
54 71
54 72
55 73
56 74
56 75
57 76
58 77
59 78
59 79
60 80
61 81
62 82
63 83
63 84
64 85
65 86
66 87
67 88
68 89
69 90
70 91
71 92
72 93
73 94
74 95
75 95
76 96
77 97
78 98
79 98
80 99
81 99
82 100
83 100
84 101
85 101
86 101
87 102
88 102
89 102
90 102
91 103
92 103
93 103
94 103
95 103
96 103
97 103
98 103
99 103
100 102
101 102
102 102
103 102
104 101
105 101
106 100
107 100
108 99
109 99
110 98
111 98
112 97
113 96
114 96
115 95
116 94
117 93
118 92
119 91
120 91
121 90
122 89
122 88
123 87
124 86
125 85
126 84
127 83
128 82
129 81
129 80
130 79
131 78
132 77
133 76
134 75
134 74
135 73
136 72
137 71
138 70
139 69
140 69
141 68
142 67
143 67
144 66
145 66
146 65
147 65
148 65
149 65
150 65
151 65
152 65
153 65
154 65
155 66
156 66
157 66
158 67
159 67
160 68
161 68
162 69
163 69
164 70
165 71
166 71
167 72
168 73
169 74
170 74
171 75
172 76
173 77
174 77
175 78
176 79
177 79
178 80
179 81
180 81
181 82
182 82
183 83
184 83
185 84
186 84
187 84
188 85
189 85
190 85
191 85
192 86
193 86
194 86
195 86
196 86
197 86
198 86
199 86
200 86
201 86
202 86
203 86
204 86
205 86
206 86
207 86
208 86
209 86
210 85
211 85
212 85
213 85
214 85
215 85
216 85
217 84
218 84
219 84
220 84
221 84
222 83
223 83
224 83
225 83
226 82
227 82
228 82
229 82
230 81
231 81
232 80
233 80
234 80
235 79
236 79
237 78
238 78
239 77
240 77
241 76
242 76
243 75
244 74
245 74
246 73
247 73
248 72
249 71
250 71
251 70
252 69
253 68
254 68
255 67
256 66
257 66
258 65
259 64
260 63
261 63
262 62
263 61
264 61
265 60
266 60
267 59
268 58
269 58
270 57
271 57
272 56
273 56
274 55
275 55
276 54
277 54
278 53
279 53
280 52
281 52
282 51
283 51
284 51
285 50
286 50
287 50
288 50
289 49
290 49
291 49
292 49
293 48
294 48
295 48
296 48
297 48
298 48
299 48
300 48
301 47
302 47
303 47
304 47
305 47
306 47
307 48
308 48
309 48
310 48
311 48
312 48
313 48
314 48
315 49
316 49
317 49
318 49
319 50
320 50
321 50
322 50
323 51
324 51
325 52
326 52
327 52
328 53
329 53
330 54
331 54
332 54
333 55
334 55
335 56
336 56
337 56
338 57
339 57
340 57
341 58
342 58
343 58
344 58
345 58
346 59
347 59
348 59
349 59
350 59
351 58
352 58
353 58
354 58
355 58
356 57
357 57
358 57
359 56
360 56
361 55
362 55
363 55
364 54
365 54
366 53
367 53
368 53
369 52
370 52
371 52
372 52
373 52
374 52
375 52
376 52
377 53
378 53
379 54
380 54
381 55
382 56
383 57
384 58
384 59
385 60
386 61
387 62
388 63
388 64
389 65
390 66
391 67
391 68
392 69
393 70
393 71
394 72
395 73
395 74
396 75
397 76
398 77
398 78
399 79
400 80
401 81
402 82
402 83
403 84
404 85
405 86
406 87
407 88
408 89
409 90
410 91
411 92
412 93
413 94
414 95
415 96
416 97
417 98
418 99
419 100
420 101
421 102
422 103
423 104
424 105
425 106
426 107
