10 4
11 4
12 5
13 6
14 7
15 7
16 8
17 9
18 10
19 11
20 11
21 12
22 13
23 13
24 14
25 15
26 15
27 15
28 16
29 16
30 16
31 17
32 17
33 17
34 17
35 17
36 17
37 17
38 17
39 17
40 17
41 17
42 17
43 17
44 17
45 18
46 18
47 18
48 18
49 19
50 19
51 20
52 20
53 21
54 21
55 22
56 23
57 24
58 24
59 25
60 26
61 27
62 28
62 29
63 30
64 31
65 32
65 33
66 34
67 35
68 36
68 37
69 38
69 39
70 40
71 41
71 42
72 43
73 44
73 45
74 46
74 47
75 48
76 49
76 50
77 51
78 52
78 53
79 54
79 55
80 56
81 57
81 58
82 59
83 60
83 61
84 62
85 63
86 64
87 65
88 66
89 67
90 68
91 69
92 69
93 70
94 70
95 70
96 71
97 71
98 71
99 71
100 71
101 71
102 72
103 72
104 72
105 72
106 72
107 72
108 73
109 72
110 72
111 72
112 72
113 71
114 71
115 70
116 70
117 69
118 68
119 67
120 67
