18 66
19 66
20 66
21 66
22 67
23 67
24 67
25 67
26 67
27 67
28 67
29 67
30 68
31 68
32 68
33 68
34 68
35 68
36 68
37 69
38 69
39 69
40 69
41 69
42 70
43 70
44 70
45 70
46 71
47 71
48 71
49 71
50 72
51 72
52 72
53 73
54 73
55 73
56 74
57 74
58 75
59 75
60 75
61 76
62 76
63 77
64 77
65 77
66 78
67 78
68 79
69 79
70 79
71 80
72 80
73 80
74 80
75 81
76 81
77 81
78 81
79 81
80 80
81 80
82 80
83 80
84 79
85 79
86 79
87 78
88 78
89 77
90 77
91 76
92 75
93 75
94 74
95 73
96 73
97 72
98 71
99 70
100 70
101 69
102 68
103 67
104 67
105 66
106 65
107 65
108 64
109 63
110 63
111 62
112 61
113 61
114 60
115 60
116 59
117 59
118 58
119 58
120 57
121 57
122 56
123 56
124 55
125 55
126 55
127 54
128 54
129 54
130 53
131 53
132 53
133 52
134 52
135 52
136 52
137 51
138 51
139 51
140 51
141 51
142 50
143 50
144 50
145 50
146 50
147 50
148 50
149 50
150 50
151 50
152 50
153 50
154 50
155 50
156 50
157 50
158 50
159 50
160 50
161 51
162 51
163 51
164 51
165 51
166 51
167 52
168 52
169 52
170 52
171 53
172 53
173 53
174 54
175 54
176 55
177 55
178 55
179 56
180 56
181 57
182 57
183 58
184 58
185 59
186 59
187 60
188 60
189 61
190 62
191 62
192 63
193 64
194 64
195 65
196 66
197 67
198 68
199 68
200 69
201 70
202 71
203 72
204 72
205 73
206 74
207 75
208 76
209 77
210 78
211 79
212 80
213 81
214 82
215 83
216 84
217 85
218 86
219 87
220 88
221 89
222 90
223 91
224 92
225 93
226 94
227 95
228 96
228 97
229 98
230 99
231 100
232 101
233 102
234 103
235 104
236 105
237 106
238 107
239 108
240 109
241 110
242 111
243 112
243 113
244 114
245 115
246 116
247 117
248 118
249 119
250 120
251 121
252 122
253 123
254 124
255 125
256 126
256 127
257 128
258 129
259 130
260 131
261 132
262 133
263 134
264 135
265 136
266 137
266 138
267 139
268 140
269 141
270 142
271 143
272 144
273 145
273 146
274 147
275 148
276 149
277 150
278 151
278 152
279 153
280 154
281 155
282 156
283 157
283 158
284 159
285 160
286 161
287 162
288 163
289 164
290 165
290 166
291 167
292 168
293 169
294 170
295 171
296 172
297 173
298 174
299 175
300 176
301 177
302 178
303 178
304 179
305 180
306 181
307 181
308 182
309 183
310 183
311 184
312 185
313 185
314 186
315 186
316 187
317 187
318 187
319 188
320 188
321 188
322 189
323 189
324 189
325 189
326 189
327 189
328 189
329 189
330 189
331 189
332 189
333 189
334 189
335 189
336 189
337 189
338 189
339 189
340 189
341 189
342 189
343 189
344 189
345 190
346 190
347 190
348 190
349 190
350 190
351 190
352 190
353 190
354 190
355 189
356 189
357 189
358 188
359 188
360 187
361 186
362 186
363 185
364 184
365 184
366 183
367 182
368 181
369 180
370 179
371 179
372 178
373 177
374 176
375 175
376 174
377 174
378 173
379 172
380 172
381 172
382 171
383 171
384 171
385 171
386 171
387 171
388 171
389 171
390 172
391 172
392 172
393 173
394 173
395 174
396 174
397 175
398 175
399 176
400 176
401 177
402 178
403 178
404 179
405 179
406 180
407 180
408 181
409 181
410 181
411 182
412 182
413 183
414 183
415 183
416 184
417 184
418 184
419 185
420 185
421 185
422 185
423 185
424 185
425 186
426 186
427 186
428 186
429 186
430 186
431 186
432 186
433 186
434 186
435 186
436 186
437 186
438 186
439 186
440 186
441 186
442 186
443 186
444 186
445 186
446 185
447 185
448 185
449 185
450 185
451 185
452 184
453 184
454 184
455 183
456 183
457 183
458 182
459 182
460 181
461 180
462 180
463 179
464 178
465 177
466 176
467 176
468 175
469 174
470 173
471 172
472 171
473 170
474 169
475 168
476 167
477 166
478 165
479 164
480 163
481 162
482 161
483 160
484 159
485 158
486 157
487 156
488 155
489 154
490 153
491 152
492 151
493 150
494 150
495 149
496 148
497 148
498 147
499 146
500 146
501 145
502 145
503 145
504 144
505 144
506 143
507 143
508 143
509 142
510 142
511 142
512 142
513 141
514 141
515 141
516 141
517 140
518 140
519 140
520 140
521 140
522 140
523 139
524 139
525 139
526 139
527 139
528 139
529 138
530 138
531 138
532 138
533 138
534 138
535 138
536 138
537 137
538 137
539 137
540 137
541 137
542 137
543 137
544 137
545 137
546 137
547 137
548 137
549 137
550 137
551 137
552 137
553 137
554 137
555 137
556 137
557 137
558 137
559 137
560 137
561 137
562 137
563 137
564 137
565 137
566 137
567 137
568 137
569 137
570 137
571 137
572 137
573 138
574 138
575 138
576 138
577 138
578 138
579 138
580 138
581 138
582 138
583 138
584 138
585 138
586 138
587 139
588 139
589 139
590 139
591 139
592 139
593 139
594 139
595 139
596 139
597 139
598 139
599 139
600 139
601 139
602 139
603 139
604 139
605 139
606 139
607 139
608 139
609 139
610 139
611 139
612 139
613 139
614 139
615 139
616 139
617 138
618 138
619 138
620 138
621 138
622 138
623 138
624 138
625 138
626 138
627 137
628 137
629 137
630 137
631 137
632 137
633 137
634 136
635 136
636 136
637 136
638 136
639 136
640 136
641 135
642 135
643 135
644 135
645 135
646 135
647 135
648 135
649 134
650 134
651 134
652 134
653 134
654 134
655 134
656 134
657 134
658 133
659 133
660 133
661 133
662 133
663 133
664 133
665 133
666 133
667 133
668 133
669 133
670 133
671 133
672 133
673 133
674 133
675 134
676 134
677 134
678 134
679 134
680 134
681 135
682 135
683 135
684 136
685 136
686 136
687 137
688 137
689 138
690 138
691 139
692 139
693 140
694 141
695 141
696 142
697 143
698 144
699 145
700 146
701 147
702 147
703 148
704 149
705 150
705 151
706 152
707 153
708 154
709 155
710 156
711 157
712 158
713 159
714 160
714 161
715 162
