30 2
31 3
32 4
33 5
33 6
34 7
35 8
36 9
37 10
37 11
38 12
39 13
40 14
40 15
41 16
42 17
43 18
43 19
44 20
45 21
45 22
46 23
47 24
47 25
48 26
49 27
49 28
50 29
50 30
51 31
52 32
52 33
53 34
53 35
54 36
54 37
55 38
55 39
56 40
56 41
57 42
57 43
57 44
58 45
58 46
59 47
59 48
60 49
60 50
60 51
61 52
61 53
62 54
62 55
62 56
63 57
63 58
64 59
64 60
65 61
65 62
65 63
66 64
66 65
67 66
67 67
68 68
68 69
69 70
69 71
70 72
70 73
71 74
71 75
72 76
72 77
73 78
74 79
74 80
75 81
76 82
77 83
78 84
79 85
80 86
81 87
82 88
83 89
84 90
85 90
86 91
87 91
88 92
89 92
90 92
91 93
92 93
93 93
94 94
95 94
96 94
97 94
98 94
99 94
100 94
101 95
102 95
103 95
104 95
105 95
106 95
107 95
108 95
109 95
110 95
111 95
112 95
113 95
114 95
115 95
116 95
117 95
118 95
119 95
120 94
121 94
122 94
123 94
124 94
125 93
126 93
127 93
128 93
129 92
130 92
131 92
132 92
133 92
134 92
135 92
136 91
137 91
138 91
139 91
140 91
141 91
142 91
143 91
144 91
145 92
146 92
147 92
148 92
149 92
150 93
151 93
152 93
153 94
154 94
155 95
156 95
157 96
158 96
159 97
160 97
161 98
162 99
163 99
164 100
165 101
166 102
167 103
168 104
169 105
170 106
171 107
172 108
173 109
174 110
175 111
176 112
177 113
177 114
178 115
179 116
180 117
181 118
181 119
182 120
183 121
184 122
184 123
184 124
