10 21
11 22
12 23
13 24
13 25
14 26
15 27
16 28
17 29
18 30
18 31
19 32
20 33
21 34
22 35
23 36
24 37
25 38
26 39
27 40
28 41
29 42
30 43
31 43
32 44
33 45
34 46
35 46
36 47
37 48
38 48
39 49
40 49
41 50
42 51
43 51
44 52
45 52
46 53
47 53
48 53
49 54
50 54
51 54
52 55
53 55
54 55
55 56
56 56
57 56
58 56
59 56
60 57
61 57
62 57
63 57
64 57
65 57
66 58
67 58
68 58
69 58
70 59
71 59
72 59
73 60
74 60
75 61
76 61
77 62
78 62
79 63
80 63
81 64
82 64
83 65
84 65
85 65
86 65
87 65
88 64
89 64
90 63
91 62
92 61
93 60
94 59
