12 61
13 62
14 62
15 62
16 62
17 62
18 62
19 63
20 63
21 63
22 63
23 63
24 63
25 64
26 64
27 64
28 64
29 64
30 64
31 64
32 64
33 64
34 64
35 64
36 65
37 65
38 65
39 65
40 65
41 65
42 65
43 65
44 65
45 65
46 65
47 65
48 65
49 65
50 65
51 65
52 65
53 65
54 65
55 66
56 66
57 66
58 66
59 66
60 66
61 66
62 66
63 66
64 67
65 67
66 67
67 67
68 67
69 67
70 68
71 68
72 68
73 68
74 68
75 69
76 69
77 69
78 69
79 69
80 70
81 70
82 70
83 70
84 71
85 71
86 71
87 72
88 72
89 72
90 73
91 73
92 73
93 74
94 74
95 75
96 75
97 75
98 76
99 76
100 77
101 77
102 78
103 78
104 79
105 79
106 80
107 81
108 81
109 82
110 82
111 83
112 84
113 85
114 85
115 86
116 87
117 88
118 89
119 90
120 91
121 92
122 93
123 94
124 95
124 96
125 97
126 98
127 99
128 100
129 101
130 102
130 103
131 104
132 105
133 106
134 107
135 108
135 109
136 110
137 111
138 112
138 113
139 114
140 115
140 116
141 117
142 118
142 119
143 120
144 121
144 122
145 123
146 124
146 125
147 126
147 127
148 128
149 129
149 130
150 131
150 132
151 133
152 134
152 135
153 136
153 137
154 138
154 139
155 140
156 141
156 142
157 143
157 144
158 145
158 146
159 147
160 148
160 149
161 150
161 151
162 152
163 153
163 154
164 155
165 156
165 157
166 158
167 159
167 160
168 161
169 162
170 163
171 164
172 165
173 166
174 167
175 168
176 169
177 169
178 170
179 170
180 170
181 170
182 170
183 170
184 169
185 169
186 168
187 168
188 167
189 166
190 165
191 165
192 164
193 163
194 162
195 161
196 160
197 159
198 158
199 157
200 156
201 155
202 154
203 153
204 152
205 151
206 150
207 149
208 149
209 148
210 147
211 146
212 145
213 145
214 144
215 144
216 143
217 143
218 142
219 142
220 141
221 141
222 140
223 140
224 139
225 139
226 139
227 138
228 138
229 137
230 137
231 136
232 135
233 134
234 134
235 133
236 132
237 131
238 130
239 129
239 128
240 127
241 126
242 125
243 124
243 123
244 122
245 121
245 120
246 119
247 118
247 117
248 116
249 115
250 114
250 113
251 112
252 111
252 110
253 109
254 108
255 107
256 107
257 106
258 106
259 106
260 106
261 106
262 106
263 106
264 106
265 107
266 108
267 108
268 109
269 110
270 111
271 112
272 112
273 113
274 114
275 115
276 116
277 117
278 118
279 118
280 119
281 120
282 121
283 121
284 122
285 122
286 123
287 123
288 124
289 124
290 125
291 125
292 125
293 126
294 126
295 126
296 127
297 127
298 127
299 128
300 128
301 128
302 128
303 128
304 129
305 129
306 129
307 130
