17 9
18 10
19 11
20 11
21 12
22 13
23 14
24 14
25 15
26 16
27 17
28 18
29 18
30 19
31 20
32 21
33 22
34 23
35 24
36 24
37 25
38 26
39 27
40 28
41 29
42 30
43 31
44 32
45 33
45 34
46 35
47 36
48 37
49 38
50 39
50 40
51 41
52 42
52 43
53 44
54 45
55 46
55 47
56 48
56 49
57 50
58 51
58 52
59 53
60 54
60 55
61 56
61 57
62 58
63 59
63 60
64 61
64 62
65 63
66 64
66 65
67 66
67 67
68 68
68 69
69 70
70 71
70 72
71 73
71 74
72 75
72 76
73 77
74 78
74 79
75 80
75 81
76 82
77 83
77 84
78 85
78 86
79 87
80 88
80 89
81 90
82 91
82 92
83 93
84 94
84 95
85 96
86 97
86 98
87 99
88 100
88 101
89 102
90 103
91 104
91 105
92 106
93 107
94 108
94 109
95 110
96 111
97 112
98 113
99 114
99 115
100 116
101 117
102 118
103 119
104 120
105 121
106 122
107 123
108 124
109 125
110 125
111 126
112 127
113 128
114 129
115 129
116 130
117 131
118 132
119 132
120 133
121 133
122 134
123 134
124 135
125 135
126 136
127 136
128 137
129 137
130 138
131 138
132 138
133 138
134 139
135 139
136 139
137 139
138 140
139 140
140 140
141 140
142 140
143 140
144 140
145 141
146 141
147 141
148 141
149 141
150 141
151 141
152 142
153 142
154 142
155 143
156 143
157 143
158 144
159 144
160 145
161 146
162 147
163 147
164 148
165 149
166 150
167 151
168 152
168 153
169 154
170 155
171 156
171 157
172 158
173 159
173 160
174 161
175 162
175 163
176 164
177 165
177 166
178 167
179 168
179 169
180 170
181 171
181 172
182 173
182 174
183 175
184 176
184 177
185 178
185 179
186 180
187 181
187 182
188 183
189 184
189 185
190 186
190 187
191 188
192 189
192 190
193 191
194 192
194 193
195 194
196 195
197 196
197 197
198 198
199 199
200 200
200 201
201 202
202 203
203 204
204 205
205 206
206 207
207 207
208 208
209 209
210 210
211 210
212 211
213 212
214 212
215 212
216 213
217 213
218 213
219 214
220 214
221 214
222 214
223 214
224 214
225 215
226 214
227 214
228 214
229 214
230 214
231 214
232 213
233 213
234 213
235 212
236 212
237 212
238 211
239 210
240 210
241 209
242 209
243 208
244 207
245 206
246 205
247 204
248 203
249 202
250 201
251 200
252 199
253 198
254 197
255 196
255 195
256 194
257 193
258 192
258 191
259 190
260 189
260 188
261 187
262 186
262 185
263 184
263 183
264 182
265 181
265 180
266 179
266 178
267 177
267 176
268 175
269 174
269 173
270 172
270 171
271 170
271 169
272 168
272 167
273 166
273 165
274 164
274 163
275 162
275 161
276 160
277 159
277 158
278 157
278 156
279 155
279 154
280 153
280 152
281 151
281 150
282 149
282 148
283 147
284 146
284 145
285 144
285 143
286 142
287 141
287 140
288 139
288 138
289 137
290 136
290 135
291 134
292 133
293 132
293 131
294 130
295 129
296 128
297 127
298 126
299 125
300 124
301 123
302 122
303 121
304 120
305 119
306 119
307 118
308 117
309 117
310 116
311 115
312 115
313 114
314 114
315 114
316 113
317 113
318 113
319 112
320 112
321 112
322 112
323 112
324 112
325 112
326 112
327 112
328 112
329 112
330 112
331 112
332 112
333 113
334 113
335 113
336 113
337 114
338 114
339 114
340 115
341 115
342 116
343 116
344 116
345 117
346 117
347 118
348 118
349 119
350 119
351 120
352 120
353 121
354 122
355 122
356 123
357 123
358 124
359 125
