40 77
41 77
42 77
43 77
44 77
45 77
46 77
47 77
48 77
49 77
50 77
51 77
52 77
53 77
54 77
55 77
56 77
57 77
58 77
59 77
60 77
61 77
62 77
63 78
64 78
65 78
66 78
67 78
68 78
69 79
70 79
71 79
72 79
73 80
74 80
75 80
76 81
77 81
78 82
79 82
80 83
81 84
82 84
83 85
84 86
85 87
86 88
87 88
88 89
89 90
89 91
90 92
91 93
92 94
93 95
94 96
95 97
96 98
96 99
97 100
98 101
99 102
100 103
100 104
101 105
102 106
103 107
104 108
104 109
105 110
106 111
107 112
108 113
108 114
109 115
110 116
111 117
112 118
113 119
114 120
114 121
115 122
116 123
117 124
118 125
119 126
120 127
121 128
122 129
123 130
124 131
125 132
126 133
127 134
128 135
129 136
130 136
131 137
132 138
133 139
134 139
135 140
136 141
137 141
138 142
139 142
140 143
141 143
142 144
143 144
144 144
145 145
146 145
147 145
148 145
149 146
150 146
151 146
152 146
153 146
154 146
155 146
156 146
157 146
158 146
159 146
160 145
161 145
162 145
163 144
164 144
165 143
166 143
167 142
168 141
169 141
170 140
171 139
172 138
173 137
174 136
175 135
176 134
177 133
177 132
178 131
179 130
179 129
180 128
181 127
181 126
182 125
183 124
183 123
184 122
185 121
185 120
186 119
186 118
187 117
188 116
188 115
189 114
190 113
190 112
191 111
192 110
192 109
193 108
194 107
195 106
196 105
197 104
198 103
199 103
200 102
201 102
202 102
203 102
204 102
205 102
206 103
207 104
208 104
209 105
209 106
210 107
211 108
212 109
212 110
213 111
214 112
214 113
215 114
215 115
216 116
217 117
217 118
218 119
218 120
219 121
220 122
220 123
221 124
221 125
222 126
223 127
223 128
224 129
224 130
225 131
226 132
226 133
227 134
227 135
228 136
229 137
229 138
230 139
231 140
231 141
232 142
233 143
233 144
234 145
235 146
236 147
236 148
237 149
238 150
239 151
240 152
240 153
241 154
242 155
243 156
244 157
245 158
246 159
247 160
248 161
249 162
250 163
251 164
252 165
253 166
254 167
255 168
256 168
257 169
258 170
259 171
260 171
261 172
262 173
263 173
264 174
265 174
266 175
267 175
268 176
269 176
270 176
271 177
272 177
273 177
274 178
275 178
276 178
277 178
278 178
279 178
280 179
281 179
282 179
283 179
284 179
285 179
286 178
287 178
288 178
289 178
290 178
291 178
292 177
293 177
294 177
295 177
296 176
297 176
298 175
299 175
300 175
301 174
302 174
303 173
304 173
305 172
306 171
307 171
308 170
309 169
310 169
311 168
312 167
313 167
314 166
315 165
316 164
317 164
318 163
319 162
320 162
321 161
322 161
323 160
324 159
325 159
326 159
327 158
328 158
329 157
330 157
331 157
332 157
333 156
334 156
335 156
336 156
337 156
338 156
339 156
340 156
341 156
342 155
343 155
