19 78
20 79
20 80
21 81
21 82
22 83
23 84
23 85
24 86
24 87
25 88
25 89
26 90
27 91
28 92
28 93
29 94
30 95
31 96
32 96
33 97
34 97
35 98
36 98
37 98
38 98
39 98
40 98
41 98
42 97
43 97
44 97
45 97
46 97
47 96
48 96
49 96
50 96
51 95
52 95
53 95
54 95
55 94
56 94
57 94
58 94
59 93
60 93
61 93
62 92
63 92
64 92
65 91
66 91
67 91
68 91
69 90
70 90
71 89
72 89
73 89
74 88
75 88
76 88
77 87
78 87
79 86
80 86
81 85
82 85
83 85
84 84
85 84
86 83
87 83
88 82
89 82
90 81
91 81
92 80
93 80
94 79
95 79
96 78
97 78
98 77
99 77
100 76
101 76
102 75
103 75
104 74
105 74
106 74
107 73
108 73
109 72
110 72
111 72
112 71
113 71
114 71
115 70
116 70
117 70
118 70
119 70
120 69
121 69
122 69
123 69
124 69
125 69
126 69
127 69
128 69
129 69
130 69
131 70
132 70
133 70
134 70
135 71
136 71
137 72
138 72
139 73
140 74
141 74
142 75
143 76
144 77
145 78
146 79
147 80
147 81
148 82
149 83
150 84
151 85
151 86
152 87
153 88
153 89
154 90
155 91
156 92
156 93
157 94
158 95
158 96
159 97
159 98
160 99
161 100
161 101
162 102
163 103
163 104
164 105
164 106
165 107
166 108
166 109
167 110
167 111
168 112
168 113
169 114
169 115
170 116
170 117
171 118
171 119
172 120
172 121
173 122
173 123
174 124
174 125
175 126
175 127
176 128
176 129
177 130
177 131
178 132
178 133
179 134
179 135
180 136
180 137
181 138
181 139
182 140
182 141
183 142
183 143
184 144
185 145
185 146
186 147
187 148
187 149
188 150
189 151
190 152
191 153
192 154
193 155
194 155
195 156
196 157
197 157
198 157
199 157
200 158
201 158
202 157
203 157
204 157
205 157
206 156
207 156
208 155
209 155
210 154
211 154
212 153
213 152
214 151
215 151
216 150
217 149
218 148
219 147
220 146
221 145
222 144
222 143
223 142
224 141
225 140
226 139
226 138
227 137
228 136
229 135
229 134
230 133
231 132
231 131
232 130
233 129
233 128
234 127
235 126
235 125
236 124
237 123
237 122
238 121
239 120
240 119
240 118
241 117
242 116
242 115
243 114
244 113
245 112
246 111
247 110
248 109
249 108
250 107
251 106
252 105
253 105
254 104
255 103
256 103
257 102
258 102
259 101
260 101
261 100
262 100
263 100
264 99
265 99
266 99
267 99
268 98
269 98
270 98
271 98
272 98
273 98
274 98
275 98
276 98
277 98
278 97
279 97
280 97
281 97
282 97
283 97
284 97
285 97
286 97
287 97
288 97
289 97
290 97
291 97
292 97
293 97
294 97
295 97
296 97
297 97
298 97
299 97
300 97
301 97
302 97
303 97
304 96
305 96
306 96
307 96
308 96
309 96
310 96
311 96
312 95
313 95
314 95
315 95
316 94
317 94
318 94
319 94
320 93
321 93
322 93
323 92
324 92
325 92
326 91
327 91
328 90
329 90
330 90
331 89
332 89
333 88
334 88
335 87
336 87
337 86
338 86
339 86
340 85
341 85
342 84
343 84
344 84
345 83
346 83
347 82
348 82
349 82
350 81
351 81
352 81
353 80
354 80
355 80
356 80
357 79
358 79
359 79
360 79
361 79
362 79
363 78
364 78
365 78
366 78
367 78
368 78
369 78
370 78
371 78
372 78
373 78
374 78
375 78
376 78
377 78
378 78
379 78
380 78
381 78
382 79
383 79
384 79
385 79
386 79
387 79
388 79
389 79
390 80
391 80
392 80
393 80
394 80
395 80
396 81
397 81
398 81
399 81
400 81
401 82
402 82
403 82
404 82
405 82
406 83
407 83
408 83
409 83
410 84
411 84
412 84
413 84
414 85
415 85
416 85
417 85
418 85
419 86
420 86
421 86
422 86
423 87
424 87
425 87
426 87
427 88
428 88
429 88
430 88
431 88
432 89
433 89
434 89
435 89
436 90
437 90
438 90
439 90
440 91
441 91
442 91
443 92
444 92
445 92
446 92
447 93
448 93
449 93
450 94
451 94
452 94
453 95
454 95
455 96
456 96
457 96
458 97
459 97
460 98
461 98
462 99
463 99
464 100
465 100
466 100
467 101
468 101
469 102
470 102
471 103
472 103
473 103
474 104
475 104
476 104
477 105
478 105
479 105
480 105
481 106
482 106
483 106
484 106
485 107
486 107
487 107
488 107
489 107
490 108
491 108
492 108
493 108
494 108
495 109
496 109
497 109
498 109
499 109
500 110
501 110
502 110
503 110
504 111
505 111
506 111
507 112
508 112
509 112
510 113
511 113
512 113
513 114
514 114
515 114
516 115
517 115
518 116
519 116
520 117
521 117
522 118
523 118
524 119
525 119
526 120
527 120
528 121
529 122
530 122
531 123
532 123
533 124
534 125
535 125
536 126
537 126
538 127
539 128
540 128
541 129
542 130
543 130
544 131
545 131
546 132
547 133
548 133
549 134
550 135
551 135
552 136
553 137
554 137
555 138
556 138
557 139
558 140
559 140
560 141
561 142
562 142
563 143
564 144
565 144
566 145
567 146
568 146
569 147
570 147
571 148
572 149
