9 4
10 5
11 6
12 6
13 7
14 8
15 9
16 10
17 10
18 11
19 12
20 13
21 14
22 15
23 16
23 17
24 18
25 19
26 20
26 21
27 22
28 23
28 24
29 25
29 26
30 27
30 28
31 29
31 30
32 31
32 32
33 33
33 34
34 35
34 36
34 37
35 38
35 39
36 40
36 41
36 42
37 43
37 44
38 45
38 46
38 47
39 48
39 49
40 50
40 51
40 52
41 53
41 54
42 55
42 56
43 57
43 58
44 59
44 60
45 61
46 62
46 63
47 64
48 65
49 66
50 67
51 68
52 69
53 70
54 70
55 71
56 71
57 71
58 71
59 71
60 71
61 71
62 71
63 70
64 69
65 69
66 68
67 67
68 66
69 65
70 64
71 64
72 63
73 63
74 62
75 62
76 62
77 62
78 62
79 63
80 63
81 64
82 64
83 65
84 65
85 66
86 67
87 68
88 69
89 69
