16 35
17 35
18 35
19 35
20 34
21 34
22 34
23 34
24 34
25 33
26 33
27 33
28 33
29 33
30 33
31 33
32 33
33 32
34 32
35 32
36 32
37 32
38 32
39 32
40 33
41 33
42 33
43 33
44 33
45 33
46 33
47 34
48 34
49 34
50 35
51 35
52 36
53 36
54 37
55 37
56 38
57 38
58 39
59 40
60 40
61 41
62 42
63 43
64 44
65 45
66 46
67 47
68 48
69 49
70 50
71 51
72 52
73 53
74 54
74 55
75 56
76 57
77 58
78 59
78 60
79 61
80 62
81 63
81 64
82 65
83 66
83 67
84 68
85 69
86 70
87 71
87 72
88 73
89 73
90 74
91 75
92 75
93 75
94 74
95 74
96 73
97 72
98 71
98 70
99 69
100 68
100 67
101 66
102 65
102 64
103 63
104 62
104 61
105 60
106 59
106 58
107 57
108 56
109 55
110 54
110 53
111 52
112 51
113 51
114 50
115 49
116 48
117 48
118 47
119 46
120 46
121 45
122 45
123 45
124 44
125 44
126 44
127 44
128 44
129 44
130 44
131 44
132 44
133 44
134 45
135 45
136 45
137 45
138 46
139 46
140 47
141 48
142 48
143 49
144 50
145 50
146 51
147 52
148 52
149 53
150 54
151 54
152 55
153 55
154 56
155 56
156 57
157 57
158 57
159 58
160 58
161 58
162 59
163 59
164 60
165 60
166 61
167 61
168 62
169 63
170 63
171 64
172 65
173 65
174 66
175 66
176 67
177 67
178 67
179 66
180 66
181 65
182 65
183 64
184 63
185 63
186 63
187 62
188 62
189 62
190 62
191 62
192 62
193 63
194 63
195 63
196 64
197 64
198 65
199 65
200 66
201 66
202 67
203 68
204 68
205 69
206 70
207 71
208 71
209 72
210 73
211 73
212 74
213 75
214 75
215 76
216 77
217 77
218 78
219 78
220 79
221 79
222 80
223 80
224 80
225 81
226 81
227 81
228 82
229 82
230 82
231 83
232 83
233 83
234 84
235 84
236 85
237 85
238 85
239 86
240 86
241 87
