28 27
29 27
30 28
31 28
32 28
33 29
34 29
35 30
36 30
37 30
38 31
39 31
40 32
41 33
42 33
43 34
44 35
45 36
46 37
47 38
48 39
49 40
50 41
50 42
51 43
52 44
53 45
53 46
54 47
55 48
55 49
56 50
57 51
57 52
58 53
58 54
59 55
60 56
60 57
61 58
61 59
62 60
63 61
63 62
64 63
65 64
65 65
66 66
67 67
67 68
68 69
69 70
70 71
71 72
72 73
73 74
74 75
75 76
76 77
77 77
78 78
79 78
80 79
81 79
82 79
83 79
84 79
85 79
86 79
87 79
88 79
89 79
90 79
91 78
92 78
93 78
94 78
95 78
96 78
97 78
98 78
99 78
100 78
101 78
102 78
103 78
104 78
105 79
106 79
107 79
108 79
109 79
110 80
111 80
112 80
113 80
114 80
115 81
116 81
117 81
118 81
119 82
120 82
121 82
122 83
123 83
124 83
125 84
126 84
127 85
128 85
129 86
130 86
131 87
132 87
133 88
134 88
135 89
136 89
137 90
138 91
139 91
140 92
141 93
142 93
143 94
144 95
145 95
146 96
147 97
148 98
149 99
150 99
151 100
152 101
153 102
154 102
155 103
156 104
157 105
158 105
159 106
160 107
161 108
162 108
163 109
164 109
165 110
166 110
167 111
168 111
169 112
170 112
171 112
172 113
173 113
174 113
175 114
176 114
177 114
178 115
179 115
180 115
181 116
182 116
183 116
184 117
185 117
186 117
187 117
188 118
189 118
190 118
191 118
192 118
193 118
194 118
195 118
196 118
197 118
198 117
199 117
200 116
201 116
202 115
203 114
204 113
205 112
206 111
207 110
208 109
209 108
210 107
211 106
211 105
212 104
213 103
214 102
214 101
215 100
216 99
216 98
217 97
218 96
219 95
219 94
220 93
221 92
221 91
222 90
223 89
223 88
224 87
225 86
225 85
226 84
227 83
228 82
229 81
229 80
230 79
231 78
232 78
233 77
234 76
235 75
236 75
237 74
238 74
239 74
240 73
241 73
242 73
243 73
244 73
245 73
246 73
247 73
248 74
249 74
250 74
251 74
252 75
253 75
254 76
255 76
256 77
257 77
258 78
259 78
260 79
261 80
262 81
263 81
264 82
265 83
266 84
267 84
268 85
269 86
270 87
271 88
272 88
273 89
274 90
275 91
276 91
277 92
278 93
279 94
280 94
281 95
282 96
283 96
284 97
285 97
286 98
287 98
288 99
289 99
290 99
291 100
292 100
293 100
294 100
295 101
296 101
297 101
298 101
299 100
300 100
301 100
302 100
303 99
304 99
305 98
306 98
307 97
308 96
309 96
310 95
311 94
312 93
313 92
314 92
315 91
316 90
317 89
318 88
319 88
320 87
321 86
322 86
323 85
324 85
325 85
326 84
327 84
328 84
329 84
330 84
331 85
332 85
333 85
334 86
335 87
336 87
337 88
338 89
339 90
340 91
341 92
342 93
343 94
344 95
345 96
346 97
347 98
348 98
349 99
350 100
351 100
352 101
353 102
354 102
355 103
356 103
357 104
358 104
359 104
360 105
361 105
362 106
363 106
364 106
365 107
366 107
367 107
368 108
369 108
370 108
371 109
372 109
373 109
374 109
375 110
376 110
377 110
378 111
379 111
380 111
381 111
382 111
383 112
384 112
385 112
386 112
387 113
388 113
389 113
390 113
391 113
392 113
393 113
394 114
395 114
396 114
397 114
398 114
399 114
400 114
401 114
402 114
403 114
404 114
405 113
406 113
407 113
408 113
409 113
410 112
411 112
412 112
413 112
414 111
415 111
416 111
417 111
418 110
419 110
420 110
421 109
422 109
423 109
424 108
425 108
426 108
427 107
428 107
429 106
430 106
431 106
432 105
433 105
434 105
435 104
436 104
437 104
438 103
439 103
440 103
441 102
442 102
443 102
444 101
445 101
446 101
447 101
448 100
449 100
450 100
451 100
452 99
453 99
454 99
455 99
456 99
457 99
458 99
459 99
460 99
461 98
462 98
463 98
464 98
465 98
466 98
467 98
468 98
469 97
470 97
471 97
472 97
473 96
474 96
475 96
476 95
477 95
478 95
479 94
480 94
481 93
482 93
483 92
484 92
485 91
486 91
487 90
488 90
489 89
490 88
491 88
492 87
493 87
494 86
