12 27
12 28
13 29
14 30
14 31
15 32
16 33
17 34
17 35
18 36
19 37
19 38
20 39
21 40
22 41
22 42
23 43
24 44
25 45
26 46
26 47
27 48
28 49
29 50
30 51
31 52
32 53
33 53
34 54
35 55
36 56
37 57
38 57
39 58
40 58
41 59
42 59
43 60
44 60
45 61
46 61
47 61
48 61
49 61
50 62
51 62
52 61
53 61
54 61
55 61
56 61
57 61
58 60
59 60
60 60
61 59
62 59
63 59
64 58
65 58
66 58
67 57
68 57
69 57
70 56
71 56
72 56
73 56
74 55
75 55
76 55
77 55
78 55
79 55
80 55
81 55
82 55
83 55
84 55
85 55
86 55
87 55
88 55
89 55
90 55
91 55
92 56
93 56
94 56
95 56
96 56
97 56
98 57
99 57
100 57
101 57
102 57
103 57
104 58
105 58
106 58
107 58
108 58
109 58
110 59
111 59
112 59
113 59
114 59
115 60
116 60
117 60
118 60
119 60
120 61
121 61
122 61
123 61
124 62
125 62
126 62
127 62
128 63
129 63
130 63
131 63
132 64
133 64
134 64
135 65
136 65
137 65
138 66
139 66
140 66
141 67
142 67
143 67
144 68
145 68
146 69
147 69
148 70
149 70
150 71
151 72
152 72
153 73
154 74
155 74
156 75
157 76
158 77
159 78
160 79
161 80
162 81
163 82
164 83
165 84
166 85
167 86
167 87
168 88
169 89
170 90
170 91
171 92
172 93
173 94
173 95
174 96
175 97
176 98
176 99
177 100
178 101
178 102
179 103
180 104
181 105
181 106
182 107
183 108
183 109
184 110
185 111
186 112
187 113
187 114
188 115
189 116
190 117
191 118
192 119
193 120
194 121
195 122
196 123
197 124
198 125
199 126
200 127
201 128
202 129
203 129
204 130
205 131
206 132
207 132
208 133
209 133
210 134
211 135
212 135
213 136
214 136
215 137
216 137
217 138
218 138
219 138
220 139
221 139
222 139
223 140
224 140
225 140
226 141
227 141
228 141
229 141
230 141
231 141
232 142
233 142
234 142
235 142
236 142
237 142
238 142
239 142
240 142
241 142
242 142
243 142
244 142
245 142
246 142
247 142
248 142
249 142
250 142
251 142
252 142
253 142
254 141
255 141
256 141
257 141
258 141
259 141
260 140
261 140
262 140
263 140
264 140
265 139
266 139
267 139
268 139
269 139
270 138
271 138
272 138
273 138
274 137
275 137
276 137
277 137
278 136
279 136
280 136
281 136
282 135
283 135
284 135
285 135
286 134
287 134
288 134
289 133
290 133
291 133
292 133
293 132
294 132
295 132
296 132
297 131
298 131
299 131
300 131
301 130
302 130
303 130
304 130
305 129
306 129
307 129
308 129
309 129
310 128
311 128
312 128
313 128
314 127
315 127
316 127
317 127
318 127
319 126
320 126
321 126
322 126
323 126
324 126
325 125
326 125
327 125
328 125
329 125
330 125
331 125
332 125
333 125
334 125
335 125
336 125
337 125
338 125
339 125
340 125
341 125
342 125
343 125
344 125
345 126
346 126
347 126
348 126
349 127
350 127
351 127
352 127
353 128
354 128
355 128
356 129
357 129
358 129
359 130
360 130
