5 2
6 3
6 4
7 5
8 6
9 7
9 8
10 9
11 10
12 11
12 12
13 13
14 14
15 15
15 16
16 17
17 18
18 19
18 20
19 21
20 22
21 23
22 24
22 25
23 26
24 27
25 28
26 29
26 30
27 31
28 32
29 33
30 34
30 35
31 36
32 37
33 38
33 39
34 40
35 41
36 42
37 43
37 44
38 45
39 46
40 47
40 48
41 49
42 50
43 51
44 52
44 53
45 54
46 55
47 56
48 57
49 58
50 59
51 60
52 61
53 61
54 62
55 63
56 63
57 63
58 64
59 64
60 64
61 64
62 64
63 64
64 64
65 63
66 63
67 63
68 62
69 62
70 62
71 61
72 61
73 61
74 60
75 60
76 60
77 59
78 59
79 59
80 59
81 59
82 59
83 59
84 59
85 59
86 59
87 59
88 59
89 58
90 58
91 58
92 58
93 58
94 58
95 57
96 57
97 57
98 56
99 55
100 55
101 54
102 53
103 52
104 51
105 50
106 49
106 48
107 47
108 46
109 45
109 44
110 43
111 42
111 41
112 40
113 39
113 38
114 37
114 36
115 35
116 34
116 33
117 32
117 31
118 30
119 29
119 28
