15 8
16 9
17 10
17 11
17 12
18 13
18 14
19 15
19 16
20 17
20 18
21 19
21 20
22 21
23 22
23 23
24 24
25 25
26 26
27 27
28 28
29 29
30 30
31 31
32 32
33 32
34 33
35 33
36 34
37 35
38 36
39 36
40 37
41 38
42 39
42 40
43 41
44 42
45 43
45 44
46 45
46 46
47 47
47 48
48 49
48 50
49 51
49 52
50 53
50 54
50 55
51 56
51 57
52 58
52 59
53 60
53 61
53 62
54 63
54 64
55 65
55 66
56 67
56 68
57 69
58 70
58 71
59 72
60 73
61 74
62 75
63 75
64 76
65 76
66 77
67 77
68 77
69 77
70 77
71 77
72 77
73 77
74 77
75 76
76 76
77 76
78 75
79 75
80 74
81 74
82 73
83 73
84 72
85 72
86 72
87 71
88 71
89 70
90 70
91 70
92 70
93 70
94 70
95 70
96 70
97 70
98 70
99 70
100 70
101 70
102 71
103 71
104 71
105 72
106 72
107 72
108 73
109 73
110 73
111 73
112 74
113 74
114 74
115 74
116 74
117 74
118 74
119 74
120 73
121 73
122 73
123 73
124 73
125 72
126 72
127 72
128 72
129 72
130 73
131 73
132 73
133 73
134 74
135 74
136 75
137 76
138 76
139 77
140 78
141 79
142 79
143 80
144 81
145 82
146 83
147 84
148 85
149 86
150 87
151 88
152 89
153 90
154 91
155 92
156 93
157 94
158 95
159 96
160 96
161 97
162 98
163 98
164 99
165 99
166 100
167 100
168 101
169 101
170 101
171 101
172 101
173 101
174 101
175 101
176 101
177 100
178 100
179 100
180 99
181 98
182 98
183 97
184 96
185 95
186 94
187 93
187 92
188 91
189 90
189 89
190 88
190 87
191 86
191 85
192 84
192 83
193 82
193 81
194 80
194 79
194 78
195 77
195 76
196 75
196 74
197 73
197 72
198 71
198 70
199 69
200 68
200 67
201 66
202 66
203 65
204 64
205 64
206 64
207 64
208 64
209 64
210 65
211 65
212 66
213 66
214 67
215 67
216 68
217 69
218 69
219 70
220 71
221 71
222 72
223 72
224 73
225 73
226 73
227 74
228 74
229 74
230 74
231 74
232 73
233 73
234 73
235 72
236 72
237 72
238 71
239 71
240 71
241 70
242 70
243 70
244 70
245 70
246 70
247 69
248 69
249 69
250 69
251 69
252 69
253 68
254 68
255 68
256 68
257 68
258 67
259 67
260 67
261 66
262 66
263 66
264 65
265 65
266 64
267 64
268 64
269 63
270 63
271 62
272 62
273 62
274 61
275 61
276 61
277 60
278 60
279 60
280 61
281 61
282 62
283 63
284 64
285 65
285 66
286 67
