12 62
13 63
14 64
14 65
15 66
16 67
17 68
17 69
18 70
19 71
20 72
20 73
21 74
22 75
22 76
23 77
24 78
25 79
25 80
26 81
27 82
28 83
28 84
29 85
30 86
31 87
32 88
32 89
33 90
34 91
35 92
36 93
37 94
37 95
38 96
39 97
40 98
41 99
42 100
43 101
44 102
45 103
46 104
47 105
48 106
49 107
50 108
51 109
52 109
53 110
54 111
55 112
56 113
57 113
58 114
59 115
60 115
61 116
62 117
63 117
64 118
65 118
66 119
67 119
68 120
69 120
70 121
71 121
72 122
73 122
74 123
75 123
76 123
77 124
78 124
79 124
80 125
81 125
82 125
83 126
84 126
85 126
86 126
87 127
88 127
89 127
90 127
91 128
92 128
93 128
94 128
95 128
96 129
97 129
98 129
99 129
100 129
101 129
102 130
103 130
104 130
105 130
106 130
107 130
108 130
109 131
110 131
111 131
112 131
113 131
114 132
115 132
116 132
117 132
118 132
119 133
120 133
121 133
122 133
123 134
124 134
125 134
126 134
127 134
128 135
129 135
130 135
131 135
132 135
133 136
134 136
135 136
136 136
137 136
138 136
139 137
140 137
141 137
142 137
143 137
144 137
145 137
146 137
147 137
148 137
149 137
150 137
151 137
152 137
153 137
154 137
155 137
156 136
157 136
158 136
159 136
160 136
161 135
162 135
163 135
164 134
165 134
166 134
167 133
168 133
169 133
170 132
171 132
172 131
173 131
174 130
175 130
176 129
177 128
178 128
179 127
180 126
181 126
182 125
183 124
184 124
185 123
186 122
187 121
188 121
189 120
190 119
191 118
192 118
193 117
194 116
195 115
196 114
197 113
198 113
199 112
200 111
201 110
202 110
