22 91
23 92
24 93
24 94
25 95
25 96
26 97
26 98
27 99
27 100
28 101
29 102
29 103
30 104
30 105
31 106
32 107
33 108
34 109
35 110
36 111
37 112
38 113
39 113
40 114
41 114
42 114
43 114
44 115
45 114
46 114
47 114
48 114
49 114
50 114
51 114
52 113
53 113
54 113
55 113
56 112
57 112
58 112
59 112
60 111
61 111
62 111
63 111
64 110
65 110
66 110
67 110
68 109
69 109
70 109
71 108
72 108
73 108
74 108
75 107
76 107
77 107
78 106
79 106
80 106
81 105
82 105
83 105
84 104
85 104
86 103
87 103
88 103
89 102
90 102
91 101
92 101
93 101
94 100
95 100
96 99
97 99
98 98
99 98
100 97
101 97
102 97
103 96
104 96
105 95
106 95
107 94
108 94
109 93
110 93
111 92
112 92
113 91
114 91
115 90
116 90
117 89
118 89
119 88
120 88
121 87
122 87
123 86
124 86
125 86
126 85
127 85
128 84
129 84
130 84
131 83
132 83
133 83
134 82
135 82
136 82
137 82
138 81
139 81
140 81
141 81
142 81
143 81
144 81
145 81
146 81
147 81
148 81
149 81
150 81
151 81
152 81
153 81
154 82
155 82
156 82
157 82
158 83
159 83
160 84
161 84
162 85
163 86
164 87
165 87
166 88
167 89
168 90
169 91
170 92
171 93
172 94
172 95
173 96
174 97
175 98
176 99
176 100
177 101
178 102
178 103
179 104
180 105
181 106
181 107
182 108
183 109
183 110
184 111
185 112
185 113
186 114
187 115
187 116
188 117
188 118
189 119
190 120
190 121
191 122
191 123
192 124
193 125
193 126
194 127
194 128
195 129
195 130
196 131
196 132
197 133
197 134
198 135
198 136
199 137
199 138
200 139
200 140
201 141
201 142
202 143
202 144
203 145
203 146
204 147
204 148
205 149
205 150
206 151
206 152
207 153
207 154
208 155
208 156
209 157
209 158
210 159
210 160
211 161
211 162
212 163
212 164
213 165
213 166
214 167
215 168
215 169
216 170
217 171
217 172
218 173
219 174
220 175
220 176
221 177
222 178
223 179
224 180
225 180
226 181
227 182
228 182
229 183
230 183
231 184
232 184
233 184
234 184
235 184
236 184
237 184
238 183
239 183
240 183
241 182
242 182
243 181
244 181
245 180
246 180
247 179
248 178
249 178
250 177
251 176
252 175
253 174
254 173
255 172
256 171
257 170
258 169
259 168
260 167
261 166
261 165
262 164
263 163
264 162
264 161
265 160
266 159
267 158
267 157
268 156
269 155
269 154
270 153
271 152
271 151
272 150
273 149
273 148
274 147
275 146
276 145
276 144
277 143
278 142
278 141
279 140
280 139
280 138
281 137
282 136
283 135
283 134
284 133
285 132
286 131
287 130
288 129
289 128
290 127
291 126
292 125
293 124
294 123
295 123
296 122
297 121
298 121
299 120
300 120
301 119
302 119
303 118
304 118
305 117
306 117
307 117
308 116
309 116
310 116
311 115
312 115
313 115
314 115
315 115
316 115
317 114
318 114
319 114
320 114
321 114
322 114
323 114
324 114
325 114
326 114
327 114
328 114
329 114
330 114
331 114
332 114
333 114
334 114
335 114
336 114
337 114
338 114
339 114
340 114
341 114
342 114
343 113
344 113
345 113
346 113
347 113
348 113
349 113
350 113
351 113
352 113
353 113
354 113
355 113
356 113
357 112
358 112
359 112
360 112
361 112
362 112
363 112
364 111
365 111
366 111
367 111
368 111
369 110
370 110
371 110
372 110
373 109
374 109
375 109
376 108
377 108
378 108
379 107
380 107
381 106
382 106
383 106
384 105
385 105
386 104
387 104
388 103
389 103
390 103
391 102
392 102
393 101
394 101
395 100
396 100
397 100
398 99
399 99
400 98
401 98
402 97
403 97
404 97
405 96
406 96
407 96
408 95
409 95
410 95
411 94
412 94
413 94
414 94
415 93
416 93
417 93
418 93
419 92
420 92
421 92
422 92
423 92
424 92
425 92
426 91
427 91
428 91
429 91
430 91
431 91
432 91
433 91
434 91
435 91
436 91
437 91
438 91
439 91
440 91
441 91
442 91
443 92
444 92
445 92
446 92
447 92
448 92
449 92
450 92
451 92
452 93
453 93
454 93
455 93
456 93
457 93
458 93
459 94
460 94
461 94
462 94
463 94
464 95
465 95
466 95
467 95
468 95
469 96
470 96
471 96
472 96
473 96
474 97
475 97
476 97
477 97
478 98
479 98
480 98
481 98
482 99
483 99
484 99
485 99
486 99
487 100
488 100
489 100
490 100
491 101
492 101
493 101
494 101
495 102
496 102
497 102
498 102
499 103
500 103
501 103
502 103
503 103
504 104
505 104
506 104
507 104
508 105
509 105
510 105
511 105
512 106
513 106
514 106
515 106
516 107
517 107
518 107
519 108
520 108
521 108
522 108
523 109
524 109
525 109
526 110
527 110
528 110
529 111
530 111
531 112
532 112
533 112
534 113
535 113
536 114
537 114
538 115
539 115
540 116
541 116
542 117
543 117
544 117
545 118
546 118
547 119
548 119
549 120
550 120
551 120
552 121
553 121
554 121
555 122
556 122
557 122
558 123
559 123
560 123
561 123
562 124
563 124
564 124
565 124
566 124
567 125
568 125
569 125
570 125
571 126
572 126
573 126
574 126
575 126
576 127
577 127
578 127
579 127
580 127
581 128
582 128
583 128
584 128
585 129
586 129
587 129
588 129
589 130
590 130
591 130
592 130
593 131
594 131
595 131
596 132
597 132
598 133
599 133
600 133
601 134
602 134
603 135
604 135
605 136
606 136
607 136
608 137
609 137
610 138
611 139
612 139
613 140
614 140
615 141
616 141
617 142
618 142
619 143
620 144
621 144
622 145
623 145
624 146
625 147
626 147
627 148
628 149
629 149
630 150
631 150
632 151
633 152
634 152
635 153
636 154
637 154
638 155
639 155
640 156
641 157
642 157
643 158
644 159
645 159
646 160
647 161
648 161
649 162
650 163
651 163
652 164
653 164
654 165
655 166
656 166
657 167
658 168
659 168
660 169
661 170
662 170
663 171
664 171
665 172
666 173
667 173
668 174
