6 38
7 38
8 38
9 39
10 39
11 40
12 40
13 41
14 41
15 42
16 42
17 43
18 43
19 44
20 44
21 45
22 45
23 46
24 46
25 47
26 48
27 48
28 49
29 49
30 50
31 51
32 51
33 52
34 53
35 53
36 54
37 55
38 56
39 56
40 57
41 58
42 59
43 59
44 60
45 61
46 62
47 62
48 63
49 64
50 65
51 65
52 66
53 67
54 68
55 69
56 69
57 70
58 71
59 72
60 72
61 73
62 74
63 75
64 75
65 76
66 77
67 77
68 78
69 78
70 79
71 79
72 79
73 80
74 79
75 79
76 78
77 77
78 76
78 75
79 74
80 73
80 72
81 71
81 70
82 69
82 68
83 67
83 66
84 65
84 64
85 63
85 62
86 61
86 60
87 59
88 58
88 57
89 56
90 55
91 54
92 53
93 52
94 52
95 52
96 51
97 51
98 51
99 51
100 51
101 52
102 52
103 53
104 53
105 54
106 54
107 55
108 56
109 56
110 57
111 58
112 58
113 59
114 60
115 60
116 61
117 62
118 62
119 63
120 63
121 64
122 64
123 64
124 64
125 64
126 64
127 63
128 63
129 62
130 62
131 61
132 60
