10 13
11 14
11 15
12 16
12 17
13 18
13 19
14 20
14 21
15 22
15 23
16 24
16 25
17 26
17 27
18 28
19 29
19 30
20 31
21 32
22 33
23 34
24 35
25 35
26 36
27 37
28 37
29 37
30 38
31 38
32 38
33 38
34 38
35 38
36 38
37 38
38 37
39 37
40 37
41 37
42 36
43 36
44 35
45 35
46 34
47 33
48 33
49 32
50 31
51 31
52 31
53 30
54 30
55 30
56 31
57 31
58 32
58 33
59 34
60 35
60 36
61 37
61 38
62 39
62 40
63 41
63 42
64 43
64 44
65 45
65 46
65 47
66 48
67 49
67 50
68 51
68 52
69 53
69 54
70 55
71 56
71 57
72 58
73 59
73 60
74 61
75 62
76 63
77 64
78 65
79 66
80 67
81 67
82 68
83 69
84 69
85 70
86 70
87 71
88 71
89 71
90 72
91 72
92 73
93 73
94 73
95 74
96 74
97 74
98 74
99 74
100 73
101 73
102 72
103 72
104 71
105 70
105 69
106 68
107 67
108 66
109 65
109 64
110 63
111 62
112 61
113 60
114 59
115 59
116 58
117 58
118 58
119 58
120 59
121 59
122 60
123 60
124 61
125 62
126 63
127 64
128 65
129 66
130 67
131 68
132 68
133 69
134 70
135 71
136 72
137 73
138 73
139 74
140 75
141 75
142 76
143 76
144 76
145 77
146 77
147 77
148 77
149 77
150 77
151 77
152 77
153 76
154 76
155 75
156 75
157 74
158 74
159 73
160 73
161 72
162 71
163 71
164 70
165 69
166 69
167 68
168 68
169 67
170 67
171 67
172 67
173 66
174 66
175 66
176 66
177 66
178 66
179 66
180 66
181 66
182 66
183 66
184 65
185 65
186 65
187 64
188 64
189 63
190 63
191 62
192 62
193 61
194 61
195 60
196 60
197 60
198 60
199 61
200 61
201 61
202 62
203 62
204 63
205 63
206 64
207 65
208 65
209 66
210 66
211 67
212 68
213 68
214 69
215 69
216 70
217 70
218 71
219 71
220 72
221 72
222 73
223 73
224 74
225 74
226 74
227 74
228 74
229 74
230 74
231 74
232 74
233 74
234 74
235 74
236 74
237 74
238 75
239 75
240 75
241 76
242 77
243 77
244 78
245 79
246 79
247 80
248 81
249 81
250 82
251 82
252 83
253 83
254 83
255 84
256 84
257 84
258 84
259 84
260 84
261 84
262 84
263 83
264 83
265 83
266 82
267 81
268 81
269 80
270 79
271 79
272 78
273 77
274 76
275 76
276 75
277 74
278 73
279 72
280 72
281 71
282 70
283 69
284 68
285 68
286 67
287 66
288 65
289 65
290 64
