9 1
10 2
11 3
12 4
13 5
14 6
15 7
16 8
16 9
17 10
18 11
19 12
20 13
20 14
21 15
22 16
23 17
23 18
24 19
24 20
25 21
26 22
26 23
27 24
28 25
28 26
29 27
29 28
30 29
31 30
31 31
32 32
32 33
33 34
34 35
34 36
35 37
36 38
36 39
37 40
38 41
38 42
39 43
40 44
40 45
41 46
42 47
43 48
44 49
45 50
46 51
47 52
48 53
49 54
50 55
51 56
52 56
53 57
54 57
55 58
56 58
57 58
58 58
59 58
60 58
61 58
62 58
63 58
64 57
65 57
66 57
67 56
68 55
69 55
70 54
71 53
72 53
73 52
74 51
75 51
76 50
77 49
78 49
79 48
80 48
81 48
82 48
83 48
84 48
85 48
86 48
87 49
88 49
89 49
90 50
91 50
92 50
93 51
94 51
95 52
96 52
97 53
98 54
99 54
100 55
101 56
102 56
103 57
104 58
105 58
106 59
107 60
108 60
109 61
110 62
111 62
112 63
113 63
114 64
115 64
116 65
117 65
118 66
119 66
120 66
121 66
122 67
123 67
124 66
125 66
126 66
127 66
128 66
129 66
130 65
131 65
132 65
133 65
134 64
135 64
136 64
137 64
138 64
139 64
140 64
141 64
142 64
143 64
144 64
145 64
146 64
147 64
148 64
149 64
150 64
151 64
152 64
153 64
154 64
155 64
156 64
157 64
158 64
159 65
160 65
161 65
162 65
163 65
164 65
165 66
166 66
167 66
168 66
169 66
170 66
171 67
172 67
173 67
174 67
175 68
176 68
177 68
178 69
179 69
180 70
181 70
182 71
183 72
184 72
185 73
186 73
187 74
188 74
189 74
190 74
191 74
192 73
193 73
194 72
195 72
196 72
197 71
198 71
199 71
200 70
201 70
202 70
203 69
204 69
205 69
206 69
207 68
208 68
209 68
210 68
211 67
212 67
213 67
214 66
215 66
216 65
217 65
218 64
219 64
220 63
221 63
222 62
223 62
224 61
225 61
226 61
227 61
228 61
229 61
230 61
231 61
232 62
233 62
234 63
235 63
236 64
237 65
238 66
239 66
240 67
241 68
242 69
243 69
244 70
245 70
246 70
247 70
248 70
249 70
250 69
251 69
252 69
253 68
254 68
255 67
256 67
