13 76
14 77
15 78
16 79
17 80
18 81
19 82
20 83
20 84
21 85
22 86
23 87
24 88
25 89
26 90
27 91
28 91
29 92
30 93
31 94
32 95
33 96
34 97
35 97
36 98
37 99
38 99
39 100
40 101
41 101
42 102
43 102
44 103
45 103
46 104
47 104
48 104
49 105
50 105
51 105
52 106
53 106
54 106
55 106
56 106
57 107
58 107
59 107
60 107
61 107
62 107
63 107
64 107
65 107
66 107
67 107
68 107
69 107
70 107
71 107
72 107
73 107
74 107
75 107
76 107
77 107
78 106
79 106
80 106
81 106
82 106
83 106
84 106
85 105
86 105
87 105
88 105
89 105
90 104
91 104
92 104
93 104
94 104
95 103
96 103
97 103
98 103
99 102
100 102
101 102
102 102
103 102
104 101
105 101
106 101
107 101
108 101
109 101
110 100
111 100
112 100
113 100
114 100
115 100
116 101
117 101
118 101
119 101
120 101
121 102
122 102
123 102
124 103
125 103
126 104
127 105
128 105
129 106
130 107
131 108
132 108
133 109
134 110
135 111
136 112
137 113
138 114
139 115
140 116
141 117
142 118
143 119
144 120
145 121
145 122
146 123
147 124
148 125
149 126
150 127
151 128
151 129
152 130
153 131
154 132
155 133
156 134
156 135
157 136
158 137
159 138
160 139
161 140
162 141
163 142
164 143
165 144
166 145
167 146
168 147
169 148
170 149
171 150
172 151
173 152
174 153
175 154
176 155
177 156
178 157
179 157
180 158
181 159
182 160
183 161
184 162
185 162
186 163
187 164
188 165
189 166
190 167
191 167
192 168
193 169
