14 5
15 6
16 6
17 7
18 7
19 8
20 8
21 9
22 9
23 10
24 10
25 11
26 11
27 12
28 13
29 13
30 14
31 14
32 15
33 16
34 17
35 17
36 18
37 19
38 20
39 21
40 21
41 22
42 23
43 24
44 25
45 26
46 27
47 28
48 29
49 30
49 31
50 32
51 33
52 34
53 35
53 36
54 37
55 38
56 39
56 40
57 41
58 42
58 43
59 44
59 45
60 46
61 47
61 48
62 49
62 50
63 51
63 52
64 53
64 54
65 55
65 56
66 57
66 58
67 59
67 60
68 61
68 62
69 63
69 64
70 65
71 66
71 67
72 68
72 69
73 70
73 71
74 72
74 73
75 74
76 75
76 76
77 77
78 78
78 79
79 80
80 81
81 82
81 83
82 84
83 85
84 86
85 87
86 88
87 89
88 90
89 90
90 91
91 92
92 92
93 93
94 93
95 94
96 94
97 95
98 95
99 96
100 96
101 96
102 97
103 97
104 98
105 98
106 99
107 100
108 100
109 101
110 102
111 103
112 104
113 105
114 106
115 107
116 108
116 109
117 110
118 111
119 112
119 113
120 114
121 115
121 116
122 117
122 118
123 119
124 120
124 121
125 122
126 123
126 124
