33 46
34 46
35 46
36 46
37 46
38 46
39 46
40 46
41 46
42 46
43 46
44 46
45 46
46 46
47 47
48 47
49 47
50 47
51 47
52 47
53 47
54 47
55 48
56 48
57 48
58 48
59 48
60 49
61 49
62 49
63 49
64 49
65 50
66 50
67 50
68 51
69 51
70 51
71 51
72 52
73 52
74 52
75 53
76 53
77 53
78 53
79 54
80 54
81 54
82 55
83 55
84 55
85 56
86 56
87 56
88 57
89 57
90 57
91 58
92 58
93 59
94 59
95 59
96 60
97 60
98 60
99 61
100 61
101 61
102 62
103 62
104 63
105 63
106 63
107 64
108 64
109 65
110 65
111 65
112 66
113 66
114 67
115 67
116 68
117 68
118 69
119 69
120 70
121 70
122 71
123 71
124 72
125 72
126 73
127 73
128 74
129 74
130 75
131 75
132 76
133 76
134 77
135 78
136 78
137 79
138 79
139 80
140 80
141 81
142 82
143 82
144 83
145 83
146 84
147 85
148 85
149 86
150 87
151 87
152 88
153 88
154 89
155 90
156 90
157 91
158 91
159 92
160 93
161 93
162 94
163 94
164 95
165 95
166 96
167 96
168 97
169 97
170 98
171 98
172 98
173 99
174 99
175 99
176 99
177 100
178 100
179 100
180 100
181 99
182 99
183 99
184 99
185 98
186 98
187 98
188 97
189 97
190 96
191 95
192 95
193 94
194 93
195 92
196 92
197 91
198 90
199 89
200 89
201 88
202 87
203 86
204 85
205 85
206 84
207 83
208 82
209 82
210 81
211 81
212 80
213 80
214 79
215 79
216 78
217 78
218 78
219 78
220 78
221 78
222 78
223 78
224 78
225 79
226 79
227 80
228 80
229 81
230 82
231 82
232 83
233 84
234 85
235 86
235 87
236 88
237 89
238 90
239 91
239 92
240 93
241 94
242 95
243 96
243 97
244 98
245 99
246 100
247 101
248 102
249 103
250 104
251 105
252 106
253 107
254 108
255 109
256 110
257 110
258 111
259 112
260 112
261 113
262 113
263 114
264 114
265 115
266 115
267 115
268 116
269 116
270 116
271 116
272 116
273 116
274 116
275 116
276 116
277 115
278 115
279 115
280 114
281 114
282 114
283 113
284 113
285 112
286 112
287 111
288 111
289 110
290 109
291 109
292 108
293 107
294 107
295 106
296 105
297 105
298 104
299 103
300 103
301 102
302 101
303 101
304 100
305 99
306 99
307 98
308 98
309 97
310 96
311 96
312 95
313 94
314 94
315 93
316 93
317 92
318 91
319 91
320 90
321 90
322 89
323 89
324 88
325 88
326 87
327 87
328 86
329 86
330 85
331 85
332 85
333 84
334 84
335 83
336 83
337 83
338 82
339 82
340 82
341 81
342 81
343 81
344 81
345 81
346 80
347 80
348 80
349 80
350 80
351 80
352 80
353 80
354 80
355 80
356 80
357 80
358 80
359 80
360 80
361 80
362 80
363 80
364 81
365 81
366 81
367 81
368 82
369 82
370 83
371 83
372 83
373 84
374 84
375 85
376 85
377 86
378 87
379 87
380 88
381 89
382 89
383 90
384 91
385 92
386 92
387 93
388 94
389 95
390 96
391 97
392 98
393 99
394 100
395 101
396 102
397 103
398 104
399 105
400 106
401 107
402 108
403 109
404 110
405 111
405 112
406 113
407 114
408 115
409 116
410 117
411 118
411 119
412 120
413 121
414 122
415 123
416 124
417 125
418 126
419 127
420 128
421 129
422 130
423 131
424 131
425 132
426 133
427 133
428 134
429 134
430 134
431 135
432 135
433 135
434 135
435 135
436 135
437 134
438 134
439 134
440 134
441 133
442 133
443 132
444 132
445 131
446 131
447 130
448 130
449 129
450 128
451 128
452 127
453 127
454 126
455 125
456 125
457 124
458 123
459 123
460 122
461 121
462 121
463 120
464 119
465 119
466 118
467 118
468 117
469 116
470 116
471 115
472 114
473 114
474 113
475 113
476 112
477 111
478 111
479 110
480 110
481 109
482 108
483 108
484 107
485 107
486 106
487 106
488 105
489 105
490 104
491 104
492 103
493 103
494 102
495 102
496 101
497 101
498 100
499 100
500 99
501 99
502 99
503 98
504 98
505 97
506 97
507 97
508 96
509 96
510 96
511 95
512 95
513 95
514 94
515 94
516 94
517 94
518 93
519 93
520 93
521 93
522 93
523 92
524 92
525 92
526 92
527 92
528 92
529 92
530 92
531 92
532 92
533 92
534 92
535 92
536 92
537 92
538 92
539 92
540 92
541 92
542 92
543 92
544 92
545 92
546 92
547 93
548 93
549 93
550 93
551 93
552 93
553 94
554 94
555 94
556 94
557 95
558 95
559 95
560 95
561 96
562 96
563 96
564 96
565 97
566 97
567 97
568 97
569 98
570 98
571 98
572 98
573 99
574 99
575 99
576 99
577 100
578 100
579 100
580 101
581 101
582 101
583 101
584 102
585 102
586 102
587 103
588 103
589 103
590 103
591 104
592 104
593 104
594 105
595 105
596 105
597 106
598 106
599 106
600 107
601 107
602 107
603 108
604 108
605 108
606 109
607 109
608 110
609 110
610 110
611 111
612 111
613 111
614 112
615 112
616 112
617 113
618 113
619 113
620 114
621 114
622 114
623 114
624 115
625 115
626 115
627 115
628 115
629 115
630 115
631 115
632 115
633 115
634 114
635 114
636 114
637 114
638 114
639 113
640 113
641 113
642 112
643 112
644 112
645 111
646 111
647 111
648 110
649 110
650 110
651 109
652 109
653 108
654 108
655 107
656 107
657 106
658 105
659 105
660 104
661 103
662 102
663 101
664 100
665 99
666 98
667 98
668 97
669 96
670 95
670 94
671 93
672 92
673 91
674 90
675 89
676 88
