5 34
6 35
7 36
7 37
8 38
8 39
9 40
10 41
11 42
11 43
12 44
13 45
14 46
15 47
15 48
16 49
17 50
18 51
19 52
20 53
21 54
22 55
22 56
23 57
24 58
24 59
25 60
26 61
27 62
27 63
28 64
29 65
30 66
31 67
32 68
32 69
33 70
34 71
35 72
36 73
37 74
38 75
39 76
40 77
41 78
42 79
43 80
44 81
45 82
46 83
47 84
48 85
49 86
50 86
51 87
52 87
53 88
54 88
55 88
56 88
57 88
58 88
59 88
60 88
61 88
62 88
63 88
64 87
65 87
66 87
67 86
68 86
69 85
70 85
71 84
72 83
73 83
74 82
75 81
76 80
77 79
78 78
79 77
79 76
80 75
81 74
82 73
83 72
83 71
84 70
85 69
86 68
86 67
87 66
88 65
89 64
89 63
90 62
91 61
92 60
92 59
93 58
94 57
95 56
96 55
97 54
97 53
98 52
99 51
100 51
101 50
102 49
103 49
104 48
105 47
106 47
107 47
108 47
109 46
110 46
111 46
112 46
113 46
114 46
115 46
116 46
117 46
118 47
119 47
120 47
121 47
122 47
123 47
124 48
125 48
126 48
127 49
128 49
129 50
130 50
131 51
132 52
133 52
134 53
135 54
136 55
137 56
138 57
139 58
140 59
141 60
142 61
142 62
143 63
144 64
145 65
145 66
146 67
147 68
148 69
148 70
149 71
150 72
151 73
151 74
152 75
153 76
154 77
154 78
155 79
156 80
157 81
158 82
159 82
160 83
161 84
162 84
163 84
164 84
165 84
166 84
167 84
168 83
169 83
170 83
171 82
172 82
173 81
174 81
175 80
176 80
177 79
178 79
179 78
180 78
181 77
182 77
183 76
184 76
185 75
186 75
187 74
188 74
189 73
190 73
191 72
192 72
193 71
194 71
195 70
196 70
197 69
198 69
199 68
200 68
201 67
202 67
203 66
204 66
205 65
206 65
207 64
208 64
209 64
210 63
211 63
212 63
213 62
214 62
215 62
216 62
217 62
218 62
219 62
220 63
221 63
222 63
223 64
224 64
225 65
226 65
227 66
228 67
229 68
230 69
231 70
232 71
233 71
234 72
235 73
236 73
237 74
238 74
239 74
240 75
241 75
242 75
243 75
244 75
245 74
246 74
247 74
248 73
249 73
250 72
251 72
252 71
253 71
254 70
255 69
256 68
257 67
258 66
259 65
260 64
261 63
262 62
262 61
263 60
264 59
265 58
265 57
266 56
267 55
268 54
