21 74
21 75
22 76
22 77
23 78
24 79
24 80
25 81
25 82
26 83
27 84
27 85
28 86
28 87
29 88
30 89
30 90
31 91
31 92
32 93
33 94
33 95
34 96
34 97
35 98
36 99
36 100
37 101
38 102
38 103
39 104
40 105
40 106
41 107
42 108
42 109
43 110
44 111
44 112
45 113
46 114
46 115
47 116
48 117
49 118
49 119
50 120
51 121
52 122
53 123
53 124
54 125
55 126
56 127
57 128
58 129
59 130
60 131
61 132
61 133
62 134
63 135
64 136
65 137
66 138
67 138
68 139
69 140
70 141
71 142
72 143
73 144
74 145
75 145
76 146
77 147
78 148
79 148
80 149
81 150
82 150
83 151
84 152
85 152
86 153
87 153
88 154
89 154
90 155
91 155
92 156
93 156
94 157
95 157
96 157
97 158
98 158
99 158
100 159
101 159
102 159
103 159
104 160
105 160
106 160
107 160
108 160
109 161
110 161
111 161
112 161
113 161
114 161
115 161
116 161
117 161
118 161
119 161
120 161
121 161
122 161
123 161
124 161
125 161
126 161
127 161
128 161
129 161
130 161
131 160
132 160
133 160
134 160
135 160
136 160
137 159
138 159
139 159
140 159
141 158
142 158
143 158
144 157
145 157
146 157
147 156
148 156
149 156
150 155
151 155
152 154
153 154
154 154
155 153
156 153
157 152
158 152
159 151
160 151
161 150
162 150
163 149
164 149
165 148
166 147
167 147
168 146
169 145
170 145
171 144
172 143
173 143
174 142
175 141
176 141
177 140
178 139
179 138
180 137
181 136
182 136
183 135
184 134
185 133
186 132
187 131
188 130
189 129
190 128
190 127
191 126
192 125
193 124
194 123
195 122
195 121
196 120
197 119
198 118
198 117
199 116
200 115
200 114
201 113
202 112
203 111
203 110
204 109
205 108
