6 34
7 35
8 36
8 37
9 38
10 39
11 40
11 41
12 42
13 43
14 44
15 45
15 46
16 47
17 48
18 49
19 50
20 51
21 52
22 53
23 54
24 55
25 56
26 57
27 57
28 58
29 59
30 59
31 60
32 60
33 61
34 61
35 61
36 62
37 62
38 62
39 62
40 62
41 62
42 62
43 62
44 62
45 62
46 62
47 61
48 61
49 61
50 60
51 60
52 60
53 60
54 59
55 59
56 59
57 59
58 59
59 59
60 59
61 59
62 59
63 59
64 59
65 59
66 60
67 60
68 60
69 60
70 61
71 61
72 61
73 62
74 62
75 62
76 63
77 63
78 63
79 64
80 64
81 63
82 63
83 63
84 62
85 61
86 60
87 59
88 58
89 58
90 57
91 56
92 55
93 54
94 53
95 52
96 52
97 51
98 51
99 51
100 50
101 50
102 50
103 50
104 50
105 50
106 50
107 50
108 50
109 51
110 51
111 51
112 51
113 51
114 51
115 52
116 52
117 52
118 52
119 52
120 52
121 52
122 52
123 52
124 52
125 52
126 51
127 51
128 51
129 51
130 51
131 51
132 51
133 51
134 51
135 51
136 51
137 51
138 51
139 51
140 51
141 51
142 52
143 52
144 52
145 52
146 52
147 53
148 53
149 53
150 53
151 54
152 54
153 54
154 55
155 55
156 56
157 56
158 57
159 57
160 58
161 58
162 59
163 59
164 60
165 61
166 61
167 62
168 62
169 63
170 64
171 64
172 65
173 66
174 66
175 67
176 67
177 68
178 68
179 69
180 69
181 69
182 69
183 68
184 68
185 67
186 67
187 66
188 65
189 64
190 64
191 63
192 62
