26 34
27 35
27 36
28 37
28 38
29 39
29 40
30 41
30 42
31 43
31 44
31 45
32 46
32 47
33 48
33 49
34 50
34 51
35 52
35 53
35 54
36 55
36 56
37 57
37 58
38 59
38 60
39 61
39 62
39 63
40 64
40 65
41 66
41 67
42 68
42 69
43 70
43 71
43 72
44 73
44 74
45 75
45 76
46 77
46 78
47 79
47 80
47 81
48 82
48 83
49 84
49 85
50 86
50 87
50 88
51 89
51 90
52 91
52 92
53 93
53 94
54 95
54 96
54 97
55 98
55 99
56 100
56 101
57 102
57 103
58 104
58 105
58 106
59 107
59 108
60 109
60 110
61 111
61 112
62 113
62 114
63 115
64 116
64 117
65 118
65 119
66 120
67 121
67 122
68 123
69 124
70 125
71 126
72 127
73 128
74 128
75 129
76 129
77 130
78 130
79 130
80 131
81 131
82 131
83 131
84 131
85 131
86 131
87 131
88 131
89 130
90 130
91 130
92 130
93 130
94 129
95 129
96 129
97 128
98 128
99 128
100 127
101 127
102 126
103 126
104 126
105 125
106 125
107 124
108 124
109 123
110 122
111 122
112 121
113 121
114 120
115 120
116 119
117 118
118 118
119 117
120 116
121 116
122 115
123 114
124 114
125 113
126 112
127 112
128 111
129 110
130 110
131 109
132 108
133 108
134 107
135 107
136 106
137 105
138 105
139 104
140 104
141 103
142 102
143 102
144 101
145 101
146 100
147 100
148 99
149 99
150 98
151 98
152 97
153 97
154 96
155 96
156 96
157 95
158 95
159 94
160 94
161 94
162 93
163 93
164 92
165 92
166 92
167 91
168 91
169 91
170 90
171 90
172 90
173 89
