8 33
8 34
9 35
9 36
10 37
10 38
10 39
11 40
11 41
11 42
12 43
12 44
13 45
13 46
13 47
14 48
14 49
15 50
15 51
15 52
16 53
16 54
17 55
17 56
17 57
18 58
18 59
19 60
19 61
20 62
20 63
21 64
21 65
22 66
22 67
23 68
23 69
24 70
24 71
25 72
26 73
26 74
27 75
28 76
29 77
29 78
30 79
31 80
32 81
33 82
34 83
35 84
36 85
37 86
38 86
39 87
40 88
41 88
42 89
43 89
44 90
45 90
46 90
47 91
48 91
49 91
50 91
51 92
52 92
53 92
54 92
55 92
56 92
57 92
58 92
59 93
60 93
61 93
62 93
63 93
64 93
65 93
66 93
67 93
68 93
69 94
70 94
71 94
72 94
73 94
74 94
75 95
76 95
77 95
78 95
79 96
80 96
81 96
82 96
83 97
84 97
85 97
86 98
87 98
88 99
89 99
90 99
91 100
92 100
93 101
94 101
95 101
96 102
97 102
98 103
99 103
100 104
101 104
102 105
103 105
104 106
105 106
106 107
107 107
108 108
109 108
110 109
111 109
112 110
113 110
114 111
115 112
116 112
117 113
118 113
119 114
120 114
121 115
122 116
123 116
124 117
125 117
126 118
127 118
128 119
129 120
130 120
131 121
132 122
133 122
134 123
135 123
136 124
137 125
138 125
139 126
140 127
141 127
142 128
143 129
144 129
145 130
146 131
147 131
148 132
149 133
150 133
151 134
152 135
153 135
154 136
155 137
156 137
157 138
158 138
159 139
160 139
161 140
162 140
163 141
164 141
165 141
166 141
167 141
168 142
169 142
170 142
171 142
172 142
173 142
174 142
175 141
176 141
177 141
178 141
179 141
180 141
181 141
182 140
183 140
184 140
185 140
186 139
187 139
188 139
189 138
190 138
191 138
192 137
193 137
194 136
195 136
196 135
197 135
198 134
199 134
200 133
201 132
202 131
203 130
204 129
205 128
206 127
207 126
208 125
209 124
210 123
211 122
211 121
212 120
213 119
214 118
214 117
215 116
216 115
217 114
217 113
218 112
219 111
219 110
220 109
221 108
221 107
222 106
223 105
223 104
224 103
225 102
225 101
226 100
227 99
228 98
228 97
229 96
230 95
231 94
232 93
233 93
234 92
235 91
236 91
237 90
238 90
239 90
240 90
241 90
242 90
243 90
244 90
245 90
246 90
247 91
248 91
249 92
250 93
251 93
252 94
253 95
254 96
255 97
256 98
257 99
258 100
258 101
259 102
260 103
261 104
262 105
263 106
264 107
265 108
266 109
267 110
268 111
269 112
270 113
271 114
272 115
273 116
274 117
275 118
276 119
277 119
278 120
279 121
280 122
281 123
282 124
283 125
284 126
285 127
286 127
287 128
288 129
289 130
290 130
291 131
292 132
293 133
294 133
295 134
296 134
297 135
298 135
299 136
300 136
301 137
302 137
303 137
304 138
305 138
306 138
307 138
308 139
309 139
310 139
311 139
312 139
313 139
314 139
315 139
316 139
317 139
318 139
319 139
320 139
321 139
322 140
323 140
324 140
325 140
326 141
327 142
328 142
329 143
330 144
331 145
332 146
333 147
334 148
334 149
335 150
336 151
336 152
337 153
338 154
338 155
339 156
340 157
340 158
341 159
342 160
342 161
343 162
344 163
344 164
345 165
346 166
346 167
347 168
348 169
348 170
349 171
350 172
350 173
351 174
352 175
352 176
353 177
354 178
355 179
355 180
356 181
357 182
357 183
