9 29
10 30
11 31
12 32
13 33
14 34
15 35
16 36
17 37
18 38
19 39
20 40
21 41
22 42
23 43
24 43
25 44
26 44
27 45
28 45
29 46
30 46
31 47
32 47
33 48
34 48
35 49
36 49
37 50
38 51
39 52
40 53
41 54
41 55
42 56
42 57
43 58
43 59
44 60
44 61
45 62
45 63
45 64
46 65
46 66
46 67
47 68
47 69
47 70
48 71
48 72
48 73
49 74
49 75
49 76
50 77
50 78
50 79
51 80
51 81
51 82
52 83
52 84
53 85
53 86
54 87
54 88
55 89
55 90
56 91
57 92
58 93
59 94
60 95
61 96
62 97
63 98
64 98
65 98
66 99
67 99
68 99
69 99
70 99
71 99
72 99
73 99
74 98
75 98
76 98
77 97
78 96
79 96
80 95
81 94
82 94
83 93
84 92
85 91
86 90
87 89
88 88
88 87
89 86
90 85
91 84
91 83
92 82
93 81
94 80
94 79
95 78
96 77
96 76
97 75
97 74
98 73
99 72
99 71
100 70
100 69
101 68
101 67
102 66
102 65
103 64
103 63
104 62
104 61
105 60
105 59
106 58
106 57
107 56
107 55
108 54
108 53
109 52
109 51
110 50
110 49
111 48
111 47
112 46
112 45
113 44
114 43
115 42
116 41
117 41
118 40
119 40
120 40
121 41
122 41
123 42
124 42
125 43
126 44
127 45
128 46
129 47
130 48
130 49
131 50
132 51
133 52
134 53
135 54
136 55
137 56
138 57
139 58
140 59
141 60
142 61
143 62
144 63
145 64
146 65
147 65
148 66
149 66
150 67
151 67
152 66
153 66
154 66
155 65
156 65
157 64
158 63
159 62
160 61
161 60
162 59
163 58
164 57
165 56
166 55
167 54
167 53
168 52
169 51
170 50
171 49
172 48
173 47
173 46
174 45
175 44
176 44
177 43
178 42
179 41
180 41
181 40
182 40
183 39
184 39
185 38
186 38
187 38
188 38
189 37
190 37
191 37
192 37
193 37
194 38
195 38
196 38
197 38
198 39
199 39
200 39
201 39
202 39
203 40
204 40
205 40
206 40
207 40
208 40
209 40
210 40
211 41
212 41
213 41
214 42
215 42
216 43
217 43
218 44
219 45
220 46
221 47
222 48
223 49
224 50
225 51
225 52
226 53
227 54
227 55
228 56
229 57
229 58
230 59
231 60
231 61
232 62
232 63
233 64
234 65
234 66
235 67
235 68
236 69
236 70
237 71
237 72
238 73
238 74
239 75
239 76
240 77
240 78
241 79
241 80
242 81
242 82
