29 3
30 4
31 5
32 6
33 7
33 8
34 9
35 10
36 11
37 12
37 13
38 14
39 15
40 16
40 17
41 18
42 19
43 20
43 21
44 22
45 23
46 24
46 25
47 26
48 27
49 28
49 29
50 30
51 31
52 32
52 33
53 34
54 35
54 36
55 37
56 38
56 39
57 40
58 41
59 42
59 43
60 44
61 45
61 46
62 47
63 48
63 49
64 50
65 51
65 52
66 53
67 54
67 55
68 56
68 57
69 58
70 59
70 60
71 61
72 62
72 63
73 64
73 65
74 66
75 67
75 68
76 69
76 70
77 71
78 72
78 73
79 74
79 75
80 76
81 77
81 78
82 79
82 80
83 81
84 82
84 83
85 84
85 85
86 86
86 87
87 88
88 89
88 90
89 91
89 92
90 93
90 94
91 95
92 96
92 97
93 98
93 99
94 100
94 101
95 102
95 103
96 104
97 105
97 106
98 107
98 108
99 109
99 110
100 111
101 112
101 113
102 114
102 115
103 116
103 117
104 118
104 119
105 120
106 121
106 122
107 123
107 124
108 125
108 126
109 127
110 128
110 129
111 130
111 131
112 132
112 133
113 134
114 135
114 136
115 137
115 138
116 139
117 140
117 141
118 142
119 143
119 144
120 145
121 146
121 147
122 148
123 149
123 150
124 151
125 152
125 153
126 154
127 155
128 156
129 157
129 158
130 159
131 160
132 161
133 162
134 163
135 164
136 165
137 166
138 167
139 168
140 169
141 170
142 170
143 171
144 172
145 173
146 173
147 174
148 174
149 175
150 175
151 176
152 176
153 177
154 177
155 178
156 178
157 178
158 178
159 179
160 179
161 179
162 179
163 179
164 179
165 179
166 179
167 179
168 179
169 179
170 179
171 178
172 178
173 178
174 177
175 177
176 177
177 176
178 176
179 175
180 175
181 174
182 173
183 173
184 172
185 171
186 171
187 170
188 169
189 168
190 167
191 166
192 165
193 164
194 163
195 162
196 161
197 160
198 159
199 158
200 157
201 156
202 155
202 154
203 153
204 152
205 151
206 150
207 149
207 148
208 147
209 146
210 145
211 144
211 143
212 142
213 141
214 140
215 139
215 138
216 137
217 136
218 135
219 134
219 133
220 132
221 131
222 130
223 129
223 128
224 127
225 126
226 125
227 124
228 123
229 122
230 121
231 120
232 119
233 118
234 117
235 116
236 115
237 115
238 114
239 114
240 113
241 113
242 112
243 112
244 112
245 111
246 111
247 111
248 111
249 111
250 111
251 111
252 111
253 111
254 112
255 112
256 112
257 113
258 113
259 113
260 114
261 115
262 115
263 116
264 117
265 117
266 118
267 119
268 120
269 120
270 121
271 122
272 123
273 124
274 125
275 126
276 127
277 128
278 128
279 129
280 130
281 131
282 132
283 133
284 133
285 134
286 135
287 136
288 136
289 137
290 138
291 138
292 139
293 139
294 140
295 140
296 141
297 141
298 141
299 142
300 142
301 142
302 142
303 143
304 143
305 143
306 143
307 143
308 143
309 143
310 143
311 143
312 143
313 143
314 143
315 143
316 143
317 143
318 143
319 143
320 142
321 142
322 142
323 142
324 142
325 141
326 141
327 141
328 140
329 140
330 140
331 139
332 139
333 139
334 138
335 138
336 137
337 137
338 136
339 136
340 136
341 135
342 135
343 134
344 134
345 133
346 133
347 132
348 132
349 131
350 130
351 130
352 129
353 129
354 128
355 128
356 128
357 127
358 127
359 126
360 126
361 125
362 125
363 125
364 124
365 124
366 124
367 123
368 123
369 123
370 122
371 122
372 122
373 122
374 121
375 121
376 121
377 121
378 121
379 121
380 120
381 120
382 120
383 120
384 120
385 120
386 120
387 120
388 120
389 120
390 120
391 119
392 119
393 119
394 119
395 119
396 119
397 119
398 119
399 119
400 119
401 119
402 119
403 119
404 119
405 119
406 119
407 119
408 119
409 119
410 119
411 119
412 119
413 119
414 119
415 119
416 119
417 119
418 119
419 119
420 119
421 119
422 119
423 119
424 119
425 119
426 119
427 119
428 119
429 119
430 120
431 120
432 120
433 120
434 120
435 120
436 120
437 120
438 121
439 121
440 121
441 121
442 121
443 121
444 122
445 122
446 122
447 122
448 123
449 123
450 123
451 124
452 124
453 124
454 125
455 125
456 125
457 126
458 126
459 127
460 127
461 128
462 128
463 129
464 129
465 130
466 130
467 131
468 131
469 132
470 132
471 133
472 134
473 134
474 135
475 136
476 136
477 137
478 138
479 138
480 139
481 140
482 140
483 141
484 142
485 143
486 143
487 144
488 145
489 146
490 147
491 147
492 148
493 149
494 150
495 151
496 151
497 152
498 153
499 154
500 154
501 155
502 156
503 157
504 157
505 158
506 159
507 159
508 160
509 161
510 161
511 162
512 163
513 163
514 164
515 164
516 165
517 166
518 166
519 167
520 167
521 168
522 168
523 169
524 169
525 169
526 170
527 170
528 171
529 171
530 171
531 172
532 172
533 172
534 173
535 173
536 173
537 173
538 174
539 174
540 174
541 174
542 174
543 175
544 175
545 175
546 175
547 175
548 175
549 175
550 175
551 175
552 175
553 175
554 175
555 175
556 175
557 175
558 175
559 174
560 174
561 174
562 174
563 174
564 174
565 174
