19 12
20 13
21 14
21 15
22 16
22 17
23 18
24 19
24 20
25 21
26 22
26 23
27 24
27 25
28 26
29 27
29 28
30 29
31 30
31 31
32 32
33 33
33 34
34 35
35 36
36 37
36 38
37 39
38 40
38 41
39 42
40 43
41 44
42 45
42 46
43 47
44 48
45 49
46 50
47 51
48 52
49 53
50 54
51 55
52 56
53 57
54 58
55 59
56 59
57 60
58 61
59 62
60 63
61 63
62 64
63 65
64 66
65 67
66 67
67 68
68 69
69 69
70 70
71 71
72 72
73 72
74 73
75 74
76 74
77 75
78 76
79 76
80 77
81 78
82 78
83 79
84 80
85 81
86 81
87 82
88 83
89 83
90 84
91 85
92 85
93 86
94 87
95 87
96 88
97 89
98 89
99 90
100 91
101 91
102 92
103 93
104 93
105 94
106 94
107 95
108 96
109 96
110 97
111 97
112 98
113 99
114 99
115 100
116 100
117 101
118 102
119 102
120 103
121 103
122 104
123 104
124 105
125 105
126 106
127 106
128 107
129 107
130 108
131 108
132 109
133 109
134 110
135 110
136 111
137 111
138 112
139 112
140 112
141 113
142 113
143 114
144 114
145 115
146 115
147 116
148 116
149 116
150 117
151 117
152 118
153 118
154 118
155 119
156 119
157 120
158 120
159 120
160 121
161 121
162 121
163 122
164 122
165 122
166 123
167 123
168 123
169 123
170 124
171 124
172 124
173 124
174 124
175 124
176 125
177 125
178 125
179 125
180 124
181 124
182 124
183 124
184 124
185 124
186 124
187 123
188 123
189 123
190 123
191 122
192 122
193 122
194 121
195 121
196 121
197 120
198 120
199 120
200 119
201 119
202 119
203 118
204 118
205 118
206 117
207 117
208 117
209 117
210 116
211 116
212 116
213 116
214 116
215 116
216 116
217 116
218 116
219 116
220 116
221 116
222 116
223 116
224 116
225 116
226 116
227 117
228 117
229 117
230 118
231 118
232 118
233 119
234 119
235 120
236 120
237 121
238 122
239 122
240 123
241 124
242 124
243 125
244 126
245 127
246 128
247 128
248 129
249 130
250 131
251 132
252 133
253 134
254 135
255 136
256 137
257 138
258 139
258 140
259 141
260 142
261 143
262 144
263 145
264 146
264 147
265 148
266 149
267 150
268 151
268 152
269 153
270 154
271 155
271 156
272 157
273 158
274 159
274 160
275 161
276 162
277 163
278 164
279 165
280 166
281 167
282 168
283 169
284 170
285 171
286 172
287 173
288 174
289 174
290 175
291 175
292 176
293 176
294 177
295 177
296 177
297 177
298 178
299 178
300 178
301 178
302 178
303 178
304 178
305 178
306 177
307 177
308 177
309 177
310 176
311 176
312 176
313 175
314 175
315 174
316 174
317 173
318 173
319 172
320 172
321 171
322 171
323 170
324 169
325 169
326 168
327 167
328 167
329 166
330 165
331 165
332 164
333 163
334 162
335 161
336 161
337 160
338 159
339 158
340 157
341 157
342 156
343 155
344 154
345 153
346 152
347 151
348 150
349 149
350 148
351 148
352 147
353 146
354 145
355 144
356 143
357 142
358 141
359 140
360 139
361 138
362 137
363 136
364 135
365 134
366 133
367 132
368 131
369 131
370 130
371 129
372 128
373 127
374 126
375 126
376 125
377 124
378 124
379 123
380 122
381 122
382 121
383 121
384 120
385 120
386 119
387 119
388 119
389 118
390 118
391 118
392 117
393 117
394 117
395 117
396 117
397 116
398 116
399 116
400 116
401 116
402 116
403 116
404 116
405 116
406 116
407 116
408 116
409 116
410 117
411 117
412 117
413 118
414 118
415 118
416 119
417 120
418 120
419 121
420 121
421 122
422 123
423 124
424 124
425 125
426 126
427 127
428 128
429 128
430 129
431 130
432 131
433 132
434 133
435 134
436 135
437 135
438 136
439 137
440 138
441 139
442 140
443 141
444 142
445 142
446 143
447 144
448 145
449 146
450 146
451 147
452 148
453 149
454 150
455 150
456 151
457 152
458 153
459 153
460 154
461 155
462 156
463 156
464 157
465 158
466 159
467 160
468 160
469 161
470 162
471 163
472 163
473 164
474 165
475 166
476 167
477 168
478 169
479 170
480 170
481 171
482 172
483 173
484 174
485 175
486 176
487 177
488 178
489 179
489 180
490 181
491 182
492 183
493 184
494 185
495 186
496 187
497 188
498 189
499 190
499 191
500 192
501 193
502 194
503 195
504 196
505 197
506 198
507 199
508 200
509 201
509 202
510 203
511 204
512 205
513 206
514 207
515 208
516 209
517 210
518 210
519 211
520 212
521 213
522 214
523 215
524 215
525 216
526 217
527 218
528 218
529 219
530 219
531 220
532 221
533 221
534 221
535 222
536 222
537 222
538 223
539 223
540 223
541 223
542 223
543 224
544 224
545 224
546 224
547 224
548 223
549 223
550 223
551 223
552 223
553 222
554 222
555 222
556 222
557 221
558 221
559 221
560 220
561 220
562 220
563 219
564 219
565 218
566 218
567 218
568 217
569 217
570 216
571 216
572 216
573 215
574 215
575 214
576 214
577 214
578 213
579 213
580 213
581 212
582 212
583 212
584 212
585 211
586 211
587 211
588 211
589 211
590 211
591 211
592 210
593 210
594 210
595 210
596 210
597 210
598 210
599 210
600 210
601 210
602 210
603 210
604 210
605 210
606 210
607 210
608 210
609 210
610 210
611 210
612 210
613 210
614 210
615 210
616 210
617 210
618 210
619 210
620 210
621 210
622 210
623 210
624 210
625 210
626 210
627 210
628 210
629 210
630 210
631 210
632 210
633 210
634 210
635 210
636 210
637 210
638 210
639 210
640 210
641 210
642 210
643 211
644 211
645 211
646 211
647 211
648 211
649 211
650 211
651 211
652 212
653 212
654 212
655 212
656 212
657 213
658 213
659 213
660 213
661 213
662 214
663 214
664 214
665 215
666 215
667 215
668 216
669 216
670 216
671 217
672 217
673 218
674 218
675 219
676 219
677 220
678 220
679 221
680 221
681 222
682 223
683 223
684 224
685 224
686 225
687 225
688 226
689 226
690 227
691 228
692 228
693 229
694 229
695 230
696 230
697 231
698 231
699 232
700 232
701 233
702 233
703 234
704 234
705 235
706 235
707 235
708 236
709 236
710 237
711 237
712 237
713 238
714 238
715 238
716 239
717 239
718 239
719 239
720 240
721 240
722 240
723 240
724 240
725 241
726 241
727 241
728 241
729 241
730 241
731 241
732 241
733 241
734 241
735 241
736 241
737 241
738 241
739 240
740 240
741 240
742 240
743 240
744 239
745 239
746 239
747 239
748 238
749 238
750 237
751 237
752 237
753 236
754 236
755 236
756 235
757 235
758 234
759 234
760 233
761 233
762 232
763 232
