46 75
46 76
46 77
46 78
47 79
47 80
47 81
48 82
48 83
48 84
48 85
49 86
49 87
49 88
50 89
50 90
50 91
50 92
51 93
51 94
51 95
52 96
52 97
52 98
53 99
53 100
53 101
53 102
54 103
54 104
54 105
55 106
55 107
55 108
56 109
56 110
56 111
57 112
57 113
57 114
58 115
58 116
58 117
59 118
59 119
59 120
60 121
60 122
61 123
61 124
61 125
62 126
62 127
63 128
63 129
63 130
64 131
64 132
65 133
65 134
66 135
66 136
67 137
67 138
68 139
68 140
69 141
70 142
70 143
71 144
72 145
72 146
73 147
74 148
75 149
76 150
77 151
78 152
79 153
80 153
81 154
82 155
83 155
84 155
85 156
86 156
87 156
88 156
89 155
90 155
91 155
92 154
93 153
94 153
95 152
96 151
97 150
98 149
99 148
100 147
101 146
102 145
103 144
104 143
104 142
105 141
106 140
107 139
108 138
108 137
109 136
110 135
110 134
111 133
112 132
113 131
113 130
114 129
115 128
116 127
117 126
117 125
118 124
119 123
120 122
121 121
122 120
123 119
124 119
125 118
126 118
127 117
128 117
129 117
130 116
131 116
132 116
133 117
134 117
135 117
136 117
137 118
138 118
139 119
140 120
141 120
142 121
143 122
144 122
145 123
146 124
147 125
148 125
149 126
150 127
151 127
152 128
153 129
154 129
155 130
156 130
157 131
158 131
159 132
160 132
161 132
162 133
163 133
164 133
165 133
166 133
167 133
168 133
169 133
170 133
171 133
172 133
173 133
174 133
175 132
176 132
177 132
178 132
179 131
180 131
181 131
182 130
183 130
184 130
185 129
186 129
187 128
188 128
189 127
190 127
191 126
192 126
193 125
194 124
195 124
196 123
197 123
198 122
199 121
200 121
201 120
202 119
203 118
204 118
205 117
206 116
207 115
208 114
209 113
210 113
211 112
212 111
213 110
214 109
215 108
216 107
217 106
218 106
219 105
220 104
221 103
222 102
223 101
224 100
225 100
226 99
227 98
228 97
229 97
230 96
231 95
232 95
233 94
234 94
235 93
236 93
237 92
238 92
239 91
240 91
241 90
242 90
243 90
244 89
245 89
246 89
247 89
248 89
249 88
250 88
251 88
252 88
253 88
254 88
255 88
256 88
257 88
258 89
259 89
260 89
261 89
262 90
263 90
264 90
265 91
266 91
267 92
268 92
269 93
270 93
271 94
272 95
273 95
274 96
275 97
276 98
277 99
278 100
279 101
280 102
281 103
282 104
283 105
284 106
284 107
285 108
286 109
287 110
287 111
288 112
289 113
289 114
290 115
291 116
291 117
292 118
293 119
293 120
294 121
295 122
295 123
296 124
296 125
297 126
298 127
298 128
299 129
300 130
300 131
301 132
301 133
302 134
303 135
303 136
304 137
305 138
305 139
306 140
307 141
307 142
308 143
309 144
309 145
310 146
311 147
311 148
312 149
313 150
314 151
314 152
315 153
316 154
317 155
317 156
318 157
319 158
320 159
321 160
321 161
322 162
323 163
324 164
325 165
325 166
326 167
327 168
328 169
329 170
330 171
331 172
332 173
332 174
333 175
334 176
335 177
336 178
337 179
338 180
339 181
340 182
341 183
342 184
343 185
344 186
345 187
346 188
347 189
348 190
349 191
350 192
351 193
352 194
353 195
354 196
355 197
356 197
357 198
358 199
359 200
360 201
361 202
362 203
363 203
364 204
365 205
366 206
367 207
368 207
369 208
370 209
371 210
372 210
373 211
374 212
375 212
376 213
377 214
378 214
379 215
380 215
381 216
382 216
383 217
384 217
385 218
386 218
387 219
388 219
389 220
390 220
391 221
392 221
393 221
394 222
395 222
396 222
397 222
398 223
399 223
400 223
401 223
402 224
403 224
404 224
405 224
406 224
407 224
408 224
409 224
410 224
411 224
412 224
413 224
414 224
415 224
416 224
417 224
418 224
419 224
420 224
421 224
422 224
423 223
424 223
425 223
426 223
427 222
428 222
429 222
430 222
431 221
432 221
433 221
434 220
435 220
436 220
437 219
438 219
439 219
440 218
441 218
442 217
443 217
444 216
445 216
446 215
447 215
448 215
449 214
450 214
451 213
452 213
453 212
454 212
455 211
456 210
457 210
458 209
459 209
460 208
461 208
462 207
463 207
464 206
465 206
466 205
467 204
468 204
469 203
470 203
471 202
472 202
