17 4
18 4
19 5
20 6
21 7
22 8
23 9
24 10
25 11
26 12
27 13
28 13
29 14
30 15
31 16
32 17
33 18
34 19
35 20
36 21
37 22
38 23
39 24
40 25
41 26
42 27
43 28
44 29
45 30
46 31
47 32
48 33
49 34
50 34
51 35
52 36
53 37
54 38
55 39
55 40
56 41
57 42
58 43
59 44
60 45
61 46
62 47
63 48
64 49
65 50
66 51
67 52
68 53
69 54
70 55
71 56
72 57
73 58
74 59
75 60
76 61
77 62
77 63
78 64
79 65
80 66
81 67
82 68
83 69
84 70
85 71
86 72
87 73
88 74
88 75
89 76
90 77
91 78
92 79
93 80
94 81
95 82
96 83
97 84
97 85
98 86
99 87
100 88
101 89
102 90
103 91
104 92
105 93
106 94
107 95
107 96
108 97
109 98
110 99
111 100
112 101
113 101
114 102
115 103
116 104
117 105
118 106
119 107
120 108
121 108
122 109
123 110
124 110
125 111
126 112
127 112
128 113
129 114
130 114
131 115
132 115
133 116
134 116
135 116
136 117
137 117
138 118
139 118
140 118
141 118
142 119
143 119
144 119
145 119
146 120
147 120
148 120
149 120
150 120
151 120
152 120
153 120
154 120
155 120
156 120
157 120
158 120
159 120
160 120
161 120
162 120
163 120
164 120
165 120
166 120
167 120
168 120
169 119
170 119
171 119
172 119
173 119
174 119
175 119
176 119
177 119
178 119
179 119
180 118
181 118
182 118
183 118
184 118
185 118
186 117
187 117
188 117
189 117
190 116
191 116
192 116
193 116
194 115
195 115
196 115
197 114
198 114
199 114
200 113
201 113
202 112
203 112
204 112
205 111
206 111
207 110
208 110
209 109
210 109
211 108
212 108
213 107
214 107
215 106
216 106
217 105
218 104
219 104
220 103
221 103
222 102
223 102
224 101
225 101
226 100
227 100
228 100
229 99
230 99
231 98
232 98
233 97
234 97
235 97
236 96
237 96
238 96
239 95
240 95
241 95
242 94
243 94
244 94
245 94
246 93
247 93
248 93
249 93
250 93
251 93
252 92
253 92
254 92
255 92
256 92
257 92
258 92
259 92
260 92
261 92
262 92
263 92
264 92
265 93
266 93
267 93
268 93
269 93
270 94
271 94
272 94
273 94
274 95
275 95
276 96
277 96
278 97
279 97
280 98
281 98
282 99
283 99
284 100
285 101
286 101
287 102
288 103
289 103
290 104
291 105
292 106
293 107
294 108
295 109
296 109
297 110
298 111
299 112
300 113
300 114
301 115
302 116
303 117
304 118
305 119
306 120
307 121
307 122
308 123
309 124
310 125
310 126
311 127
312 128
313 129
314 130
314 131
315 132
316 133
317 134
317 135
318 136
319 137
320 138
320 139
321 140
322 141
323 142
323 143
324 144
325 145
326 146
326 147
327 148
328 149
329 150
330 151
330 152
331 153
332 154
333 155
334 156
335 157
336 158
337 159
338 160
339 161
340 162
341 163
342 164
343 165
344 166
345 167
346 168
347 168
348 169
349 170
350 171
351 171
352 172
353 173
354 173
355 174
356 174
357 175
358 175
359 176
360 176
361 176
362 177
363 177
364 177
365 178
366 178
367 178
368 178
369 178
370 179
371 179
372 179
373 179
374 179
375 179
376 179
377 179
378 179
379 179
380 179
381 179
382 179
383 178
384 178
385 178
386 178
387 178
388 177
389 177
390 177
391 177
392 176
393 176
394 176
395 176
396 175
397 175
398 174
399 174
400 174
401 173
402 173
403 172
404 172
405 172
406 171
407 171
408 170
409 170
410 169
411 169
412 168
413 168
414 167
415 166
416 166
417 165
418 165
419 164
420 164
421 163
422 162
423 162
424 161
425 160
426 160
427 159
428 159
429 158
430 157
431 156
432 156
433 155
434 154
435 154
436 153
437 152
438 151
439 151
440 150
441 149
442 148
443 147
444 147
445 146
446 145
447 144
448 143
449 143
450 142
451 141
452 140
453 139
454 138
455 137
456 136
457 135
458 134
459 134
460 133
461 132
462 131
463 130
464 129
465 128
466 127
467 126
468 125
469 124
470 123
471 122
472 121
473 120
474 119
475 118
476 117
477 116
478 115
479 114
479 113
480 112
481 111
482 110
483 109
484 108
485 107
486 106
487 105
488 104
489 104
490 103
491 102
492 101
493 100
494 99
495 99
496 98
497 97
498 96
499 96
500 95
501 95
502 94
503 94
504 93
505 93
506 92
507 92
508 92
509 91
510 91
511 91
512 91
513 91
514 90
515 90
516 90
517 90
518 90
519 90
520 90
521 90
522 90
523 90
524 90
525 90
526 90
527 90
528 91
529 91
530 91
531 91
532 91
533 91
534 92
535 92
536 92
537 92
538 93
539 93
540 93
541 93
542 94
543 94
544 94
545 95
546 95
547 95
548 96
549 96
550 97
551 97
552 97
553 98
554 98
555 99
556 99
557 99
558 100
559 100
560 101
561 101
562 102
563 102
564 103
565 103
566 104
567 104
568 105
569 105
570 106
571 106
572 107
573 107
574 108
575 108
576 109
577 109
578 110
579 110
580 111
581 112
582 112
583 113
584 113
585 114
586 114
587 115
588 116
589 116
590 117
591 117
592 118
593 119
594 119
595 120
596 120
597 121
598 122
599 122
600 123
601 123
602 124
603 125
604 125
605 126
606 127
607 127
608 128
609 129
610 129
611 130
612 130
613 131
614 132
615 132
616 133
617 134
618 134
619 135
620 136
621 136
622 137
623 138
624 139
625 139
626 140
627 140
628 141
629 142
630 143
631 143
632 144
633 145
634 145
635 146
636 147
637 147
638 148
639 149
640 150
641 150
642 151
643 152
644 152
645 153
646 154
647 155
648 155
649 156
650 157
651 157
652 158
653 159
654 159
655 160
656 161
657 161
658 162
659 163
660 163
661 164
662 165
663 165
664 166
665 166
666 167
667 167
668 168
669 168
670 169
671 169
672 170
673 170
674 170
675 171
676 171
677 171
678 172
679 172
680 172
681 173
682 173
683 173
684 173
685 173
686 173
687 174
688 174
689 174
690 174
691 174
692 174
693 174
694 174
695 174
696 174
697 174
698 173
699 173
700 173
701 173
702 173
703 173
704 172
705 172
706 172
707 172
708 171
709 171
710 171
711 170
712 170
713 170
714 169
715 169
716 168
717 168
718 168
719 167
720 167
721 166
722 166
723 165
724 165
725 164
726 164
727 163
728 163
729 162
730 162
731 161
732 161
733 160
734 160
735 159
736 159
737 158
738 158
739 157
740 157
741 156
742 156
743 155
744 155
745 154
746 154
747 153
748 153
749 152
750 152
751 151
752 151
753 150
754 150
755 149
756 148
757 148
758 147
759 146
760 146
761 145
762 144
763 143
764 142
765 142
766 141
767 140
768 139
769 138
770 137
771 136
772 135
773 134
774 134
775 133
776 132
777 131
778 130
779 130
780 129
781 128
782 127
783 127
784 126
785 126
786 125
787 125
788 124
789 124
790 123
791 123
792 122
793 122
794 121
795 121
796 121
797 120
798 120
799 119
800 119
801 119
802 118
803 118
804 118
805 118
806 117
807 117
808 117
809 116
810 116
811 116
812 116
813 115
814 115
815 115
816 115
817 114
818 114
819 114
820 114
821 113
822 113
823 113
824 113
825 112
826 112
827 112
828 112
829 112
830 111
831 111
