37 87
38 88
38 89
38 90
39 91
39 92
40 93
40 94
41 95
41 96
42 97
42 98
43 99
43 100
44 101
44 102
45 103
46 104
46 105
47 106
47 107
48 108
49 109
50 110
50 111
51 112
52 113
53 114
54 115
55 115
56 116
57 117
58 117
59 118
60 118
61 118
62 118
63 118
64 118
65 118
66 118
67 118
68 118
69 118
70 117
71 117
72 117
73 116
74 116
75 115
76 115
77 114
78 114
79 114
80 113
81 112
82 112
83 111
84 111
85 110
86 110
87 109
88 109
89 108
90 108
91 107
92 107
93 106
94 106
95 105
96 105
97 104
98 104
99 104
100 103
101 103
102 103
103 103
104 102
105 102
106 102
107 102
108 102
109 102
110 102
111 102
112 102
113 102
114 102
115 102
116 103
117 103
118 103
119 103
120 103
121 104
122 104
123 104
124 105
125 105
126 105
127 105
128 106
129 106
130 106
131 106
132 106
133 107
134 107
135 107
136 107
137 107
138 107
139 107
140 106
141 106
142 106
143 105
144 105
145 104
146 104
147 103
148 102
149 101
150 100
151 99
152 98
153 97
154 96
155 95
156 94
157 93
158 92
159 91
160 90
161 89
162 88
163 87
164 86
165 85
166 84
167 83
168 83
169 82
170 81
171 81
172 80
173 80
174 79
175 79
176 78
177 78
178 78
179 77
180 77
181 77
182 77
183 77
184 77
185 77
186 77
187 77
188 77
189 77
190 78
191 78
192 78
193 78
194 79
195 79
196 80
197 80
198 81
199 81
200 82
201 82
202 83
203 83
204 84
205 85
206 85
207 86
208 87
209 88
210 88
211 89
212 90
213 91
214 92
215 93
216 94
217 95
218 95
219 96
219 97
220 98
221 99
222 100
223 101
224 102
225 103
226 104
227 105
228 106
228 107
229 108
230 109
231 110
232 111
232 112
233 113
234 114
235 115
235 116
236 117
237 118
238 119
238 120
239 121
240 122
241 123
241 124
242 125
243 126
243 127
244 128
245 129
245 130
246 131
247 132
247 133
248 134
249 135
249 136
250 137
251 138
251 139
252 140
253 141
253 142
254 143
255 144
256 145
256 146
257 147
258 148
258 149
259 150
260 151
261 152
262 153
263 154
264 155
265 156
266 157
267 157
268 158
269 158
270 158
271 158
272 158
273 157
274 157
275 156
276 155
277 155
278 154
279 153
280 152
281 151
282 150
282 149
283 148
284 147
285 146
286 145
286 144
287 143
288 142
289 141
289 140
290 139
291 138
291 137
292 136
293 135
