12 74
13 75
13 76
14 77
14 78
14 79
15 80
15 81
16 82
16 83
16 84
17 85
17 86
18 87
18 88
19 89
19 90
20 91
20 92
20 93
21 94
22 95
22 96
23 97
23 98
24 99
24 100
25 101
26 102
27 103
28 104
29 105
30 106
31 107
32 108
33 108
34 109
35 109
36 109
37 109
38 109
39 109
40 109
41 109
42 109
43 108
44 108
45 108
46 107
47 107
48 106
49 106
50 106
51 105
52 105
53 104
54 104
55 103
56 103
57 102
58 102
59 101
60 101
61 100
62 100
63 100
64 99
65 99
66 98
67 98
68 97
69 97
70 96
71 96
72 96
73 95
74 95
75 94
76 94
77 94
78 93
79 93
80 93
81 93
82 92
83 92
84 92
85 92
86 91
87 91
88 91
89 91
90 91
91 91
92 91
93 91
94 91
95 91
96 91
97 91
98 91
99 91
100 91
101 92
102 92
103 92
104 92
105 93
106 93
107 94
108 94
109 94
110 95
111 96
112 96
113 97
114 97
115 98
116 99
117 99
118 100
119 101
120 102
121 103
122 104
123 105
124 106
125 107
126 108
127 109
128 110
129 111
130 112
130 113
131 114
132 115
133 116
133 117
134 118
135 119
136 120
136 121
137 122
138 123
139 124
139 125
140 126
141 127
142 128
142 129
143 130
144 131
144 132
145 133
146 134
146 135
147 136
148 137
149 138
149 139
150 140
151 141
152 142
152 143
153 144
154 145
155 146
155 147
156 148
157 149
158 150
159 151
160 152
161 153
162 154
163 155
164 156
165 156
166 157
167 158
168 158
169 159
170 160
171 160
172 161
173 161
174 161
175 162
176 162
177 162
178 163
179 163
180 163
181 163
182 164
183 164
184 164
185 164
186 164
187 165
188 165
189 165
190 165
191 165
192 165
193 165
194 166
195 166
196 166
197 166
198 166
199 166
200 166
201 167
202 167
203 167
204 167
205 167
206 168
207 168
208 168
209 168
210 168
211 169
212 169
213 169
214 169
215 170
216 170
217 170
218 170
219 171
220 171
221 171
222 171
223 172
224 172
225 172
226 173
227 173
228 173
229 173
230 174
231 174
232 174
233 175
234 175
235 175
236 175
237 176
238 176
239 176
240 176
241 176
242 177
243 177
244 177
245 177
246 177
247 177
248 177
249 177
250 177
251 177
252 177
253 177
254 177
255 177
256 177
257 177
258 177
259 176
260 176
261 176
262 176
263 175
264 175
265 175
266 174
267 174
268 173
269 173
270 172
271 172
272 171
273 171
274 170
275 170
276 169
277 169
278 168
279 167
280 167
281 166
282 165
283 165
284 164
285 163
286 163
287 162
288 161
289 161
290 160
291 159
292 159
293 158
294 157
295 157
296 156
297 155
298 154
299 154
300 153
301 152
302 152
303 151
304 150
305 149
306 149
307 148
308 147
309 147
310 146
311 145
312 145
313 144
314 143
315 143
316 142
317 141
318 141
319 140
320 139
321 139
322 138
323 138
324 137
325 136
326 136
327 135
328 135
329 134
330 134
331 133
332 133
333 132
334 132
335 131
336 131
337 130
338 130
339 129
340 129
341 128
342 128
343 128
344 127
345 127
346 126
347 126
348 125
349 125
350 125
351 124
352 124
353 124
354 123
355 123
356 122
357 122
358 122
359 121
360 121
361 121
362 120
363 120
364 119
365 119
366 119
367 118
368 118
369 118
370 117
371 117
372 117
373 116
374 116
375 116
376 116
377 115
378 115
379 115
380 115
381 114
382 114
383 114
384 114
385 114
386 113
387 113
388 113
389 113
390 113
391 113
392 113
393 113
394 113
395 113
396 113
397 113
398 113
399 113
400 114
401 114
402 114
403 114
404 114
405 114
406 115
407 115
408 115
409 115
410 115
411 116
412 116
413 116
414 116
415 116
416 116
417 116
418 116
419 116
420 116
421 115
422 115
423 115
424 115
425 114
426 114
427 114
428 113
429 113
430 112
431 112
432 111
433 111
434 111
435 110
