13 109
13 110
14 111
14 112
15 113
15 114
16 115
16 116
17 117
17 118
18 119
19 120
19 121
20 122
20 123
21 124
22 125
23 126
23 127
24 128
25 129
26 130
27 131
28 132
29 132
30 133
31 133
32 133
33 133
34 133
35 133
36 133
37 133
38 133
39 132
40 132
41 132
42 131
43 131
44 130
45 130
46 129
47 129
48 129
49 128
50 128
51 127
52 127
53 126
54 126
55 126
56 125
57 125
58 125
59 124
60 124
61 124
62 123
63 123
64 123
65 122
66 122
67 122
68 121
69 121
70 121
71 121
72 120
73 120
74 120
75 120
76 119
77 119
78 119
79 119
80 118
81 118
82 118
83 118
84 118
85 117
86 117
87 117
88 117
89 117
90 117
91 117
92 117
93 116
94 116
95 116
96 116
97 116
98 116
99 117
100 117
101 117
102 117
103 117
104 117
105 117
106 118
107 118
108 118
109 118
110 119
111 119
112 119
113 120
114 120
115 120
116 121
117 121
118 122
119 122
120 123
121 123
122 124
123 125
124 125
125 126
126 126
127 127
128 128
129 128
130 129
131 130
132 130
133 131
134 132
135 133
136 133
137 134
138 135
139 136
140 137
141 138
142 138
143 139
144 140
145 141
146 142
147 143
148 144
149 145
150 146
151 147
152 148
153 149
154 150
155 150
156 151
157 152
158 153
159 154
160 155
161 156
162 157
163 158
164 159
165 160
166 161
167 162
168 163
169 164
170 165
171 166
172 167
173 168
174 169
174 170
