31 17
32 18
33 19
33 20
34 21
34 22
34 23
35 24
35 25
36 26
36 27
37 28
37 29
38 30
38 31
39 32
39 33
39 34
40 35
40 36
41 37
41 38
42 39
42 40
43 41
43 42
44 43
44 44
44 45
45 46
45 47
46 48
46 49
47 50
47 51
48 52
48 53
48 54
49 55
49 56
50 57
50 58
51 59
51 60
52 61
52 62
53 63
53 64
54 65
54 66
55 67
55 68
55 69
56 70
56 71
57 72
57 73
58 74
58 75
59 76
59 77
60 78
60 79
61 80
61 81
62 82
62 83
63 84
63 85
64 86
64 87
65 88
65 89
66 90
66 91
67 92
67 93
68 94
68 95
69 96
69 97
70 98
70 99
71 100
72 101
72 102
73 103
73 104
74 105
74 106
75 107
76 108
76 109
77 110
78 111
78 112
79 113
80 114
80 115
81 116
82 117
83 118
84 119
85 120
86 121
87 122
88 123
89 124
90 125
91 125
92 126
93 126
94 126
95 127
96 127
97 127
98 127
99 128
100 128
101 128
102 128
103 128
104 129
105 129
106 129
107 128
108 128
109 128
110 128
111 127
112 127
113 126
114 125
115 124
116 124
117 123
118 122
119 121
120 120
120 119
121 118
122 117
123 116
124 115
125 114
125 113
126 112
127 111
128 110
129 109
129 108
130 107
131 106
132 105
133 104
133 103
134 102
135 101
136 100
137 99
138 98
139 97
140 96
141 95
142 94
143 93
144 92
145 91
146 90
147 89
148 89
149 88
150 87
151 87
152 86
153 85
154 85
155 84
156 84
157 83
158 83
159 83
160 82
161 82
162 82
163 82
164 82
165 82
166 82
167 82
168 82
169 82
170 83
171 83
172 84
173 84
174 85
175 85
176 86
177 87
178 87
179 88
180 89
181 90
182 91
183 92
184 93
184 94
185 95
186 96
187 97
188 98
189 99
189 100
190 101
191 102
192 103
193 104
194 105
195 106
195 107
196 108
197 109
198 110
199 111
200 112
201 113
202 114
203 114
204 115
205 116
206 117
207 117
208 118
209 118
210 119
211 119
212 120
213 120
214 120
215 121
216 121
217 121
218 121
219 122
220 122
221 122
222 122
223 122
224 122
225 122
226 121
227 121
228 121
229 121
230 121
231 120
232 120
233 120
234 120
235 120
236 120
237 119
238 119
239 119
240 119
241 119
242 119
243 119
244 119
245 120
246 120
247 120
248 120
249 121
250 121
251 121
252 122
253 122
254 123
255 124
256 124
257 125
258 125
259 126
260 127
261 128
262 128
263 129
264 130
265 131
266 132
267 133
268 133
269 134
270 135
271 136
272 137
273 138
274 139
275 140
276 141
277 142
278 143
279 144
280 145
281 146
282 147
283 148
284 149
285 150
286 151
287 152
288 152
289 153
290 154
291 155
292 156
293 157
294 158
295 159
296 159
297 160
298 161
299 162
300 162
301 163
302 163
303 164
304 165
305 165
306 166
307 166
308 166
309 167
310 167
311 167
312 167
313 168
314 168
315 168
316 168
317 168
318 168
319 168
320 168
321 168
322 168
323 168
324 168
325 168
326 168
327 168
328 167
329 167
330 167
331 167
332 166
333 166
334 166
335 165
336 165
337 165
338 164
339 164
340 164
341 163
342 163
343 162
344 162
345 162
346 161
347 161
348 160
349 160
350 159
351 159
352 159
353 158
354 158
355 157
356 157
357 156
358 156
359 156
360 155
361 155
362 155
363 154
364 154
365 153
366 153
367 153
368 152
369 152
370 152
371 151
372 151
373 150
374 150
375 150
376 149
377 149
378 148
379 148
380 147
381 147
382 146
383 146
384 145
385 145
386 144
387 144
388 143
389 142
390 142
391 141
392 141
393 141
394 140
395 140
396 140
397 140
398 140
399 140
400 140
401 140
402 141
403 141
404 142
405 143
406 144
407 145
408 146
408 147
409 148
410 149
410 150
411 151
411 152
412 153
412 154
413 155
413 156
414 157
414 158
415 159
415 160
415 161
416 162
416 163
417 164
417 165
417 166
418 167
418 168
419 169
419 170
419 171
420 172
420 173
420 174
421 175
421 176
421 177
422 178
422 179
423 180
423 181
423 182
