27 43
28 43
29 44
30 45
31 45
32 46
33 47
34 48
35 48
36 49
37 50
38 50
39 51
40 52
41 52
42 53
43 53
44 53
45 54
46 54
47 54
48 55
49 55
50 55
51 55
52 55
53 56
54 56
55 56
56 56
57 56
58 57
59 57
60 57
61 57
62 57
63 57
64 58
65 58
66 58
67 59
68 59
69 60
70 60
71 61
72 61
73 62
74 63
75 64
76 65
77 66
78 67
79 68
80 69
81 70
82 71
83 72
84 72
85 73
86 74
87 75
88 75
89 76
90 77
91 77
92 78
93 78
94 79
95 79
96 80
97 80
98 81
99 81
100 82
101 82
102 83
103 83
104 84
105 84
106 85
107 85
108 85
109 86
110 86
111 87
112 87
113 87
114 88
115 88
116 88
117 89
118 89
119 89
120 90
121 90
122 90
123 91
124 91
125 91
126 91
127 92
128 92
129 92
130 92
131 92
132 93
133 93
134 93
135 93
136 93
137 93
138 94
139 94
140 94
141 94
142 94
143 94
144 94
145 94
146 93
147 93
148 93
149 92
150 92
151 91
152 91
153 90
154 89
155 89
156 88
157 88
158 87
159 87
160 87
161 87
162 87
163 87
164 87
165 87
166 88
167 88
168 89
169 89
170 90
171 91
172 92
173 92
174 93
175 94
176 95
177 96
178 97
179 98
180 98
181 99
182 100
183 101
184 102
185 102
186 103
187 104
188 105
189 105
190 106
191 106
192 107
193 108
194 108
195 109
196 109
197 110
198 110
199 110
200 111
201 111
202 111
203 112
204 112
205 112
206 112
207 113
208 113
209 113
210 113
211 113
212 114
213 114
214 114
215 114
216 114
217 115
218 115
219 115
220 115
221 116
222 116
223 116
224 117
225 117
226 117
227 118
228 118
229 118
230 119
231 119
232 119
233 120
234 120
235 120
236 121
237 121
