23 38
24 38
25 38
26 38
27 38
28 37
29 37
30 37
31 37
32 37
33 37
34 36
35 36
36 36
37 36
38 36
39 36
40 36
41 36
42 36
43 36
44 36
45 36
46 36
47 36
48 36
49 36
50 37
51 37
52 37
53 37
54 37
55 38
56 38
57 38
58 39
59 39
60 40
61 40
62 41
63 41
64 42
65 42
66 43
67 44
68 45
69 46
70 47
71 48
72 49
73 50
74 51
75 52
75 53
76 54
77 55
78 56
78 57
79 58
80 59
80 60
81 61
81 62
82 63
83 64
83 65
84 66
85 67
85 68
86 69
86 70
87 71
88 72
88 73
89 74
89 75
90 76
91 77
91 78
92 79
92 80
93 81
94 82
94 83
95 84
95 85
96 86
97 87
97 88
98 89
99 90
99 91
100 92
101 93
102 94
102 95
103 96
104 97
104 98
105 99
106 100
107 101
107 102
108 103
109 104
110 105
111 106
111 107
112 108
113 109
114 110
115 111
116 112
116 113
117 114
118 115
119 116
120 117
121 118
122 119
123 120
124 121
125 122
126 123
127 124
128 125
129 126
130 127
131 128
132 129
133 130
134 130
135 131
136 132
137 133
138 133
139 134
140 134
141 135
142 136
143 136
144 137
145 137
146 137
147 138
148 138
149 139
150 139
151 139
152 139
153 139
154 139
155 139
156 139
157 139
158 139
159 138
160 138
161 138
162 137
163 137
164 136
165 135
166 135
167 134
168 133
169 132
170 131
171 130
172 129
173 128
174 127
174 126
175 125
176 124
177 123
178 122
