9 49
10 48
11 48
12 48
13 48
14 48
15 48
16 48
17 47
18 47
19 47
20 47
21 47
22 47
23 47
24 47
25 47
26 46
27 46
28 46
29 46
30 46
31 46
32 46
33 46
34 46
35 46
36 46
37 46
38 46
39 46
40 47
41 47
42 47
43 47
44 47
45 47
46 47
47 47
48 48
49 48
50 48
51 48
52 49
53 49
54 49
55 49
56 50
57 50
58 51
59 51
60 52
61 52
62 53
63 53
64 54
65 55
66 55
67 56
68 57
69 58
70 59
71 60
72 61
73 62
74 63
75 64
76 65
77 66
78 66
79 67
80 68
81 69
82 70
83 71
84 71
85 72
86 73
87 74
88 74
89 75
90 76
91 76
92 77
93 77
94 78
95 79
96 79
97 80
98 80
99 81
100 81
101 82
102 83
103 83
104 84
105 84
106 85
107 86
108 87
109 87
110 88
111 89
112 90
113 91
114 92
115 93
116 94
117 95
118 96
119 97
120 98
121 99
122 100
122 101
123 102
124 103
125 104
126 105
127 106
128 107
129 108
130 109
131 110
132 111
133 112
134 113
135 114
136 114
137 115
138 116
139 117
140 117
141 118
142 118
143 119
144 119
145 119
146 120
147 120
148 120
149 121
150 121
151 121
152 121
153 121
154 122
155 122
156 122
157 122
158 122
159 122
160 121
161 121
162 121
163 121
164 121
165 121
166 121
167 121
168 120
169 120
170 120
171 120
172 119
173 119
174 119
175 119
176 118
177 118
178 118
179 118
180 117
181 117
