7 39
8 39
9 40
10 40
11 41
12 42
13 42
14 43
15 43
16 43
17 43
18 43
19 43
20 43
21 43
22 43
23 42
24 42
25 41
26 41
27 40
28 39
29 39
30 38
31 37
32 37
33 36
34 35
35 34
36 34
37 33
38 32
39 32
40 31
41 31
42 30
43 30
44 29
45 29
46 29
47 29
48 29
49 29
50 29
51 29
52 29
53 29
54 30
55 30
56 30
57 31
58 31
59 32
60 32
61 33
62 33
63 34
64 35
65 36
66 37
67 37
68 38
69 39
70 40
71 41
72 42
73 43
74 44
74 45
75 46
76 47
77 48
78 49
79 50
80 51
81 52
82 53
83 53
84 54
85 55
86 56
87 56
88 57
89 57
90 58
91 58
92 58
93 58
94 58
95 58
96 58
97 58
98 58
99 57
100 57
101 57
102 57
103 57
104 57
105 57
106 57
107 57
108 56
109 56
110 56
111 56
112 56
113 56
114 57
115 57
116 57
117 57
118 57
119 57
120 57
121 58
122 58
123 58
124 58
125 59
126 59
127 59
128 59
129 59
130 59
131 60
132 60
133 60
134 60
135 60
136 60
137 60
138 60
139 60
140 60
141 60
142 60
143 59
144 59
145 59
146 59
147 58
148 58
149 57
150 56
151 56
152 55
153 54
154 53
155 52
156 52
157 51
158 50
159 49
160 49
161 48
162 48
163 47
164 47
165 46
166 46
167 46
168 45
169 45
170 45
171 45
172 45
173 45
174 45
175 45
176 45
177 45
178 45
179 45
180 45
181 45
182 45
183 45
184 45
185 46
186 46
187 46
188 46
189 47
190 47
191 47
192 47
193 48
194 48
195 48
196 48
197 48
198 49
199 49
200 49
201 49
202 49
203 49
204 49
205 49
206 49
207 49
208 49
209 49
210 49
211 49
212 49
213 48
214 48
215 48
216 48
217 48
218 48
219 48
220 48
221 48
222 48
223 48
224 48
225 48
226 48
227 47
228 47
229 47
230 47
231 47
232 47
233 47
234 47
235 47
236 47
237 47
238 47
239 47
240 47
241 46
242 46
243 46
244 46
245 46
246 45
247 45
248 45
249 45
250 45
251 45
252 44
253 44
254 44
255 44
