15 15
16 16
16 17
17 18
18 19
18 20
19 21
20 22
20 23
21 24
21 25
22 26
23 27
23 28
24 29
24 30
25 31
25 32
26 33
27 34
27 35
28 36
28 37
29 38
29 39
30 40
30 41
31 42
31 43
32 44
32 45
33 46
33 47
34 48
35 49
35 50
36 51
36 52
37 53
38 54
39 55
40 56
41 57
42 58
43 59
44 60
45 61
46 61
47 62
48 62
49 62
50 63
51 63
52 63
53 63
54 63
55 63
56 63
57 64
58 64
59 64
60 64
61 64
62 64
63 64
64 64
65 64
66 65
67 65
68 65
69 65
70 66
71 66
72 66
73 67
74 67
75 68
76 68
77 68
78 69
79 69
80 70
81 70
82 71
83 72
84 72
85 73
86 73
87 74
88 75
89 75
90 76
91 77
92 77
93 78
94 78
95 79
96 80
97 80
98 81
99 81
100 82
101 82
102 83
103 83
104 84
105 84
106 84
107 85
108 85
109 85
110 85
111 86
112 86
113 86
114 86
115 86
116 86
117 86
118 86
119 86
120 86
121 87
122 87
123 87
124 87
125 87
126 87
127 87
128 87
129 87
130 87
131 87
132 87
133 87
134 87
135 87
136 87
137 87
138 87
139 88
140 88
141 88
142 88
143 89
144 89
145 89
146 90
147 90
148 91
149 91
150 92
151 93
152 93
153 94
154 95
155 95
156 96
157 97
158 98
159 99
160 100
161 100
162 101
163 102
163 103
