5 42
6 43
7 44
7 45
8 46
8 47
9 48
9 49
10 50
10 51
11 52
11 53
12 54
12 55
13 56
13 57
14 58
15 59
15 60
16 61
17 62
17 63
18 64
19 65
19 66
20 67
21 68
22 69
23 70
24 71
25 72
26 73
27 74
28 75
29 76
30 77
31 77
32 78
33 79
34 79
35 80
36 81
37 81
38 82
39 82
40 83
41 83
42 83
43 84
44 84
45 85
46 85
47 85
48 86
49 86
50 86
51 86
52 87
53 87
54 87
55 87
56 88
57 88
58 88
59 88
60 88
61 88
62 88
63 88
64 88
65 88
66 88
67 88
68 88
69 88
70 87
71 87
72 87
73 87
74 86
75 86
76 85
77 85
78 84
79 84
80 83
81 83
82 82
83 82
84 81
85 81
86 80
87 80
88 79
89 78
90 78
91 77
92 77
93 76
94 76
95 75
96 75
97 75
98 74
99 74
100 73
101 73
102 73
103 72
104 72
105 72
106 72
107 71
108 71
109 71
110 71
111 71
112 71
113 71
114 71
115 71
116 71
117 71
118 71
119 71
120 72
121 72
122 72
123 72
124 72
125 73
126 73
127 73
128 73
129 74
130 74
131 74
132 75
133 75
134 75
135 76
136 76
137 77
138 77
139 77
140 78
141 78
142 78
143 79
144 79
145 80
146 80
147 80
148 81
149 81
150 82
151 82
152 82
153 83
154 83
155 83
156 84
157 84
158 85
159 85
160 85
161 85
162 86
163 86
164 86
165 87
166 87
167 87
168 87
169 88
170 88
171 88
172 88
173 88
174 88
175 88
176 89
177 89
178 89
179 89
180 89
181 89
182 89
183 89
184 89
185 89
186 89
187 89
188 89
189 89
190 89
191 89
192 89
193 89
194 89
195 89
196 89
197 89
198 89
199 89
200 89
201 89
202 90
203 90
204 90
205 90
206 90
207 90
208 90
209 90
210 90
211 90
212 90
213 90
214 90
215 90
216 90
217 90
218 91
219 91
220 91
221 91
222 92
223 92
224 93
225 93
226 94
227 95
228 96
229 96
230 97
231 98
232 98
233 99
234 99
235 99
236 100
237 100
238 101
239 101
240 101
241 102
242 102
243 103
244 103
245 104
246 105
247 105
248 106
249 107
250 108
251 108
252 109
253 110
254 111
255 111
256 112
257 113
258 113
259 114
260 115
261 115
262 116
263 117
264 117
265 118
266 118
267 119
268 120
269 120
270 120
271 121
272 121
273 122
274 122
275 123
276 123
277 123
278 123
279 124
280 124
281 124
282 124
283 124
284 124
285 124
286 124
287 124
288 123
289 123
290 123
291 122
292 122
293 121
294 121
295 120
296 120
297 119
298 119
299 118
300 117
301 117
302 116
303 116
304 115
305 115
306 114
307 114
308 113
309 113
310 112
311 112
312 112
313 111
314 111
315 110
316 110
317 110
