12 16
12 17
13 18
13 19
13 20
14 21
14 22
14 23
15 24
15 25
15 26
16 27
16 28
16 29
17 30
17 31
17 32
18 33
18 34
18 35
19 36
19 37
20 38
20 39
20 40
21 41
21 42
22 43
22 44
22 45
23 46
23 47
24 48
24 49
25 50
25 51
26 52
26 53
27 54
28 55
28 56
29 57
30 58
30 59
31 60
32 61
33 62
34 63
35 64
36 65
37 66
38 67
39 68
40 69
41 70
42 71
43 72
44 73
45 73
46 74
47 75
48 76
49 77
50 78
51 79
52 80
53 81
54 81
55 82
56 83
57 84
58 85
59 86
60 87
61 87
62 88
63 89
64 90
65 91
66 91
67 92
68 93
69 94
70 94
71 95
72 96
73 96
74 97
75 97
76 98
77 99
78 99
79 100
80 100
81 101
82 101
83 101
84 102
85 102
86 103
87 103
88 103
89 104
90 104
91 104
92 104
93 105
94 105
95 105
96 105
97 105
98 105
99 105
100 105
101 105
102 105
103 104
104 104
105 103
106 103
107 102
108 101
109 100
110 99
111 98
112 97
112 96
113 95
114 94
115 93
116 92
116 91
117 90
118 90
