8 55
9 55
10 55
11 56
12 56
13 56
14 56
15 57
16 57
17 57
18 58
19 58
20 58
21 59
22 59
23 59
24 59
25 60
26 60
27 60
28 60
29 61
30 61
31 61
32 62
33 62
34 62
35 62
36 63
37 63
38 63
39 63
40 64
41 64
42 64
43 64
44 64
45 65
46 65
47 65
48 65
49 65
50 66
51 66
52 66
53 66
54 66
55 66
56 66
57 67
58 67
59 67
60 67
61 67
62 67
63 67
64 67
65 67
66 67
67 67
68 67
69 67
70 68
71 68
72 68
73 68
74 68
75 68
76 68
77 68
78 68
79 68
80 68
81 68
82 68
83 68
84 68
85 69
86 69
87 69
88 69
89 69
90 69
91 69
92 69
93 69
94 70
95 70
96 70
97 70
98 70
99 70
100 71
101 71
102 71
103 71
104 71
105 72
106 72
107 72
108 72
109 73
110 73
111 73
112 73
113 74
114 74
115 74
116 75
117 75
118 75
119 75
120 76
121 76
122 76
123 77
124 77
125 77
126 78
127 78
128 79
129 79
130 79
131 80
132 80
133 80
134 81
135 81
136 82
137 82
138 83
139 83
140 84
141 84
142 85
143 85
144 86
145 86
146 87
147 88
148 88
149 89
150 90
151 90
152 91
153 92
154 93
155 93
156 94
157 95
158 96
159 97
160 98
161 99
162 100
163 101
163 102
164 103
165 104
166 105
167 106
168 107
169 108
169 109
170 110
171 111
172 112
173 113
174 114
174 115
175 116
176 117
177 118
178 119
179 120
180 121
181 122
182 123
183 124
184 125
185 126
186 127
187 128
188 128
189 129
190 130
191 130
192 131
193 132
194 132
195 133
196 133
197 133
198 134
199 134
200 135
201 135
202 135
203 136
204 136
205 136
206 137
207 137
208 137
209 138
210 138
211 138
212 138
213 139
214 139
215 139
216 140
217 140
218 140
219 140
220 141
221 141
222 141
223 142
224 142
225 142
226 143
227 143
228 143
229 144
230 144
231 144
232 145
233 145
234 145
235 146
236 146
237 147
238 147
239 147
240 148
241 148
242 149
243 149
244 150
245 150
246 151
247 151
248 151
249 152
250 152
251 153
252 153
253 154
254 154
255 155
256 155
257 155
258 156
259 156
260 157
261 157
262 157
263 158
264 158
265 158
266 158
267 159
268 159
269 159
270 159
271 160
272 160
273 160
274 160
275 160
276 160
277 160
278 160
279 160
280 160
281 160
282 160
283 159
284 159
285 159
286 159
287 158
288 158
289 158
290 157
291 157
292 156
293 156
294 155
295 154
296 154
297 153
298 152
299 151
300 150
301 150
302 149
303 148
303 147
304 146
305 145
306 144
307 143
308 142
308 141
309 140
310 139
310 138
311 137
312 136
312 135
313 134
314 133
314 132
315 131
316 130
316 129
317 128
317 127
318 126
319 125
319 124
320 123
321 122
321 121
322 120
322 119
323 118
324 117
324 116
325 115
326 114
326 113
327 112
328 111
328 110
329 109
330 108
331 107
331 106
332 105
333 104
333 103
334 102
335 101
336 100
337 99
338 98
339 97
340 96
341 95
342 94
343 94
344 93
345 92
346 92
347 92
348 91
349 91
350 91
351 91
352 91
353 91
354 92
355 92
356 92
357 92
358 93
359 93
360 94
361 94
362 95
363 96
364 96
365 97
366 98
367 99
368 100
369 101
370 101
371 102
372 103
373 104
374 105
375 106
376 107
377 108
378 109
379 110
380 111
381 112
382 113
383 114
384 115
385 116
386 116
387 117
388 118
389 119
390 120
391 121
392 122
393 123
394 124
395 125
396 126
397 127
398 128
399 129
400 130
401 131
402 132
403 133
404 134
404 135
405 136
406 137
407 138
408 139
409 140
410 141
411 142
411 143
412 144
413 145
414 146
415 147
415 148
416 149
417 150
418 151
419 152
419 153
420 154
421 155
422 156
422 157
423 158
424 159
425 160
425 161
426 162
427 163
428 164
429 165
429 166
430 167
431 168
431 169
