21 7
22 8
22 9
23 10
23 11
24 12
24 13
25 14
25 15
26 16
27 17
27 18
28 19
28 20
29 21
29 22
30 23
30 24
31 25
32 26
32 27
33 28
33 29
34 30
35 31
35 32
36 33
36 34
37 35
38 36
38 37
39 38
40 39
40 40
41 41
42 42
42 43
43 44
44 45
44 46
45 47
46 48
47 49
47 50
48 51
49 52
50 53
50 54
51 55
52 56
53 57
53 58
54 59
55 60
56 61
56 62
57 63
58 64
59 65
59 66
60 67
61 68
62 69
62 70
63 71
64 72
64 73
65 74
66 75
67 76
67 77
68 78
69 79
69 80
70 81
71 82
71 83
72 84
73 85
73 86
74 87
75 88
75 89
76 90
76 91
77 92
78 93
78 94
79 95
79 96
80 97
80 98
81 99
82 100
82 101
83 102
83 103
84 104
84 105
85 106
85 107
86 108
86 109
87 110
87 111
88 112
88 113
89 114
89 115
90 116
90 117
91 118
91 119
92 120
92 121
93 122
94 123
94 124
95 125
95 126
96 127
96 128
97 129
98 130
98 131
99 132
100 133
100 134
101 135
102 136
103 137
104 138
105 139
106 139
107 140
108 140
109 140
110 141
111 141
112 141
113 140
114 140
115 140
116 139
117 139
118 138
119 138
120 137
121 136
122 136
123 135
124 134
125 133
126 133
127 132
128 131
129 130
130 129
131 128
132 127
133 126
134 125
135 124
136 123
137 122
138 121
139 120
140 119
141 118
142 117
143 116
144 115
145 114
146 113
147 112
148 111
149 110
150 110
151 109
152 108
153 107
154 106
155 106
156 105
157 104
158 104
159 103
160 102
161 102
162 101
163 101
164 100
165 100
166 99
167 99
168 99
169 98
170 98
171 98
172 97
173 97
174 97
175 97
176 96
177 96
178 96
179 96
180 95
181 95
182 95
183 95
184 94
185 94
186 94
187 94
188 93
189 93
190 93
191 92
192 92
193 91
194 91
195 90
196 90
197 89
198 89
199 88
200 87
201 87
202 86
203 85
204 85
205 84
206 83
207 82
208 82
209 81
210 80
211 79
212 78
213 77
214 77
