40 55
41 55
42 55
43 55
44 55
45 55
46 55
47 55
48 55
49 55
50 55
51 55
52 55
53 55
54 55
55 56
56 56
57 56
58 56
59 56
60 56
61 56
62 56
63 56
64 57
65 57
66 57
67 57
68 57
69 57
70 58
71 58
72 58
73 58
74 59
75 59
76 59
77 59
78 60
79 60
80 60
81 60
82 61
83 61
84 61
85 61
86 62
87 62
88 62
89 63
90 63
91 63
92 64
93 64
94 64
95 64
96 65
97 65
98 65
99 66
100 66
101 66
102 67
103 67
104 67
105 68
106 68
107 69
108 69
109 69
110 70
111 70
112 70
113 71
114 71
115 71
116 72
117 72
118 72
119 73
120 73
121 74
122 74
123 74
124 75
125 75
126 76
127 76
128 76
129 77
130 77
131 78
132 78
133 78
134 79
135 79
136 80
137 80
138 81
139 81
140 82
141 82
142 83
143 83
144 83
145 84
146 84
147 85
148 85
149 86
150 86
151 87
152 88
153 88
154 89
155 89
156 90
157 90
158 91
159 91
160 92
161 93
162 93
163 94
164 94
165 95
166 96
167 96
168 97
169 97
170 98
171 98
172 99
173 100
174 100
175 101
176 102
177 102
178 103
179 103
180 104
181 105
182 105
183 106
184 106
185 107
186 108
187 108
188 109
189 110
190 110
191 111
192 111
193 112
194 112
195 113
196 113
197 114
198 115
199 115
200 115
201 116
202 116
203 117
204 117
205 117
206 118
207 118
208 118
209 118
210 119
211 119
212 119
213 119
214 119
215 119
216 119
217 118
218 118
219 118
220 118
221 117
222 117
223 116
224 116
225 115
226 115
227 114
228 113
229 113
230 112
231 111
232 111
233 110
234 109
235 108
236 108
237 107
238 106
239 105
240 104
241 104
242 103
243 102
244 101
245 100
246 100
247 99
248 98
249 98
250 97
251 96
252 96
253 95
254 95
255 94
256 94
257 94
258 93
259 93
260 93
261 93
262 93
263 93
264 93
265 93
266 93
267 94
268 94
269 94
270 95
271 95
272 96
273 97
274 97
275 98
276 99
277 100
278 101
279 102
280 103
281 104
281 105
282 106
283 107
284 108
285 109
285 110
286 111
287 112
288 113
289 114
289 115
290 116
291 117
292 118
293 119
293 120
294 121
295 122
296 123
297 124
298 125
299 126
300 127
301 128
302 129
303 129
304 130
305 131
306 132
307 132
308 133
309 134
310 134
311 135
312 135
313 136
314 136
315 137
316 137
317 137
318 137
319 138
320 138
321 138
322 138
323 138
324 138
325 138
326 138
327 138
328 138
329 138
330 138
331 137
332 137
333 137
334 136
335 136
336 135
337 135
338 135
339 134
340 133
341 133
342 132
343 132
344 131
345 131
346 130
347 129
348 129
349 128
350 127
351 127
352 126
353 125
354 125
355 124
356 123
357 123
358 122
359 121
360 121
361 120
362 119
363 119
364 118
365 118
366 117
367 116
368 116
369 115
370 114
371 114
372 113
373 112
374 112
375 111
376 111
377 110
378 110
379 109
380 108
381 108
382 107
383 107
384 106
385 106
386 105
387 105
388 104
389 104
390 103
391 103
392 102
393 102
394 101
395 101
396 101
397 100
398 100
399 99
400 99
401 99
402 98
403 98
404 98
405 98
406 97
407 97
408 97
409 97
410 96
411 96
412 96
413 96
414 96
415 95
416 95
417 95
418 95
419 95
420 95
421 95
422 95
423 95
424 95
425 95
426 95
427 95
428 95
429 95
430 96
431 96
432 96
433 96
434 96
435 97
436 97
437 97
438 98
439 98
440 98
441 99
442 99
443 100
444 100
445 100
446 101
447 102
448 102
449 103
450 103
451 104
452 105
453 105
454 106
455 107
456 107
457 108
458 109
459 110
460 111
461 111
462 112
463 113
464 114
465 115
466 116
467 117
468 118
469 119
470 120
471 121
472 122
473 123
474 124
475 125
476 126
477 127
478 128
479 129
480 130
481 131
481 132
482 133
483 134
484 135
485 136
486 137
487 138
487 139
488 140
489 141
490 142
491 143
492 144
493 145
494 146
494 147
495 148
496 149
497 150
498 151
499 152
500 153
501 154
502 154
503 155
504 156
505 157
506 157
507 158
508 159
509 159
510 160
511 160
512 160
513 161
514 161
515 161
516 161
517 161
518 161
519 161
520 160
521 160
522 160
523 160
524 159
525 159
526 158
527 158
528 157
529 157
530 156
531 156
532 155
533 155
534 154
535 154
536 153
537 152
538 152
539 151
540 151
541 150
542 149
543 149
544 148
545 147
546 147
547 146
548 145
549 145
550 144
551 143
552 143
553 142
554 141
555 141
556 140
557 140
558 139
559 138
560 138
561 137
562 137
563 136
564 135
565 135
566 134
567 133
568 133
569 132
570 132
571 131
572 130
573 130
574 129
575 129
576 128
577 128
578 127
579 127
580 126
581 126
582 125
583 125
584 124
585 123
586 123
587 122
588 122
589 122
590 121
591 121
592 120
593 120
594 119
595 119
596 118
597 118
598 118
599 117
600 117
601 116
602 116
603 116
604 115
605 115
606 115
607 114
608 114
609 114
610 113
611 113
612 113
613 112
614 112
615 112
616 112
617 111
618 111
619 111
620 111
621 111
622 110
623 110
624 110
625 110
626 110
627 110
628 110
629 110
630 109
631 109
632 109
633 109
634 109
635 109
636 109
637 109
638 109
639 109
640 109
641 109
642 109
643 109
644 110
645 110
646 110
647 110
648 110
649 110
650 110
651 110
652 111
653 111
654 111
655 111
656 111
657 111
658 112
659 112
660 112
661 112
662 112
663 113
664 113
665 113
666 113
667 114
668 114
669 114
670 114
671 115
672 115
673 115
674 115
675 116
676 116
677 116
678 117
679 117
680 117
681 117
682 118
683 118
684 118
685 118
686 119
687 119
688 119
689 120
690 120
691 120
692 120
693 121
694 121
695 121
696 121
697 122
698 122
699 122
700 123
701 123
702 123
703 123
704 124
705 124
706 124
707 125
708 125
709 125
710 126
711 126
712 126
713 127
714 127
715 127
716 128
717 128
718 128
719 129
720 129
721 129
722 130
723 130
724 131
725 131
726 131
727 132
728 132
729 132
730 133
731 133
732 133
733 134
734 134
735 134
736 135
737 135
738 135
739 136
740 136
741 136
742 136
743 137
744 137
745 137
746 137
747 137
748 137
749 137
750 137
751 137
752 137
753 137
754 137
755 136
756 136
757 136
758 136
759 136
760 135
761 135
762 135
763 134
764 134
765 134
766 133
767 133
768 133
769 132
770 132
771 132
772 131
773 131
774 131
775 130
776 130
777 129
778 129
779 128
780 128
781 127
782 127
783 126
784 125
785 124
786 124
787 123
788 122
789 121
790 120
791 119
792 119
793 118
794 117
795 116
796 115
797 114
798 113
799 112
799 111
800 110
801 109
802 108
803 107
804 106
805 105
