17 86
18 86
19 86
20 86
21 86
22 87
23 87
24 87
25 87
26 87
27 87
28 88
29 88
30 88
31 88
32 88
33 88
34 88
35 89
36 89
37 89
38 89
39 89
40 89
41 89
42 89
43 90
44 90
45 90
46 90
47 90
48 90
49 90
50 90
51 90
52 90
53 90
54 90
55 90
56 90
57 90
58 90
59 90
60 90
61 91
62 91
63 91
64 91
65 91
66 91
67 91
68 91
69 91
70 91
71 91
72 91
73 91
74 91
75 91
76 91
77 91
78 92
79 92
80 92
81 92
82 92
83 92
84 92
85 92
86 92
87 93
88 93
89 93
90 93
91 93
92 93
93 93
94 94
95 94
96 94
97 94
98 94
99 94
100 95
101 95
102 95
103 95
104 95
105 96
106 96
107 96
108 96
109 97
110 97
111 97
112 97
113 98
114 98
115 98
116 98
117 99
118 99
119 99
120 100
121 100
122 100
123 101
124 101
125 101
126 102
127 102
128 102
129 103
130 103
131 104
132 104
133 104
134 105
135 105
136 106
137 106
138 106
139 107
140 107
141 108
142 108
143 109
144 110
145 110
146 111
147 111
148 112
149 112
150 113
151 114
152 114
153 115
154 116
155 116
156 117
157 118
158 119
159 119
160 120
161 121
162 122
163 123
164 124
165 125
166 126
167 127
168 128
169 129
170 130
171 131
172 132
173 133
173 134
174 135
175 136
176 137
177 138
178 139
178 140
179 141
180 142
181 143
182 144
183 145
184 146
184 147
185 148
186 149
187 150
188 151
188 152
189 153
190 154
191 155
191 156
192 157
193 158
194 159
194 160
195 161
196 162
196 163
197 164
198 165
198 166
199 167
200 168
200 169
201 170
201 171
202 172
203 173
203 174
204 175
205 176
205 177
206 178
206 179
207 180
208 181
208 182
209 183
209 184
210 185
210 186
211 187
212 188
212 189
213 190
213 191
214 192
215 193
215 194
216 195
216 196
217 197
217 198
218 199
219 200
219 201
220 202
220 203
221 204
221 205
222 206
223 207
223 208
224 209
224 210
225 211
226 212
226 213
227 214
227 215
228 216
229 217
229 218
230 219
231 220
231 221
232 222
233 223
234 224
234 225
235 226
236 227
237 228
238 229
239 230
240 231
241 232
242 233
243 234
244 234
245 235
246 235
247 236
248 236
249 236
250 237
251 237
252 237
253 236
254 236
255 236
256 236
257 235
258 235
259 234
260 233
261 233
262 232
263 231
264 231
265 230
266 229
267 228
268 227
269 226
270 225
271 224
272 223
273 222
274 221
275 220
276 219
277 218
278 217
279 216
280 215
281 214
282 213
283 212
284 211
285 211
286 210
287 209
288 208
289 207
290 206
291 205
292 205
293 204
294 203
295 202
296 202
297 201
298 200
299 200
300 199
301 199
302 198
303 198
304 197
305 197
306 196
307 196
308 196
309 195
310 195
311 194
312 194
313 194
314 193
315 193
316 192
317 192
318 191
319 191
320 190
321 189
322 189
323 188
324 187
325 186
326 186
327 185
328 184
329 183
330 182
331 181
332 180
332 179
333 178
334 177
335 176
336 175
336 174
337 173
338 172
339 171
339 170
340 169
341 168
341 167
342 166
343 165
343 164
344 163
345 162
346 161
346 160
347 159
348 158
348 157
349 156
350 155
351 154
351 153
352 152
353 151
354 150
355 149
356 149
357 148
358 148
359 147
360 147
361 147
362 147
363 147
364 147
365 148
366 148
367 148
368 149
369 149
370 150
371 151
372 151
373 152
374 153
375 154
376 155
377 156
378 157
379 157
380 158
381 159
382 160
383 161
384 162
385 163
386 164
387 164
388 165
389 166
390 167
391 167
392 168
393 169
394 169
395 170
396 170
397 171
398 171
399 172
400 172
401 173
402 173
403 174
404 174
405 174
406 175
407 175
408 175
409 176
410 176
411 176
412 177
413 177
414 177
415 177
416 178
417 178
418 178
419 178
420 179
421 179
422 179
423 179
424 179
425 180
426 180
427 180
