16 57
17 57
18 57
19 58
20 58
21 58
22 59
23 59
24 60
25 60
26 60
27 61
28 61
29 62
30 62
31 62
32 63
33 63
34 63
35 64
36 64
37 64
38 65
39 65
40 65
41 65
42 65
43 66
44 66
45 66
46 66
47 66
48 66
49 66
50 66
51 66
52 66
53 66
54 66
55 66
56 66
57 66
58 66
59 66
60 66
61 66
62 66
63 66
64 66
65 66
66 67
67 67
68 67
69 67
70 67
71 67
72 67
73 67
74 67
75 68
76 68
77 68
78 68
79 69
80 69
81 70
82 70
83 70
84 71
85 71
86 72
87 72
88 73
89 73
90 74
91 74
92 75
93 75
94 76
95 77
96 77
97 78
98 78
99 79
100 79
101 80
102 81
103 81
104 82
105 82
106 83
107 83
108 84
109 85
110 85
111 86
112 86
113 87
114 87
115 88
116 88
117 89
118 89
119 89
120 90
121 90
122 91
123 91
124 92
125 92
126 92
127 93
128 93
129 93
130 94
131 94
132 94
133 95
134 95
135 95
136 95
137 96
138 96
139 96
140 96
141 97
142 97
143 97
144 97
145 97
146 97
147 98
148 98
149 98
150 98
151 98
152 98
153 98
154 99
155 99
156 99
157 99
158 99
159 99
160 99
161 99
162 99
163 99
164 99
165 99
166 99
167 99
168 99
169 99
170 99
171 99
172 99
173 99
174 100
175 100
176 100
177 100
178 100
179 100
180 100
181 100
182 100
183 100
184 100
185 100
186 100
187 100
188 100
189 100
190 100
191 100
192 100
193 101
194 101
195 101
196 101
197 101
198 101
199 102
200 102
201 102
202 102
203 102
204 103
205 103
206 103
207 104
208 104
209 104
210 104
211 105
212 105
213 105
214 106
215 106
216 107
217 107
218 107
219 108
220 108
221 109
222 109
223 109
224 110
225 110
226 111
227 111
228 112
229 112
230 113
231 113
232 114
233 114
234 115
235 115
236 116
237 117
238 117
239 118
240 118
241 119
242 119
243 120
244 121
245 121
246 122
247 122
248 123
249 124
250 124
251 125
252 126
