42 3
43 4
44 5
45 6
46 7
46 8
47 9
48 10
49 11
50 12
50 13
51 14
52 15
53 16
53 17
54 18
55 19
56 20
56 21
57 22
58 23
59 24
59 25
60 26
61 27
62 28
62 29
63 30
64 31
64 32
65 33
66 34
66 35
67 36
68 37
68 38
69 39
69 40
70 41
71 42
71 43
72 44
72 45
73 46
73 47
74 48
74 49
75 50
75 51
76 52
76 53
77 54
77 55
78 56
78 57
79 58
79 59
80 60
80 61
81 62
81 63
82 64
82 65
82 66
83 67
83 68
84 69
84 70
85 71
85 72
85 73
86 74
86 75
87 76
87 77
87 78
88 79
88 80
89 81
89 82
90 83
90 84
90 85
91 86
91 87
92 88
92 89
93 90
93 91
93 92
94 93
94 94
95 95
95 96
96 97
96 98
97 99
97 100
98 101
98 102
99 103
99 104
100 105
100 106
101 107
102 108
102 109
103 110
104 111
104 112
105 113
106 114
106 115
107 116
108 117
109 118
110 119
111 120
112 121
113 122
114 123
115 124
116 125
117 125
118 126
119 127
120 127
121 128
122 128
123 129
124 129
125 129
126 130
127 130
128 130
129 131
130 131
131 131
132 131
133 132
134 132
135 132
136 132
137 132
138 132
139 132
140 133
141 133
142 133
143 133
144 133
145 133
146 133
147 133
148 133
149 133
150 134
151 134
152 134
153 134
154 134
155 134
156 134
157 134
158 134
159 134
160 134
161 134
162 134
163 133
164 133
165 133
166 133
167 133
168 133
169 133
170 132
171 132
172 132
173 132
174 131
175 131
176 131
177 131
178 131
179 130
180 130
181 130
182 130
183 130
184 129
185 129
186 129
187 129
188 129
189 129
190 128
191 128
192 128
193 128
194 128
195 128
196 128
197 128
198 128
199 128
200 128
201 128
202 128
203 129
204 129
205 129
206 129
207 129
208 130
209 130
210 130
211 130
212 131
213 131
214 131
215 132
216 132
217 133
218 133
219 134
220 134
221 135
222 135
223 136
224 136
225 137
226 138
227 138
228 139
229 140
230 141
231 142
232 142
233 143
234 144
235 145
236 146
237 147
238 148
239 149
240 150
241 151
242 152
243 153
243 154
244 155
245 156
246 157
247 158
248 159
249 160
249 161
250 162
251 163
252 164
253 165
253 166
254 167
255 168
256 169
256 170
257 171
258 172
259 173
