6 54
7 54
8 53
9 53
10 53
11 53
12 53
13 52
14 52
15 52
16 52
17 52
18 52
19 52
20 51
21 51
22 51
23 51
24 51
25 51
26 51
27 51
28 51
29 51
30 51
31 51
32 51
33 51
34 51
35 51
36 51
37 51
38 51
39 51
40 52
41 52
42 52
43 52
44 53
45 53
46 53
47 54
48 54
49 54
50 55
51 55
52 55
53 55
54 55
55 56
56 56
57 56
58 56
59 55
60 55
61 55
62 55
63 55
64 55
65 54
66 54
67 54
68 54
69 54
70 53
71 53
72 53
73 53
74 53
75 53
76 53
77 53
78 53
79 54
80 54
81 54
82 54
83 55
84 55
85 55
86 55
87 56
88 56
89 56
90 56
91 56
92 56
93 56
94 56
95 56
96 55
97 55
98 55
99 55
100 54
101 54
102 54
103 54
104 53
105 53
106 53
107 52
108 52
109 51
110 51
111 51
112 50
113 50
114 49
115 49
116 48
117 48
118 47
119 47
120 46
121 46
122 45
123 45
124 44
125 44
