24 30
25 30
26 31
26 32
27 33
28 34
29 35
30 36
31 37
32 38
33 39
34 40
35 41
36 41
37 42
38 43
39 43
40 44
41 44
42 44
43 45
44 45
45 45
46 45
47 45
48 46
49 46
50 46
51 46
52 47
53 47
54 48
55 48
56 49
57 50
58 51
59 52
60 53
61 54
62 55
63 56
64 57
65 57
66 58
67 59
68 60
69 60
70 61
71 61
72 61
73 62
74 62
75 62
76 63
77 63
78 63
79 63
80 63
81 63
82 63
83 63
84 63
85 63
86 63
87 63
88 63
89 63
90 63
91 63
92 63
93 63
94 63
95 63
96 63
97 63
98 63
99 63
100 63
101 63
102 63
103 63
104 63
105 63
106 63
107 63
108 63
109 64
110 64
111 64
112 64
113 64
114 64
115 65
116 65
117 65
118 65
119 66
120 66
121 66
122 67
123 67
124 68
125 68
126 68
127 69
128 69
129 70
130 70
131 71
132 71
133 72
134 72
135 73
136 74
137 74
138 75
139 75
140 76
141 77
142 77
143 78
144 79
145 79
146 80
147 81
148 81
149 82
150 83
151 83
152 84
153 85
154 86
155 86
156 87
157 88
158 89
159 89
160 90
161 91
162 91
163 92
164 93
165 93
166 94
167 95
168 95
169 96
170 96
171 97
172 97
173 98
174 98
175 99
176 99
177 100
178 100
179 100
180 101
181 101
182 101
183 101
184 102
185 102
186 102
187 102
188 102
189 102
190 102
191 102
192 102
193 102
194 102
195 102
196 102
197 102
198 102
199 102
200 101
201 101
202 101
203 101
204 101
205 101
206 101
207 101
208 101
209 101
210 101
211 101
212 101
213 101
214 101
215 101
216 102
217 102
218 102
219 102
220 102
221 102
222 102
223 103
224 103
225 103
226 103
227 103
228 104
229 104
230 104
231 104
232 105
233 105
234 105
235 105
236 105
237 106
238 106
239 106
240 106
241 106
242 106
243 106
244 106
245 106
246 106
247 106
248 106
249 105
250 105
251 105
252 105
253 105
254 104
255 104
256 104
257 104
258 103
259 103
260 103
261 102
262 102
263 101
264 101
265 100
266 99
267 99
268 98
269 97
270 97
271 96
272 95
273 95
274 94
275 93
276 93
277 92
278 91
279 91
280 90
281 90
282 90
283 89
284 89
285 89
286 88
287 88
288 88
289 88
290 88
291 88
292 88
293 88
294 88
295 88
296 89
297 89
298 89
299 89
300 90
301 90
302 91
303 91
304 92
305 93
306 93
307 94
308 95
309 96
310 96
311 97
312 98
313 99
314 100
315 100
316 101
317 102
318 102
319 103
320 104
321 104
322 105
323 106
324 106
325 107
326 107
327 108
328 108
329 109
330 109
331 109
332 110
333 110
334 111
335 111
336 112
337 112
338 112
339 113
340 113
341 114
342 114
343 114
344 115
345 115
346 115
347 116
348 116
349 116
350 117
351 117
352 117
353 117
354 118
355 118
356 118
357 118
358 118
359 118
360 118
361 118
362 117
363 117
364 117
365 116
366 116
367 115
368 115
369 114
370 114
371 113
372 113
373 112
374 111
375 111
376 110
377 110
378 110
379 109
380 109
381 109
382 109
383 109
384 109
385 109
386 109
387 109
388 109
389 110
390 110
391 110
392 110
393 110
394 110
395 110
396 111
397 111
398 111
399 111
400 111
401 111
402 111
403 111
404 111
405 111
406 110
407 110
408 110
409 110
410 110
411 110
412 110
413 109
414 109
415 109
416 109
417 109
418 108
419 108
420 108
421 108
422 107
423 107
424 107
425 107
426 106
427 106
428 106
