32 2
33 2
34 3
35 4
36 5
37 6
38 7
39 8
40 9
41 10
42 11
43 12
44 13
45 14
46 15
47 16
48 17
49 18
50 19
51 20
51 21
52 22
53 23
54 24
55 25
55 26
56 27
57 28
58 29
58 30
59 31
60 32
61 33
61 34
62 35
63 36
64 37
64 38
65 39
66 40
66 41
67 42
68 43
68 44
69 45
70 46
71 47
71 48
72 49
73 50
73 51
74 52
75 53
75 54
76 55
77 56
78 57
78 58
79 59
80 60
80 61
81 62
82 63
83 64
83 65
84 66
85 67
86 68
87 69
87 70
88 71
89 72
90 73
91 74
92 75
93 76
94 77
95 78
96 79
97 80
98 81
99 82
100 82
101 83
102 84
103 84
104 85
105 85
106 86
107 86
108 87
109 87
110 88
111 88
112 89
113 89
114 90
115 90
116 90
117 91
118 91
119 92
120 92
121 93
122 93
123 94
124 94
125 95
126 95
127 96
128 96
129 97
130 98
131 98
132 99
133 100
134 100
135 101
136 102
137 102
138 103
139 104
140 105
141 105
142 106
143 107
144 108
145 109
146 109
147 110
148 111
149 112
150 113
151 114
152 115
153 116
154 116
155 117
156 118
157 119
158 120
159 121
160 122
161 123
162 124
163 125
164 126
165 127
166 128
167 129
168 130
169 131
169 132
170 133
171 134
172 135
173 136
174 137
175 138
175 139
