26 41
27 42
27 43
28 44
29 45
30 46
30 47
31 48
32 49
33 50
34 51
34 52
35 53
36 54
37 55
38 56
39 57
40 58
41 59
42 60
43 61
44 62
45 63
46 64
47 64
48 65
49 66
50 67
51 68
52 69
53 69
54 70
55 71
56 72
57 73
58 73
59 74
60 75
61 76
62 76
63 77
64 78
65 79
66 79
67 80
68 81
69 82
70 82
71 83
72 83
73 84
74 85
75 85
76 86
77 86
78 87
79 87
80 88
81 88
82 89
83 89
84 90
85 90
86 91
87 91
88 91
89 92
90 92
91 93
92 93
93 93
94 94
95 94
96 94
97 95
98 95
99 95
100 96
101 96
102 97
103 97
104 97
105 98
106 98
107 98
108 99
109 99
110 100
111 100
112 100
113 101
114 101
115 101
116 101
117 102
118 102
119 102
120 102
121 102
122 102
123 103
124 103
125 103
126 102
127 102
128 102
129 102
130 102
131 102
132 102
133 102
134 101
135 101
136 101
137 100
138 100
139 100
140 99
141 99
142 99
143 98
144 98
145 97
146 97
147 96
148 96
149 95
150 95
151 94
152 94
153 93
154 92
155 92
156 91
157 91
158 90
159 89
160 89
161 88
162 88
163 87
164 86
165 86
166 85
167 85
168 84
169 83
170 83
171 82
172 82
173 81
174 81
175 81
176 80
177 80
178 80
179 79
180 79
181 79
182 79
183 79
184 79
185 79
186 79
187 79
188 79
189 79
190 80
191 80
192 80
193 80
194 81
195 81
196 82
197 82
198 83
199 83
200 84
201 84
202 85
203 85
204 86
205 87
206 88
207 88
208 89
209 90
210 91
211 92
212 93
213 93
214 94
215 95
216 96
217 97
218 97
219 98
220 99
221 99
222 100
223 101
224 101
225 101
226 102
227 102
228 102
229 103
230 103
231 103
232 103
233 103
234 102
235 102
236 102
237 102
238 101
239 101
240 101
241 100
242 100
243 99
244 99
245 99
246 98
247 98
248 98
249 97
250 97
251 96
252 96
253 96
254 95
255 95
256 95
257 95
258 94
259 94
260 94
261 94
262 93
263 93
264 93
265 93
266 93
267 93
268 93
269 93
270 93
271 93
272 93
273 93
274 93
275 94
276 94
277 94
278 95
279 95
280 95
281 96
282 96
283 97
284 98
285 99
286 99
287 100
288 101
289 102
290 103
290 104
291 105
292 106
293 107
294 108
294 109
295 110
296 111
297 112
297 113
298 114
299 115
300 116
300 117
301 118
302 119
303 120
304 121
305 121
306 122
307 122
308 122
309 122
310 122
311 121
312 121
313 120
314 120
315 119
316 119
317 118
318 118
319 117
320 116
321 116
322 115
323 114
324 113
325 112
326 111
327 110
328 109
329 108
330 107
331 106
332 105
333 104
333 103
334 102
335 101
336 100
337 99
338 98
338 97
339 96
340 95
341 94
342 93
342 92
343 91
344 90
345 89
346 88
347 87
348 86
349 85
350 84
351 83
352 82
353 81
354 81
355 80
356 79
357 79
358 78
359 78
360 78
361 77
362 77
363 77
364 77
365 77
366 76
367 76
368 76
369 76
370 76
371 76
372 76
373 76
374 76
375 76
376 76
377 76
378 76
379 77
380 77
381 77
382 77
383 77
384 77
385 77
386 77
387 77
388 77
389 77
390 77
391 77
392 77
393 77
394 77
395 77
396 77
397 77
398 77
399 77
400 77
401 77
402 77
403 76
404 76
405 76
406 76
407 76
408 75
409 75
410 75
411 74
412 74
413 74
414 73
415 73
416 73
417 72
418 72
419 71
420 71
421 70
422 70
423 69
424 69
425 68
426 67
427 67
428 66
429 66
430 65
431 64
432 64
433 63
434 63
