39 68
40 69
40 70
40 71
41 72
41 73
42 74
42 75
43 76
43 77
44 78
44 79
45 80
45 81
46 82
46 83
47 84
47 85
48 86
48 87
48 88
49 89
49 90
50 91
50 92
51 93
51 94
52 95
52 96
53 97
53 98
54 99
54 100
55 101
55 102
56 103
56 104
57 105
57 106
58 107
58 108
59 109
60 110
60 111
61 112
61 113
62 114
62 115
63 116
63 117
64 118
65 119
65 120
66 121
66 122
67 123
67 124
68 125
69 126
69 127
70 128
70 129
71 130
72 131
72 132
73 133
74 134
74 135
75 136
76 137
76 138
77 139
78 140
78 141
79 142
80 143
81 144
81 145
82 146
83 147
84 148
85 149
85 150
86 151
87 152
88 153
89 154
90 155
91 156
92 157
93 158
94 159
95 160
96 161
97 162
98 163
99 163
100 164
101 165
102 166
103 167
104 167
105 168
106 169
107 169
108 170
109 170
110 171
111 171
112 172
113 172
114 173
115 173
116 173
117 174
118 174
119 174
120 175
121 175
122 175
123 175
124 175
125 175
126 175
127 175
128 175
129 175
130 175
131 175
132 174
133 174
134 174
135 174
136 174
137 173
138 173
139 173
140 173
141 173
142 173
143 172
144 172
145 172
146 172
147 172
148 172
149 172
150 172
151 172
152 173
153 173
154 173
155 173
156 174
157 174
158 174
159 175
160 175
161 175
162 176
163 176
164 177
165 178
166 178
167 179
168 180
169 180
170 181
171 182
172 183
173 184
174 184
175 185
176 186
177 187
178 188
179 189
180 189
181 190
182 191
183 192
184 193
185 193
186 194
187 195
188 196
189 196
190 197
191 198
192 198
193 199
194 199
195 200
196 200
197 201
198 201
199 202
200 202
201 203
202 203
203 203
204 204
205 204
206 204
207 204
208 204
209 205
210 205
211 205
212 205
213 205
214 205
215 205
216 205
217 205
218 205
219 204
220 204
221 204
222 204
223 203
224 203
225 203
226 202
227 202
228 201
229 201
230 200
231 200
232 199
233 198
234 198
235 197
236 196
237 195
238 194
239 193
240 192
241 191
242 190
243 189
244 188
245 187
246 186
247 185
248 184
249 183
250 182
251 181
252 181
253 180
254 179
255 179
256 178
257 178
258 177
259 177
260 176
261 176
262 176
263 176
264 176
265 176
266 176
267 176
268 176
269 176
270 176
271 176
272 176
273 176
274 176
275 176
276 176
277 176
278 176
279 177
280 177
281 177
282 177
283 177
284 177
285 177
286 177
287 177
288 177
289 178
290 178
291 178
292 178
293 178
294 178
295 178
296 178
297 178
298 178
299 178
300 178
301 178
302 178
303 178
304 178
305 178
306 178
307 178
308 178
309 178
310 178
311 178
312 178
313 178
314 179
315 179
316 179
317 179
318 179
319 179
320 179
321 179
322 179
323 179
324 179
325 179
326 179
327 179
328 179
329 180
330 180
331 180
332 180
333 180
334 180
335 180
336 180
337 180
338 180
339 180
340 180
341 180
342 180
343 180
344 180
345 180
346 180
347 179
348 179
349 179
350 179
351 179
352 179
353 179
354 179
355 179
356 179
357 179
358 179
359 179
360 179
361 179
362 179
363 179
364 178
365 178
366 178
367 178
368 178
369 178
370 178
371 178
372 178
373 178
374 178
375 178
376 177
377 177
378 177
379 177
380 177
381 177
382 176
383 176
384 176
385 176
386 176
387 175
388 175
389 175
390 174
391 174
392 174
393 173
394 173
395 173
396 172
397 172
398 172
399 171
400 171
401 170
402 170
403 169
404 169
405 168
406 168
407 168
408 167
409 167
410 166
411 166
412 165
413 165
414 164
415 164
416 163
417 163
418 162
419 162
420 162
421 161
422 161
423 161
424 160
425 160
426 160
427 159
428 159
429 159
430 158
431 158
432 158
433 158
434 158
435 158
436 157
437 157
438 157
439 157
440 157
441 157
442 157
443 157
444 157
445 157
446 157
447 157
448 157
449 157
450 157
451 157
452 157
453 157
454 157
455 157
456 157
457 157
458 157
459 157
460 157
461 157
462 157
463 156
464 156
465 156
466 156
467 156
468 156
469 156
470 155
471 155
472 155
473 155
474 154
475 154
476 154
477 154
478 153
479 153
480 153
481 152
482 152
483 152
484 151
485 151
486 151
487 150
488 150
489 149
490 149
491 148
492 148
493 147
494 147
495 146
496 146
497 145
498 144
499 144
500 143
501 142
502 142
503 141
504 140
505 140
506 139
507 138
508 138
509 137
510 136
511 135
512 135
513 134
514 133
515 132
