16 1
17 1
18 1
19 1
20 2
21 2
22 2
23 3
24 3
25 3
26 4
27 4
28 4
29 5
30 5
31 6
32 6
33 7
34 7
35 8
36 8
37 9
38 9
39 10
40 11
41 12
42 12
43 13
44 14
45 15
46 16
47 17
48 17
49 18
50 19
51 20
52 21
53 21
54 22
55 23
56 23
57 24
58 24
59 25
60 25
61 25
62 26
63 26
64 27
65 27
66 27
67 28
68 28
69 29
70 29
71 30
72 30
73 31
74 31
75 32
76 32
77 33
78 34
79 34
80 35
81 36
82 36
83 37
84 37
85 38
86 39
87 39
88 40
89 41
90 41
91 42
92 43
93 43
94 44
95 45
96 45
97 46
98 46
99 47
100 48
101 48
102 49
103 49
104 50
105 50
106 51
107 51
108 51
109 52
110 52
111 52
112 53
113 53
114 53
115 53
116 53
117 54
118 54
119 54
120 54
121 54
122 55
123 55
124 55
125 56
126 56
127 56
128 57
129 57
130 58
131 58
132 59
133 59
134 60
135 60
136 61
137 61
138 62
139 62
140 63
141 63
142 64
143 64
144 65
145 65
146 65
147 66
148 66
149 67
150 67
151 68
152 68
