17 22
17 23
18 24
18 25
18 26
19 27
19 28
20 29
20 30
20 31
21 32
21 33
21 34
22 35
22 36
23 37
23 38
23 39
24 40
24 41
25 42
25 43
26 44
26 45
26 46
27 47
27 48
28 49
29 50
29 51
30 52
30 53
31 54
32 55
33 56
34 57
35 58
36 58
37 59
38 59
39 60
40 60
41 60
42 61
43 61
44 61
45 62
46 62
47 62
48 63
49 63
50 64
51 64
52 65
53 65
54 66
55 67
56 67
57 68
58 69
59 69
60 70
61 71
62 71
63 72
64 73
65 74
66 74
67 75
68 76
69 76
70 77
71 78
72 78
73 79
74 80
75 81
76 81
77 82
78 82
79 83
80 84
81 84
82 85
83 85
84 86
85 86
86 87
87 87
88 88
89 88
90 89
91 89
92 90
93 90
94 90
95 90
96 90
97 90
98 90
99 90
100 89
101 88
102 87
102 86
103 85
103 84
104 83
104 82
105 81
105 80
105 79
106 78
106 77
107 76
107 75
107 74
108 73
108 72
108 71
109 70
109 69
110 68
110 67
110 66
111 65
111 64
112 63
112 62
113 61
114 60
114 59
115 58
116 57
117 57
118 56
119 56
120 55
121 55
122 55
123 55
124 55
125 55
126 55
127 55
128 55
129 55
130 55
131 55
132 55
133 55
134 55
135 55
136 55
137 56
138 56
139 56
140 56
141 56
142 55
143 55
144 55
145 55
146 55
147 55
148 55
149 55
150 55
151 55
152 55
153 55
154 55
155 55
156 56
157 56
158 56
159 57
160 57
161 58
162 58
163 59
164 59
165 60
166 61
167 61
168 62
169 62
170 63
171 63
172 64
173 64
174 64
175 65
176 65
177 64
178 64
179 64
180 63
181 63
182 62
183 62
184 61
185 60
186 59
187 59
188 58
189 57
190 56
191 55
192 54
193 53
194 52
195 51
196 50
197 49
198 48
199 47
200 46
201 45
202 45
203 44
204 43
205 42
206 42
207 41
208 40
209 39
210 39
211 38
212 38
213 37
214 36
215 36
216 35
217 35
