15 7
16 8
16 9
17 10
17 11
18 12
18 13
19 14
19 15
20 16
20 17
21 18
21 19
22 20
22 21
23 22
24 23
24 24
25 25
25 26
26 27
27 28
27 29
28 30
29 31
29 32
30 33
31 34
32 35
33 36
33 37
34 38
35 39
36 40
37 41
38 42
39 43
40 43
41 44
42 45
43 45
44 46
45 47
46 47
47 48
48 48
49 49
50 50
51 50
52 51
53 52
54 52
55 53
56 54
57 55
58 55
59 56
60 56
61 57
62 57
63 58
64 58
65 59
66 59
67 59
68 59
69 59
70 59
71 58
72 58
73 58
74 57
75 57
76 57
77 56
78 56
79 56
80 56
81 56
82 56
83 56
84 56
85 56
86 56
87 56
88 57
89 57
90 58
91 58
92 59
93 60
94 61
95 61
96 62
97 63
98 63
99 64
100 64
101 65
102 65
103 65
104 65
105 65
106 65
107 65
108 65
109 65
110 65
111 66
112 66
113 66
114 67
115 67
116 67
117 68
118 68
119 69
120 69
121 70
122 70
123 71
124 71
125 72
126 72
127 72
128 73
129 73
130 73
131 74
132 74
133 74
134 74
135 74
136 74
137 74
138 74
139 74
140 74
141 74
142 73
143 73
