11 14
12 15
13 16
14 17
14 18
15 19
16 20
16 21
17 22
17 23
18 24
19 25
19 26
20 27
21 28
21 29
22 30
23 31
23 32
24 33
25 34
25 35
26 36
27 37
28 38
28 39
29 40
30 41
31 42
31 43
32 44
33 45
34 46
35 47
36 48
36 49
37 50
38 51
39 52
40 53
41 54
42 55
43 56
44 57
45 58
46 58
47 59
48 60
49 61
50 62
51 62
52 63
53 64
54 64
55 65
56 65
57 66
58 66
59 67
60 67
61 67
62 68
63 68
64 68
65 68
66 68
67 68
68 68
69 68
70 68
71 68
72 68
73 68
74 68
75 68
76 68
77 68
78 68
79 68
80 69
81 69
82 69
83 69
84 70
85 70
86 70
87 71
88 71
89 71
90 72
91 72
92 72
93 73
94 73
95 73
96 74
97 74
98 74
99 75
100 75
101 75
102 76
103 76
104 77
105 77
106 77
107 78
