16 7
17 8
18 8
19 9
20 9
21 10
22 11
23 11
24 12
25 13
26 13
27 14
28 14
29 15
30 16
31 16
32 17
33 18
34 18
35 19
36 19
37 20
38 21
39 21
40 22
41 23
42 23
43 24
44 25
45 25
46 26
47 26
48 27
49 28
50 28
51 29
52 30
53 30
54 31
55 32
56 32
57 33
58 34
59 34
60 35
61 35
62 36
63 37
64 37
65 38
66 39
67 39
68 40
69 41
70 42
71 42
72 43
73 44
74 44
75 45
76 46
77 46
78 47
79 48
80 49
81 49
82 50
83 51
84 52
85 53
86 53
87 54
88 55
89 56
90 57
91 58
92 59
93 60
94 61
95 62
96 63
97 64
98 65
99 66
100 67
101 68
101 69
102 70
103 71
104 72
104 73
105 74
106 75
107 76
107 77
108 78
108 79
109 80
110 81
110 82
111 83
111 84
112 85
112 86
113 87
114 88
114 89
115 90
115 91
116 92
116 93
117 94
117 95
118 96
118 97
119 98
119 99
120 100
120 101
121 102
121 103
121 104
122 105
122 106
123 107
123 108
124 109
124 110
125 111
125 112
126 113
126 114
127 115
127 116
128 117
128 118
129 119
129 120
130 121
130 122
131 123
131 124
132 125
132 126
133 127
134 128
134 129
135 130
135 131
136 132
136 133
137 134
138 135
138 136
139 137
140 138
140 139
141 140
142 141
142 142
143 143
144 144
145 145
145 146
146 147
147 148
148 149
149 150
149 151
150 152
151 153
152 154
153 155
154 156
155 157
156 158
157 159
158 160
159 161
160 162
161 163
162 164
163 165
164 166
165 167
166 168
167 168
168 169
169 170
170 171
171 172
172 172
173 173
174 174
175 175
176 175
177 176
178 177
179 177
180 178
181 179
182 179
183 180
184 180
185 181
186 181
187 182
188 183
189 183
190 184
191 184
192 184
193 185
194 185
195 186
196 186
197 187
198 187
199 187
200 188
201 188
202 188
203 189
204 189
205 189
206 189
207 190
208 190
209 190
210 190
211 191
212 191
213 191
214 191
215 191
216 191
217 191
218 192
219 192
220 192
221 192
222 192
223 192
224 192
225 192
226 192
227 192
228 192
229 192
230 192
231 191
232 191
233 191
234 191
235 191
236 191
237 191
238 190
239 190
240 190
241 190
242 190
243 189
244 189
245 189
246 188
247 188
248 188
249 188
250 187
251 187
252 187
253 186
254 186
255 185
256 185
257 185
258 184
259 184
260 184
261 183
262 183
263 182
264 182
265 181
266 181
267 181
268 180
269 180
270 179
271 179
272 178
273 178
274 177
275 177
276 177
277 176
278 176
279 175
280 175
281 174
282 174
283 173
284 173
285 173
286 172
287 172
288 171
289 171
290 171
291 170
292 170
293 170
294 169
295 169
296 169
297 169
298 169
299 168
300 168
301 168
302 168
303 168
304 168
305 168
306 168
307 168
308 168
309 168
310 168
311 168
312 168
313 168
314 169
315 169
316 169
317 169
318 170
319 170
320 170
321 171
322 171
323 171
324 172
325 172
326 173
327 173
328 173
329 174
330 174
331 175
332 175
333 176
334 176
335 176
336 177
337 177
338 178
339 178
340 178
341 179
342 179
343 179
344 180
345 180
346 180
347 181
348 181
349 181
350 181
351 182
352 182
353 182
354 182
355 182
356 182
357 183
358 183
359 183
360 183
361 183
362 183
363 182
364 182
365 182
366 182
367 182
368 182
369 181
370 181
371 181
372 181
373 180
374 180
375 179
376 179
377 179
378 178
379 178
380 177
381 177
382 176
383 176
384 175
385 174
386 174
387 173
388 173
389 172
390 171
391 171
392 170
393 170
394 169
395 168
396 168
397 167
398 167
399 166
400 166
401 165
402 165
403 164
404 164
405 163
406 163
407 162
408 162
409 162
410 161
411 161
412 161
413 161
414 160
415 160
416 160
417 160
418 160
419 160
420 160
421 160
422 160
423 160
424 161
425 161
426 161
427 162
428 162
429 162
430 163
431 163
432 164
433 164
434 165
435 166
436 166
437 167
438 168
439 168
440 169
441 170
442 170
443 171
444 172
445 173
446 173
447 174
448 175
449 175
450 176
451 177
452 177
453 178
454 178
455 179
456 180
457 180
458 181
459 181
460 182
461 182
462 183
463 183
464 183
465 184
466 184
467 184
468 185
469 185
470 185
471 186
472 186
473 186
474 187
475 187
476 187
477 187
478 187
479 187
480 188
481 188
482 188
483 188
484 188
485 188
486 188
487 188
488 188
489 188
490 188
491 188
492 187
493 187
494 187
495 187
496 187
497 186
498 186
499 185
500 185
501 185
502 184
503 184
504 183
505 183
506 182
507 182
508 181
509 180
510 180
511 179
512 178
513 178
514 177
515 176
516 175
517 175
518 174
519 173
520 172
521 171
522 170
523 169
524 168
525 167
526 166
527 165
528 164
529 163
530 162
531 161
532 160
533 159
534 158
535 157
536 156
537 155
538 154
539 153
540 152
541 151
542 150
543 149
544 148
545 147
546 146
547 145
548 145
549 144
550 143
551 142
552 141
553 140
554 140
555 139
556 138
557 137
558 137
559 136
560 135
561 135
562 134
563 134
564 133
565 132
566 132
567 131
568 131
569 130
570 130
571 129
572 129
573 128
574 128
575 127
576 127
577 126
578 126
579 126
580 125
581 125
582 124
583 124
584 124
585 123
586 123
587 123
588 123
589 122
590 122
591 122
592 122
593 121
594 121
595 121
596 121
597 121
598 120
599 120
600 120
601 120
602 120
603 120
604 120
605 120
606 119
607 119
608 119
609 119
610 119
611 119
612 119
613 119
614 119
615 119
616 119
617 119
618 119
619 119
620 119
621 120
622 120
623 120
624 120
625 120
626 120
627 120
628 120
629 120
630 121
631 121
632 121
633 121
634 121
635 121
636 122
637 122
638 122
639 122
640 122
641 123
642 123
643 123
644 123
645 124
646 124
647 124
648 124
649 125
650 125
651 125
652 125
653 126
654 126
655 126
656 127
657 127
658 127
659 127
660 128
661 128
662 128
663 129
664 129
665 129
666 129
667 130
668 130
669 130
670 131
671 131
672 131
673 132
674 132
675 132
676 132
677 133
678 133
679 133
680 134
681 134
682 134
683 135
684 135
685 135
686 135
687 136
688 136
689 136
690 137
691 137
692 137
693 137
694 138
695 138
696 138
697 139
698 139
699 139
700 139
701 140
702 140
703 140
704 140
705 141
706 141
707 141
708 141
709 142
710 142
711 142
712 142
713 143
714 143
715 143
716 143
717 143
718 144
719 144
720 144
721 144
722 144
723 145
724 145
725 145
726 145
727 145
728 145
729 146
730 146
731 146
732 146
733 146
734 146
735 146
736 147
737 147
738 147
739 147
740 147
741 147
742 147
743 147
744 148
745 148
746 148
747 148
