16 29
17 30
18 31
19 32
20 33
20 34
21 35
22 36
23 37
23 38
24 39
25 40
26 41
26 42
27 43
28 44
29 45
30 46
31 47
31 48
32 49
33 50
34 51
35 52
36 53
37 54
38 55
39 56
40 56
41 57
42 58
43 59
44 60
45 60
46 61
47 61
48 62
49 63
50 63
51 64
52 64
53 64
54 65
55 65
56 66
57 66
58 66
59 67
60 67
61 67
62 68
63 68
64 68
65 69
66 69
67 69
68 70
69 70
70 71
71 71
72 71
73 72
74 72
75 73
76 73
77 74
78 74
79 75
80 76
81 76
82 77
83 78
84 79
85 80
86 81
87 82
88 83
89 84
90 85
91 85
92 86
93 87
94 88
95 89
96 90
97 91
98 91
99 92
100 93
101 94
102 94
103 95
104 96
105 96
106 97
107 98
108 98
109 99
110 100
111 101
112 101
113 102
114 103
115 104
116 104
117 105
118 106
119 107
120 108
121 108
122 109
123 110
124 111
125 112
126 113
127 114
128 114
129 115
130 116
131 117
132 118
133 119
134 120
135 121
136 121
137 122
138 123
139 124
140 125
141 125
142 126
143 127
144 128
145 128
146 129
147 130
148 131
149 131
150 132
151 133
152 133
153 134
154 134
155 135
156 135
157 136
158 137
159 137
160 138
161 138
162 139
163 139
164 139
165 140
166 140
167 140
168 141
169 141
170 141
171 142
172 142
173 142
174 142
175 142
176 142
177 142
178 143
179 142
180 142
181 142
182 142
183 142
184 142
185 142
186 142
187 141
188 141
189 141
190 140
191 140
192 140
193 139
194 139
195 138
196 138
197 137
198 137
199 136
200 135
201 135
202 134
203 133
204 133
205 132
206 131
207 131
208 130
209 129
210 128
211 127
212 126
213 125
214 124
215 123
216 122
217 122
218 121
218 120
219 119
220 118
221 117
222 116
223 115
224 114
225 113
226 112
227 111
228 110
229 109
229 108
230 107
231 106
232 105
233 104
234 103
234 102
235 101
236 100
237 99
238 98
239 97
239 96
240 95
241 94
242 93
243 92
243 91
244 90
245 89
246 88
247 87
248 86
249 85
250 84
251 83
252 82
253 82
254 81
255 80
256 80
257 79
258 79
259 79
260 78
261 78
262 78
263 78
264 78
265 78
266 78
267 78
268 78
269 78
270 79
271 79
272 79
273 79
274 80
275 80
276 80
277 81
278 81
279 82
280 82
281 83
282 83
283 84
284 84
285 85
286 85
287 86
288 86
289 87
290 88
291 88
292 89
293 89
294 90
295 91
296 91
297 92
298 93
299 93
300 94
301 94
302 95
303 96
304 96
305 97
306 98
307 98
308 99
309 100
310 100
311 101
312 102
313 102
314 103
315 103
316 104
317 104
318 105
319 106
320 106
321 107
322 107
323 108
324 108
325 109
326 109
327 110
328 110
329 111
330 111
331 111
332 112
333 112
334 113
335 113
336 113
337 114
338 114
339 114
340 114
341 115
342 115
343 115
344 115
345 116
346 116
347 116
348 116
349 116
350 116
351 116
352 117
353 117
354 117
355 117
356 117
357 117
358 117
359 117
360 117
361 117
362 117
363 117
364 117
365 117
366 117
367 117
368 118
369 118
370 118
371 118
372 118
373 118
374 118
375 119
376 119
377 119
378 120
379 120
380 120
381 121
382 121
383 122
384 123
385 123
386 124
387 124
388 125
389 126
390 127
391 127
392 128
393 129
394 130
395 131
396 131
397 132
398 133
399 134
400 135
401 136
402 136
403 137
404 138
405 138
406 139
407 140
408 140
409 141
410 141
411 142
412 142
413 142
414 143
415 143
416 143
417 143
418 143
419 142
420 142
421 142
422 142
423 141
424 141
425 141
426 140
427 140
428 140
429 139
430 139
431 139
432 139
433 139
434 138
435 138
436 138
437 138
438 137
439 137
440 137
441 136
442 136
443 136
444 135
445 135
446 134
447 134
448 133
449 133
450 132
451 132
452 131
453 130
454 130
455 129
456 129
457 128
458 128
459 127
460 126
461 126
462 125
463 124
464 124
465 123
466 123
467 122
468 121
469 121
470 120
471 120
472 119
473 118
474 118
475 117
476 116
477 116
478 115
479 115
480 114
481 114
482 113
483 113
484 112
485 111
486 111
487 110
488 110
489 110
490 109
491 109
492 108
493 108
494 107
495 107
496 107
497 106
498 106
499 106
500 105
501 105
502 105
503 104
504 104
505 104
506 103
507 103
508 103
509 103
510 102
511 102
512 102
513 102
514 101
515 101
516 101
517 101
518 100
519 100
520 100
521 100
522 99
523 99
524 99
525 98
526 98
527 98
528 97
529 97
530 97
531 96
532 96
533 96
534 95
535 95
536 95
537 94
538 94
539 93
540 93
541 93
542 92
543 92
544 91
545 91
546 91
547 90
548 90
549 89
550 89
551 89
552 88
553 88
554 88
555 87
556 87
557 87
558 87
559 87
560 86
561 86
562 86
563 86
564 86
565 86
566 86
567 86
568 86
569 86
570 86
571 86
572 86
573 86
574 86
575 86
576 86
577 85
578 85
579 85
580 85
581 84
582 84
583 84
584 83
585 83
586 82
587 82
588 81
589 81
590 80
591 80
592 79
593 79
594 78
595 78
596 78
