15 72
16 73
17 74
17 75
18 76
18 77
19 78
20 79
20 80
21 81
21 82
22 83
22 84
23 85
23 86
24 87
24 88
25 89
25 90
26 91
26 92
27 93
28 94
28 95
29 96
29 97
30 98
30 99
31 100
31 101
32 102
33 103
33 104
34 105
34 106
35 107
35 108
36 109
37 110
37 111
38 112
38 113
39 114
40 115
40 116
41 117
41 118
42 119
43 120
43 121
44 122
45 123
45 124
46 125
46 126
47 127
48 128
48 129
49 130
50 131
51 132
51 133
52 134
53 135
54 136
54 137
55 138
56 139
57 140
57 141
58 142
59 143
60 144
61 145
62 146
63 147
64 148
65 149
66 150
67 151
68 152
69 153
70 154
71 155
72 155
73 156
74 157
75 158
76 158
77 159
78 160
79 160
80 161
81 161
82 162
83 163
84 163
85 164
86 164
87 165
88 165
89 166
90 166
91 166
92 167
93 167
94 168
95 168
96 169
97 169
98 169
99 170
100 170
101 171
102 171
103 171
104 172
105 172
106 172
107 173
108 173
109 173
110 174
111 174
112 174
113 175
114 175
115 175
116 175
117 176
118 176
119 176
120 177
121 177
122 177
123 177
124 177
125 178
126 178
127 178
128 178
129 178
130 178
131 178
132 178
133 178
134 178
135 178
136 178
137 178
138 178
139 178
140 177
141 177
142 177
143 176
144 176
145 175
146 175
147 174
148 174
149 173
150 173
151 172
152 171
153 171
154 170
155 169
156 169
157 168
158 167
159 167
160 166
161 165
162 165
163 164
164 163
165 163
166 162
167 161
168 161
169 160
170 159
171 159
172 158
173 158
174 157
175 157
176 157
177 156
178 156
179 156
180 155
181 155
182 155
183 154
184 154
185 154
186 153
187 153
188 153
189 153
190 152
191 152
192 152
193 151
194 151
195 151
196 150
197 150
198 150
199 150
200 150
201 150
202 150
203 150
204 150
205 150
206 150
207 151
208 151
209 152
210 152
211 153
212 154
213 155
214 156
215 157
216 158
217 159
217 160
218 161
219 162
220 163
221 164
221 165
222 166
222 167
