5 24
6 25
7 26
8 27
9 28
10 28
11 29
12 30
13 30
14 31
15 31
16 32
17 32
18 33
19 33
20 34
21 34
22 35
23 35
24 36
25 36
26 37
27 37
28 38
29 39
30 39
31 40
32 41
33 42
34 42
35 43
36 44
37 45
38 45
39 46
40 47
41 47
42 48
43 48
44 49
45 49
46 50
47 50
48 50
49 51
50 51
51 51
52 51
53 52
54 52
55 52
56 53
57 53
58 54
59 54
60 55
61 56
62 56
63 57
64 58
65 58
66 58
67 59
68 59
69 60
70 60
71 60
72 61
73 61
74 61
75 62
76 62
77 63
78 63
79 63
80 63
81 64
82 64
83 64
84 65
85 65
86 65
87 65
88 65
89 65
90 65
91 65
92 64
93 64
94 63
95 63
96 62
97 61
98 61
