25 2
26 3
27 4
28 5
29 6
29 7
30 8
31 9
32 10
33 11
34 12
35 13
35 14
36 15
37 16
38 17
39 18
40 19
41 20
41 21
42 22
43 23
44 24
45 25
46 26
47 27
47 28
48 29
49 30
50 31
51 32
52 33
52 34
53 35
54 36
55 37
56 38
56 39
57 40
58 41
59 42
59 43
60 44
61 45
62 46
62 47
63 48
64 49
64 50
65 51
66 52
66 53
67 54
68 55
68 56
69 57
69 58
70 59
71 60
71 61
72 62
72 63
73 64
73 65
74 66
74 67
75 68
75 69
76 70
76 71
77 72
77 73
78 74
78 75
79 76
79 77
79 78
80 79
80 80
81 81
81 82
82 83
82 84
83 85
83 86
83 87
84 88
84 89
85 90
85 91
85 92
86 93
86 94
87 95
87 96
88 97
88 98
88 99
89 100
89 101
90 102
90 103
90 104
91 105
91 106
92 107
92 108
92 109
93 110
93 111
94 112
94 113
95 114
95 115
95 116
96 117
96 118
97 119
97 120
98 121
98 122
98 123
99 124
99 125
100 126
100 127
101 128
101 129
102 130
102 131
103 132
103 133
104 134
104 135
105 136
105 137
106 138
106 139
107 140
107 141
108 142
109 143
109 144
110 145
110 146
111 147
112 148
112 149
113 150
114 151
114 152
115 153
116 154
117 155
117 156
118 157
119 158
120 159
121 160
121 161
122 162
123 163
124 164
125 165
126 166
127 167
128 168
129 169
130 170
131 170
132 171
133 172
134 173
135 173
136 174
137 175
138 175
139 176
140 176
141 177
142 177
143 178
144 178
145 178
146 179
147 179
148 179
149 180
150 180
151 180
152 180
153 180
154 181
155 181
156 181
157 181
158 181
159 181
160 180
161 180
162 180
163 180
164 180
165 179
166 179
167 179
168 178
169 178
170 177
171 177
172 176
173 176
174 175
175 174
176 174
177 173
178 172
179 171
180 171
181 170
182 169
183 168
184 167
185 167
186 166
187 165
188 164
189 163
190 162
191 161
192 160
193 160
194 159
195 158
196 157
197 156
198 155
199 154
200 153
201 153
202 152
203 151
204 150
205 149
206 148
207 148
208 147
209 146
210 145
211 144
212 143
213 143
214 142
215 141
216 140
217 140
218 139
219 138
220 137
221 136
222 136
223 135
224 134
225 134
226 133
227 132
228 132
229 131
230 130
231 130
232 129
233 129
234 128
235 128
236 127
237 127
238 127
239 127
240 126
241 126
242 126
243 126
244 126
245 126
246 126
247 126
248 126
249 126
250 126
251 127
252 127
253 127
254 127
255 127
256 128
257 128
258 128
259 128
260 128
261 128
262 128
263 128
264 128
265 128
266 128
267 127
268 127
269 127
270 126
271 126
272 126
273 125
274 125
275 124
276 124
277 123
278 123
279 122
280 122
281 121
282 121
283 120
284 119
285 119
286 118
287 118
288 117
289 116
290 116
291 115
292 115
293 114
294 113
295 113
296 112
297 111
298 111
299 110
300 110
301 109
302 108
303 108
304 107
305 107
306 106
307 105
308 105
309 104
310 104
311 103
312 102
313 102
314 101
315 101
316 100
317 100
318 99
319 98
320 98
321 97
322 97
323 96
324 96
325 95
326 94
327 94
328 93
329 93
330 92
331 92
332 91
333 91
334 90
335 90
336 89
337 89
338 88
339 88
340 87
341 87
342 86
343 86
344 85
345 85
346 85
347 84
348 84
349 83
350 83
351 83
352 83
353 82
354 82
355 82
356 82
357 82
358 82
359 82
360 82
361 82
362 82
363 82
364 83
365 83
366 84
367 84
368 85
369 86
370 87
371 88
372 89
373 90
373 91
374 92
375 93
375 94
376 95
376 96
377 97
377 98
378 99
378 100
379 101
379 102
380 103
380 104
381 105
381 106
381 107
382 108
382 109
383 110
383 111
383 112
