11 2
12 3
13 4
14 5
14 6
15 7
16 8
17 9
18 10
19 11
20 12
21 13
22 14
23 15
24 16
24 17
25 18
26 19
27 20
28 21
29 22
29 23
30 24
31 25
32 26
33 27
33 28
34 29
35 30
35 31
36 32
37 33
38 34
38 35
39 36
40 37
40 38
41 39
42 40
42 41
43 42
44 43
44 44
45 45
46 46
47 47
47 48
48 49
49 50
50 51
50 52
51 53
52 54
53 55
54 56
55 57
56 57
57 58
58 59
59 59
60 60
61 60
62 61
63 61
64 61
65 61
66 61
67 61
68 61
69 61
70 60
71 60
72 60
73 60
74 59
75 59
76 59
77 58
78 58
79 57
80 57
81 57
82 56
83 56
84 56
85 55
86 55
87 55
88 54
89 54
90 54
91 54
92 53
93 53
94 53
95 53
96 53
97 53
98 53
99 53
100 53
101 53
102 53
103 53
104 53
105 53
106 53
107 53
108 53
109 53
110 53
111 53
112 53
113 53
114 54
115 54
116 54
117 54
118 54
119 55
120 55
121 55
122 55
123 55
124 56
125 56
126 56
127 56
128 57
129 57
130 57
131 58
132 58
133 58
