28 21
29 22
30 23
31 23
32 24
33 25
34 26
35 26
36 27
37 28
38 29
39 30
40 31
41 32
42 33
43 34
44 35
45 36
46 37
46 38
47 39
48 40
49 41
49 42
50 43
51 44
52 45
52 46
53 47
54 48
55 49
55 50
56 51
57 52
57 53
58 54
59 55
60 56
60 57
61 58
62 59
63 60
63 61
64 62
65 63
66 64
66 65
67 66
68 67
69 68
70 69
70 70
71 71
72 72
73 73
74 74
74 75
75 76
76 77
77 78
78 79
79 80
80 81
81 82
82 83
83 84
84 85
85 86
86 87
87 88
88 89
89 90
90 91
91 92
92 93
93 94
94 94
95 95
96 96
97 97
98 98
99 99
100 99
101 100
102 101
103 102
104 102
105 103
106 104
107 104
108 105
109 106
110 106
111 107
112 108
113 108
114 109
115 110
116 110
117 111
118 112
119 112
120 113
121 114
122 114
123 115
124 115
125 116
126 117
127 117
128 118
129 118
130 119
131 120
132 120
133 121
134 121
135 122
136 123
137 123
138 124
139 125
140 125
141 126
142 126
143 127
144 128
145 128
146 129
147 130
148 130
149 131
150 132
151 132
152 133
153 134
154 134
155 135
156 136
157 136
158 137
159 137
160 138
161 139
162 139
163 140
164 140
165 141
166 142
167 142
168 143
169 143
170 144
171 144
172 145
173 145
174 146
175 146
176 146
177 147
178 147
179 148
180 148
181 148
182 149
183 149
184 149
185 150
186 150
187 150
188 151
189 151
190 151
191 151
192 152
193 152
194 152
195 152
196 153
197 153
198 153
199 153
200 154
201 154
202 154
203 154
204 154
205 155
206 155
207 155
208 155
209 155
210 155
211 156
212 156
213 156
214 156
215 156
216 156
217 156
218 156
219 155
220 155
221 155
222 155
223 154
224 154
225 154
226 153
227 153
228 152
229 152
230 151
231 151
232 150
233 150
234 149
235 149
236 148
237 148
238 147
239 146
240 146
241 145
242 145
243 144
244 143
245 143
246 142
247 142
248 141
249 140
250 140
251 139
252 139
253 138
254 138
255 137
256 137
257 137
258 136
259 136
260 135
261 135
262 135
263 134
264 134
265 134
266 134
267 133
268 133
269 133
270 133
271 133
272 132
273 132
274 132
275 132
276 132
277 132
278 132
279 132
280 132
281 132
282 132
283 133
284 133
285 133
286 133
287 134
288 134
289 134
290 135
291 135
292 135
293 136
294 136
295 137
296 137
297 138
298 138
299 139
300 140
301 140
302 141
303 142
304 142
305 143
306 144
307 145
308 146
309 146
310 147
311 148
312 149
313 150
314 151
315 152
316 153
317 154
318 155
319 156
320 157
321 158
322 159
