15 31
15 32
16 33
16 34
16 35
16 36
17 37
17 38
17 39
17 40
18 41
18 42
18 43
19 44
19 45
19 46
19 47
20 48
20 49
20 50
21 51
21 52
21 53
21 54
22 55
22 56
22 57
23 58
23 59
23 60
23 61
24 62
24 63
24 64
25 65
25 66
25 67
26 68
26 69
26 70
27 71
27 72
27 73
28 74
28 75
28 76
29 77
29 78
29 79
30 80
30 81
31 82
31 83
31 84
32 85
32 86
33 87
33 88
34 89
34 90
34 91
35 92
35 93
36 94
36 95
37 96
37 97
38 98
39 99
39 100
40 101
40 102
41 103
42 104
42 105
43 106
44 107
44 108
45 109
46 110
47 111
48 112
49 113
50 114
51 115
52 116
53 117
54 118
55 119
56 119
57 120
58 121
59 121
60 122
61 122
62 123
63 123
64 124
65 124
66 124
67 125
68 125
69 125
70 125
71 126
72 126
73 126
74 126
75 126
76 126
77 126
78 126
79 126
80 126
81 125
82 125
83 125
84 125
85 125
86 125
87 124
88 124
89 124
90 123
91 123
92 123
93 122
94 122
95 122
96 121
97 121
98 120
99 120
100 119
101 119
102 118
103 118
104 117
105 117
106 116
107 116
108 116
109 115
110 115
111 115
112 115
113 115
114 115
115 114
116 114
117 114
118 114
119 114
120 114
121 114
122 114
123 114
