26 7
27 8
27 9
28 10
28 11
29 12
29 13
29 14
30 15
30 16
31 17
31 18
31 19
32 20
32 21
32 22
33 23
33 24
34 25
34 26
35 27
35 28
35 29
36 30
36 31
37 32
37 33
37 34
38 35
38 36
39 37
39 38
40 39
40 40
40 41
41 42
41 43
42 44
42 45
43 46
43 47
44 48
44 49
45 50
45 51
46 52
46 53
47 54
47 55
48 56
48 57
49 58
49 59
50 60
50 61
51 62
52 63
52 64
53 65
54 66
54 67
55 68
56 69
57 70
58 71
59 72
60 73
61 74
62 74
63 75
64 75
65 75
66 76
67 76
68 76
69 76
70 76
71 76
72 76
73 76
74 76
75 76
76 76
77 75
78 75
79 75
80 75
81 75
82 75
83 74
84 74
85 74
86 74
87 74
88 73
89 73
90 73
91 73
92 72
93 72
94 72
95 72
96 71
97 71
98 71
99 70
100 70
101 70
102 70
103 69
104 69
105 69
106 68
107 68
108 68
109 68
110 67
111 67
112 67
113 67
114 67
115 66
116 66
117 66
118 66
119 66
120 66
121 66
122 66
123 66
124 66
125 66
126 66
127 66
128 67
129 67
130 67
131 67
132 68
133 68
134 69
135 69
136 70
137 71
138 71
139 72
140 73
141 74
142 75
143 76
144 77
145 78
146 79
147 80
148 81
149 82
149 83
150 84
151 85
152 86
152 87
153 88
154 89
155 90
155 91
156 92
157 93
158 94
158 95
159 96
160 97
160 98
161 99
162 100
163 101
163 102
164 103
165 104
166 105
167 106
167 107
168 108
169 109
170 110
171 111
172 112
172 113
173 114
174 115
175 116
176 117
177 118
178 119
179 120
180 121
181 122
182 122
183 123
184 124
185 125
186 126
187 127
188 127
189 128
190 128
191 129
192 129
193 130
194 130
195 130
196 130
197 130
198 130
199 130
200 130
201 130
202 130
203 129
204 129
205 129
206 129
207 129
208 129
209 128
210 128
211 128
212 128
213 128
214 128
215 128
216 128
217 128
218 128
219 128
220 128
221 128
222 128
223 128
224 128
225 128
226 128
227 128
228 129
229 129
230 129
231 129
232 129
233 129
234 129
235 129
236 130
237 130
238 130
239 130
240 130
241 131
242 131
243 131
244 131
245 131
246 131
247 131
248 132
249 132
250 132
251 132
252 132
253 132
254 132
255 132
256 132
257 132
258 132
259 132
260 132
261 131
262 131
263 131
264 131
265 131
266 130
267 130
268 130
269 129
270 129
271 128
272 128
273 127
274 127
275 126
276 126
277 125
278 125
279 124
280 123
281 123
282 122
283 121
284 121
285 120
286 119
287 119
288 118
289 117
290 116
291 116
292 115
293 114
294 113
295 112
296 112
297 111
298 110
299 109
300 109
301 108
302 107
303 106
304 106
305 105
306 105
307 104
308 103
309 103
310 103
311 102
312 102
313 102
314 102
315 102
316 102
317 103
318 103
319 103
320 104
321 105
322 105
323 106
324 107
325 108
326 109
327 110
328 111
329 112
330 113
331 114
332 115
333 116
334 117
335 118
336 119
337 120
338 121
339 122
340 123
341 123
342 124
343 124
344 125
345 125
346 125
347 125
348 125
349 124
350 124
351 124
352 123
353 123
354 122
355 122
356 121
357 121
358 120
359 120
360 119
361 119
362 118
363 118
364 118
365 117
366 117
367 117
368 116
369 116
370 116
371 115
372 115
373 115
374 114
375 114
376 114
377 113
378 113
379 113
380 112
381 112
382 112
383 111
384 111
385 111
386 111
387 110
388 110
389 110
390 110
391 109
392 109
393 109
394 109
395 109
396 109
397 109
398 108
399 108
400 108
401 108
402 109
403 109
404 109
405 109
406 109
407 109
408 109
409 109
410 110
411 110
412 110
413 110
414 110
415 111
416 111
417 111
418 111
419 111
420 112
421 112
422 112
423 112
424 112
425 113
426 113
427 113
428 113
429 113
430 113
431 113
432 113
433 113
434 113
435 113
436 113
437 113
438 113
439 113
440 113
441 113
442 113
443 113
444 113
445 113
446 112
447 112
448 112
449 112
450 111
451 111
452 111
453 110
454 110
455 110
456 109
457 109
458 109
459 108
460 108
461 108
462 108
463 107
464 107
465 107
466 107
467 107
468 107
469 108
470 108
471 108
472 108
473 109
474 109
475 110
476 110
477 111
478 111
479 112
480 113
481 113
482 114
483 115
484 116
485 117
486 118
487 119
488 120
489 121
490 122
491 123
492 124
493 125
493 126
494 127
495 128
496 129
497 130
497 131
498 132
499 133
500 134
500 135
501 136
502 137
502 138
503 139
504 140
505 141
505 142
506 143
507 144
507 145
508 146
509 147
509 148
510 149
511 150
511 151
