15 40
16 40
17 40
18 41
19 41
20 41
21 42
22 42
23 43
24 43
25 44
26 44
27 44
28 45
29 45
30 46
31 46
32 47
33 47
34 47
35 48
36 48
37 49
38 49
39 49
40 50
41 50
42 50
43 51
44 51
45 51
46 52
47 52
48 52
49 53
50 53
51 53
52 54
53 54
54 54
55 55
56 55
57 55
58 55
59 56
60 56
61 56
62 56
63 56
64 57
65 57
66 57
67 57
68 57
69 57
70 58
71 58
72 58
73 58
74 58
75 58
76 58
77 58
78 58
79 59
80 59
81 59
82 59
83 59
84 59
85 59
86 59
87 59
88 59
89 59
90 59
91 59
92 59
93 59
94 59
95 60
96 60
97 60
98 60
99 60
100 60
101 60
102 60
103 60
104 60
105 60
106 60
107 60
108 60
109 61
110 61
111 61
112 61
113 61
114 61
115 61
116 61
117 61
118 62
119 62
120 62
121 62
122 62
123 63
124 63
125 63
126 63
127 63
128 64
129 64
130 64
131 65
132 65
133 65
134 65
135 66
136 66
137 67
138 67
139 67
140 68
141 68
142 69
143 69
144 70
145 70
146 71
147 71
148 72
149 72
150 73
151 73
152 74
153 75
154 75
155 76
156 76
157 77
158 78
159 78
160 79
161 80
162 80
163 81
164 82
165 83
166 83
167 84
168 85
169 85
170 86
171 87
172 87
173 88
174 89
175 89
176 90
177 91
178 91
179 92
180 93
181 93
182 94
183 95
184 95
185 96
186 96
187 97
188 97
189 98
190 99
191 99
192 100
193 100
194 101
195 101
196 102
197 102
198 103
199 104
200 104
201 105
202 105
203 106
204 106
205 107
206 108
207 108
208 109
209 109
210 110
211 111
212 111
213 112
214 113
215 114
216 114
217 115
218 116
219 117
220 118
221 119
222 120
223 121
224 122
225 123
226 124
227 125
228 126
229 127
230 128
230 129
231 130
232 131
233 132
234 133
235 134
236 135
237 136
238 137
239 138
240 139
241 140
242 141
243 141
244 142
245 143
246 143
247 144
248 144
249 145
250 145
251 146
252 146
253 146
254 146
255 146
256 147
257 147
258 147
259 147
260 147
261 146
262 146
263 146
264 146
265 146
266 145
267 145
268 145
269 145
270 144
271 144
272 144
273 143
274 143
275 142
276 142
277 142
278 141
279 141
280 140
281 140
282 139
283 139
284 138
285 138
286 137
287 137
288 136
289 136
290 135
291 135
292 134
293 134
294 133
295 133
296 132
297 131
298 131
299 130
300 130
301 129
302 129
303 128
304 127
305 127
306 126
307 126
308 125
309 124
310 124
311 123
312 123
313 122
314 122
315 121
316 121
317 121
318 120
319 120
320 120
321 119
322 119
323 119
324 119
325 119
326 119
327 119
328 119
329 119
330 119
331 119
332 119
333 119
334 119
335 120
336 120
337 120
338 120
339 121
340 121
341 121
342 122
343 122
344 122
345 123
346 123
347 123
348 124
349 124
350 124
351 125
352 125
353 125
354 126
355 126
356 127
357 127
358 127
359 128
360 128
361 128
362 129
363 129
364 129
365 130
366 130
367 130
368 131
369 131
370 131
371 132
372 132
373 132
374 133
375 133
376 133
377 134
378 134
379 134
380 135
381 135
382 135
383 136
384 136
385 136
386 137
387 137
388 137
389 138
390 138
391 139
392 139
393 139
394 140
395 140
396 140
397 141
398 141
399 142
400 142
401 143
402 143
403 143
404 144
405 144
406 145
407 145
408 146
409 146
410 147
411 147
412 148
413 148
414 149
415 149
416 150
417 150
418 151
419 151
420 152
421 152
422 153
423 154
424 154
425 155
426 155
427 156
428 157
429 157
430 158
431 158
432 159
433 160
434 160
435 161
436 162
437 162
438 163
439 164
440 165
441 165
442 166
443 167
444 168
445 168
446 169
447 170
448 171
449 172
450 172
451 173
452 174
453 175
454 176
455 177
456 177
457 178
458 179
459 180
460 181
461 182
462 182
463 183
464 184
465 185
466 186
467 186
468 187
469 188
470 189
471 189
472 190
473 191
474 191
475 192
476 193
477 193
478 194
479 194
480 195
481 195
482 196
483 196
484 197
485 197
486 197
487 197
488 198
489 198
490 198
491 198
492 198
493 199
494 199
495 199
496 199
497 199
498 199
499 199
500 199
501 199
502 199
503 199
504 199
505 198
506 198
507 198
508 198
509 197
510 197
511 196
512 196
513 195
514 195
515 194
516 193
517 192
518 191
519 190
520 189
521 188
522 187
523 186
524 185
524 184
525 183
526 182
527 181
527 180
528 179
529 178
529 177
530 176
531 175
532 174
532 173
533 172
534 171
534 170
535 169
536 168
537 167
537 166
538 165
539 164
539 163
540 162
541 161
542 160
542 159
543 158
544 157
545 156
546 155
546 154
547 153
548 152
549 151
550 150
551 149
552 148
552 147
553 146
554 145
555 144
556 143
557 142
558 141
559 140
560 139
561 138
562 137
563 136
564 135
565 134
566 133
567 132
568 132
569 131
570 130
571 129
572 128
573 128
574 127
575 126
576 125
577 125
578 124
579 123
580 123
581 122
582 122
583 121
584 120
585 120
586 119
587 119
588 118
589 118
590 117
591 117
592 116
593 116
594 116
595 115
596 115
597 114
598 114
599 113
600 113
601 113
602 112
603 112
604 111
605 111
606 111
607 110
608 110
609 109
610 109
611 109
612 108
613 108
614 107
615 107
616 107
617 106
618 106
619 105
620 105
621 105
622 104
623 104
624 103
625 103
626 103
627 102
628 102
629 102
630 101
631 101
632 100
633 100
634 100
635 99
