8 59
9 60
9 61
10 62
10 63
11 64
11 65
12 66
12 67
13 68
13 69
14 70
14 71
15 72
15 73
16 74
16 75
17 76
17 77
18 78
18 79
19 80
19 81
20 82
20 83
21 84
22 85
22 86
23 87
24 88
25 89
26 90
27 91
28 92
29 92
30 92
31 93
32 93
33 93
34 93
35 93
36 93
37 93
38 93
39 93
40 93
41 93
42 94
43 94
44 94
45 95
46 95
47 95
48 96
49 96
50 97
51 97
52 98
53 98
54 99
55 99
56 100
57 100
58 101
59 101
60 102
61 103
62 103
63 104
64 104
65 105
66 106
67 106
68 107
69 107
70 108
71 109
72 109
73 110
74 110
75 111
76 111
77 112
78 112
79 112
80 113
81 113
82 114
83 114
84 114
85 115
86 115
87 115
88 116
89 116
90 116
91 117
92 117
93 117
94 117
95 117
96 118
97 118
98 118
99 118
100 118
101 118
102 118
103 118
104 119
105 119
106 119
107 119
108 119
109 119
110 119
111 119
112 119
113 119
114 119
115 119
116 120
117 120
118 120
119 120
120 120
121 120
122 120
123 121
124 121
125 121
126 121
127 121
128 121
129 121
130 120
131 120
132 120
133 120
134 119
135 119
136 119
137 118
138 118
139 117
140 117
141 116
142 116
143 115
144 115
145 114
146 114
147 113
148 113
149 112
150 112
151 111
152 111
153 110
154 110
155 109
156 109
157 108
158 108
159 107
160 107
161 106
162 106
163 105
164 105
165 105
166 104
167 104
168 103
169 103
170 103
171 102
172 102
173 101
174 101
175 101
176 101
177 100
178 100
179 100
180 99
181 99
182 99
183 99
184 99
185 99
186 99
187 99
188 99
189 99
190 99
191 99
192 99
193 99
194 100
195 100
196 101
197 101
198 102
199 102
200 103
201 104
202 105
203 106
204 107
205 107
206 108
207 109
208 110
209 111
210 112
211 113
212 114
213 114
214 115
215 116
216 117
217 117
218 118
219 119
220 119
221 120
222 120
223 121
224 121
225 122
226 122
227 123
228 123
229 123
230 124
231 124
232 124
233 124
234 124
235 124
236 125
237 125
238 125
239 125
240 125
241 125
242 125
243 125
244 125
245 125
246 125
247 125
248 125
249 125
250 125
251 126
252 126
253 126
254 126
255 126
256 126
257 126
258 126
259 126
260 126
261 126
262 126
263 126
264 126
265 126
266 126
267 126
268 126
269 125
270 125
271 125
272 125
273 125
274 124
275 124
276 124
277 124
278 124
279 124
280 123
281 123
282 123
283 123
284 123
285 123
286 123
287 123
288 123
289 123
290 123
291 123
292 123
293 123
294 122
295 122
296 122
297 122
298 122
299 122
300 121
301 121
302 121
303 121
304 121
305 120
306 120
307 120
308 120
309 120
310 120
311 120
312 120
313 120
314 120
315 120
316 120
317 120
318 120
319 120
320 120
321 120
322 121
323 121
324 121
325 121
326 122
327 122
328 122
329 123
330 123
331 124
332 124
333 124
334 125
335 125
336 126
337 126
338 127
339 127
340 128
341 128
342 129
343 129
344 130
345 130
346 131
347 131
348 131
349 132
350 132
351 133
352 133
353 133
354 133
355 134
356 134
357 134
358 134
359 134
360 134
361 134
362 134
363 134
364 133
365 133
366 132
367 132
368 131
369 131
370 130
371 129
372 129
373 128
374 127
375 126
376 125
377 124
378 123
379 122
380 121
381 120
382 119
383 118
384 117
385 116
386 115
387 114
388 113
389 112
390 111
391 111
392 110
393 109
394 108
395 108
396 107
397 107
398 106
399 106
400 105
401 105
402 105
403 105
404 104
405 104
406 104
407 104
408 104
409 104
410 103
411 103
412 103
413 103
414 103
415 103
416 103
417 102
418 102
419 102
420 102
421 102
422 102
423 101
424 101
425 101
426 101
427 101
428 101
429 100
430 100
431 100
432 100
433 100
434 100
435 100
