38 32
39 33
40 34
40 35
41 36
42 37
43 38
43 39
44 40
45 41
46 42
47 43
47 44
48 45
49 46
50 47
50 48
51 49
52 50
53 51
54 52
54 53
55 54
56 55
57 56
57 57
58 58
59 59
60 60
60 61
61 62
62 63
63 64
63 65
64 66
65 67
65 68
66 69
67 70
68 71
68 72
69 73
70 74
71 75
71 76
72 77
73 78
73 79
74 80
75 81
76 82
76 83
77 84
78 85
78 86
79 87
80 88
80 89
81 90
82 91
83 92
83 93
84 94
85 95
85 96
86 97
87 98
87 99
88 100
89 101
90 102
90 103
91 104
92 105
92 106
93 107
94 108
94 109
95 110
96 111
96 112
97 113
98 114
99 115
99 116
100 117
101 118
101 119
102 120
103 121
104 122
104 123
105 124
106 125
106 126
107 127
108 128
109 129
109 130
110 131
111 132
112 133
112 134
113 135
114 136
115 137
115 138
116 139
117 140
118 141
118 142
119 143
120 144
121 145
122 146
122 147
123 148
124 149
125 150
126 151
127 152
127 153
128 154
129 155
130 156
131 157
132 158
133 159
134 160
135 161
136 162
137 163
138 164
139 165
140 166
141 166
142 167
143 168
144 169
145 169
146 170
147 171
148 171
149 172
150 173
151 173
152 174
153 174
154 175
155 175
156 176
157 176
158 177
159 177
160 178
161 178
162 179
163 179
164 180
165 180
166 181
167 181
168 182
169 183
170 183
171 184
172 185
173 185
174 186
175 187
176 187
177 188
178 189
179 189
180 190
181 191
182 191
183 192
184 193
185 193
186 194
187 194
188 195
189 196
190 196
191 197
192 197
193 198
194 198
195 198
196 199
197 199
198 199
199 199
200 199
201 200
202 200
203 200
204 200
205 200
206 200
207 199
208 199
209 199
210 199
211 199
212 198
213 198
214 198
215 197
216 197
217 197
218 196
219 196
220 195
221 195
222 194
223 193
224 193
225 192
226 192
227 191
228 190
229 190
230 189
231 188
232 188
233 187
234 186
235 185
236 185
237 184
238 183
239 182
240 182
241 181
242 180
243 179
244 179
245 178
246 177
247 176
248 176
249 175
250 174
251 173
252 172
253 172
254 171
255 170
256 169
257 169
258 168
259 167
260 166
261 166
262 165
263 164
264 164
265 163
266 162
267 161
268 161
269 160
270 159
271 159
272 158
273 157
274 157
275 156
276 155
277 155
278 154
279 153
280 153
281 152
282 151
283 151
284 150
285 150
286 149
287 148
288 148
289 147
290 146
291 146
292 145
293 145
294 144
295 144
296 143
297 143
298 143
299 142
300 142
301 142
302 141
303 141
304 141
305 141
306 140
307 140
308 140
309 140
310 140
311 140
312 140
313 140
314 140
315 140
316 140
317 141
318 141
319 141
320 141
321 142
322 142
323 142
324 142
325 143
326 143
327 144
328 144
329 144
330 145
331 145
332 146
333 146
334 147
335 147
336 148
337 148
338 149
339 149
340 150
341 151
342 151
343 152
344 152
345 153
346 154
347 154
348 155
349 155
350 156
351 157
352 157
353 158
354 159
355 160
356 160
357 161
358 162
359 162
360 163
361 164
362 164
363 165
364 166
365 166
366 167
367 168
368 168
369 169
370 170
371 170
372 171
373 172
374 172
375 173
376 173
377 174
378 175
379 175
380 176
381 176
382 177
383 177
384 178
385 178
386 178
387 179
388 179
389 180
390 180
391 180
392 181
393 181
394 181
395 182
396 182
397 182
398 183
399 183
400 183
401 184
402 184
403 184
404 185
405 185
406 185
407 186
408 186
409 186
410 187
411 187
412 187
413 187
414 188
415 188
416 188
417 189
418 189
419 189
420 190
421 190
422 190
423 191
424 191
425 191
426 191
427 192
428 192
429 192
430 192
431 193
432 193
433 193
434 193
435 194
436 194
437 194
438 194
439 195
440 195
441 195
442 195
443 195
444 195
445 196
446 196
447 196
448 196
449 196
450 196
451 196
452 197
453 197
454 197
455 197
456 197
457 197
458 197
459 197
460 197
461 197
462 197
463 196
464 196
465 196
466 196
467 196
468 196
469 195
470 195
471 195
472 195
473 194
474 194
475 194
476 193
477 193
478 192
479 192
480 191
481 191
482 190
483 189
484 189
485 188
486 187
487 187
488 186
489 185
490 184
491 184
492 183
493 182
494 181
495 180
496 179
497 178
498 177
499 176
500 175
501 174
502 173
503 172
504 171
504 170
505 169
506 168
507 167
508 166
508 165
509 164
510 163
510 162
511 161
512 160
513 159
513 158
514 157
514 156
515 155
516 154
516 153
517 152
518 151
518 150
519 149
519 148
520 147
521 146
521 145
522 144
522 143
523 142
524 141
524 140
525 139
525 138
526 137
526 136
527 135
527 134
528 133
529 132
