13 80
14 81
15 82
16 83
17 83
18 84
19 85
20 86
21 87
22 88
23 89
24 89
25 90
26 91
27 92
28 93
29 94
30 94
31 95
32 96
33 97
34 98
35 99
36 99
37 100
38 101
39 102
40 103
41 104
42 104
43 105
44 106
45 107
46 108
47 108
48 109
49 110
50 111
51 111
52 112
53 113
54 114
55 115
56 115
57 116
58 117
59 118
60 118
61 119
62 120
63 121
64 121
65 122
66 123
67 124
68 124
69 125
70 126
71 127
72 127
73 128
74 129
75 129
76 130
77 131
78 131
79 132
80 132
81 133
82 133
83 134
84 134
85 134
86 135
87 135
88 135
89 135
90 136
91 136
92 136
93 136
94 136
95 136
96 136
97 136
98 136
99 136
100 136
101 136
102 136
103 136
104 136
105 136
106 136
107 136
108 136
109 136
110 136
111 136
112 136
113 136
114 136
115 136
116 135
117 135
118 135
119 135
120 135
121 135
122 135
123 135
124 135
125 135
126 135
127 135
128 135
129 135
130 135
131 136
132 136
133 136
134 136
135 136
136 136
137 136
138 136
139 137
140 137
141 137
142 137
143 137
144 137
145 137
146 137
147 138
148 138
149 138
150 138
151 138
152 138
153 138
154 138
155 138
156 138
157 138
158 137
159 137
160 137
161 137
162 137
163 137
164 137
165 137
166 137
167 136
168 136
169 136
170 136
171 136
172 136
173 136
174 136
175 136
176 135
177 135
178 135
179 135
180 135
181 135
182 135
183 135
184 135
185 135
186 135
187 135
188 135
189 135
190 135
191 136
192 136
193 136
194 136
195 136
196 136
197 137
198 137
199 137
200 137
201 138
202 138
203 138
204 139
205 139
206 139
207 140
208 140
209 141
210 141
211 141
212 142
213 142
214 142
215 143
216 143
217 144
218 144
219 144
220 145
221 145
222 145
223 146
224 146
225 146
226 146
227 147
228 147
229 147
230 147
231 148
232 148
233 148
234 148
235 149
236 149
237 149
238 149
239 149
240 150
241 150
242 150
243 150
244 150
245 150
246 151
247 151
248 151
249 151
250 151
251 151
252 152
253 152
254 152
255 152
256 152
257 152
258 152
259 153
260 153
261 153
262 153
263 153
264 153
265 154
266 154
267 154
268 154
269 154
270 154
271 155
272 155
273 155
274 155
275 155
276 155
277 156
278 156
279 156
280 156
281 156
282 156
283 157
284 157
285 157
286 157
287 157
288 157
289 158
290 158
291 158
292 158
293 158
294 158
295 158
296 159
297 159
298 159
299 159
300 159
301 159
302 159
303 159
304 159
305 159
306 159
307 159
308 159
309 159
310 159
311 159
312 159
313 159
314 158
315 158
316 158
317 158
318 158
319 158
320 157
321 157
322 157
323 157
324 157
