16 15
17 15
18 15
19 16
20 16
21 16
22 17
23 17
24 18
25 18
26 18
27 19
28 19
29 20
30 20
31 21
32 22
33 22
34 23
35 23
36 24
37 25
38 25
39 26
40 27
41 27
42 28
43 28
44 29
45 29
46 30
47 30
48 31
49 31
50 31
51 32
52 32
53 32
54 33
55 33
56 33
57 34
58 34
59 34
60 35
61 35
62 35
63 36
64 36
65 37
66 37
67 38
68 38
69 39
70 40
71 40
72 41
73 42
74 43
75 43
76 44
77 45
78 46
79 47
80 48
81 49
82 50
83 51
84 52
85 53
86 54
87 55
88 56
89 57
90 58
91 59
92 60
92 61
93 62
94 63
95 64
96 65
97 66
98 67
99 68
99 69
100 70
101 71
102 72
103 73
104 74
104 75
105 76
106 77
107 78
108 79
109 80
109 81
110 82
111 83
112 84
113 85
114 86
114 87
115 88
116 89
117 90
118 91
119 92
119 93
120 94
121 95
122 96
123 97
124 98
125 99
125 100
126 101
127 102
128 103
129 104
130 105
131 106
132 107
133 108
134 109
135 110
136 111
137 112
138 113
139 114
140 115
141 116
142 117
143 118
144 119
145 120
146 121
147 121
148 122
149 123
150 124
151 125
152 125
153 126
154 127
155 127
156 128
157 128
158 129
159 130
160 130
161 131
162 131
163 132
164 132
165 133
166 133
167 134
168 134
169 135
170 135
171 136
172 136
173 136
174 136
175 137
176 137
177 137
178 137
179 137
180 137
181 136
182 136
183 136
184 135
185 135
186 134
187 133
188 133
189 132
190 131
191 130
192 129
193 128
194 127
195 126
195 125
196 124
197 123
198 122
198 121
199 120
200 119
200 118
201 117
202 116
202 115
203 114
204 113
204 112
205 111
206 110
207 109
208 108
209 107
209 106
210 105
211 105
212 104
213 103
214 102
215 101
216 101
217 100
218 100
219 99
220 99
221 98
222 98
223 97
224 97
