21 18
22 19
22 20
23 21
23 22
24 23
24 24
25 25
26 26
26 27
27 28
27 29
28 30
28 31
29 32
29 33
30 34
30 35
31 36
31 37
32 38
32 39
33 40
33 41
34 42
34 43
35 44
35 45
36 46
36 47
37 48
38 49
38 50
39 51
39 52
40 53
40 54
41 55
41 56
41 57
42 58
42 59
43 60
43 61
44 62
44 63
45 64
45 65
46 66
46 67
47 68
47 69
48 70
48 71
49 72
49 73
50 74
50 75
51 76
51 77
52 78
52 79
52 80
53 81
53 82
54 83
54 84
55 85
55 86
56 87
56 88
57 89
58 90
58 91
59 92
59 93
60 94
61 95
61 96
62 97
63 98
64 99
65 100
66 101
67 102
68 103
69 103
70 104
71 104
72 104
73 103
74 103
75 102
76 102
77 101
78 100
79 99
80 98
81 97
82 96
83 95
84 94
85 93
85 92
86 91
87 90
88 89
89 89
90 88
91 87
92 87
93 86
94 86
95 86
96 86
97 86
98 86
99 86
100 86
101 87
102 88
103 88
104 89
105 90
106 91
107 92
108 93
108 94
109 95
110 96
111 97
112 98
113 99
113 100
114 101
115 102
116 103
117 104
118 105
118 106
119 107
120 108
121 109
122 110
123 111
124 111
125 112
126 113
127 113
128 114
129 114
130 114
131 114
132 114
133 114
134 114
135 113
136 113
137 112
138 112
139 111
140 111
141 110
142 109
143 108
144 107
145 107
146 106
147 105
148 104
149 103
150 102
151 101
152 100
153 99
154 98
155 97
156 96
157 95
158 94
159 93
160 92
160 91
161 90
162 89
163 88
164 87
165 86
166 85
167 84
168 83
169 82
170 81
171 80
172 79
173 78
174 77
175 76
176 76
177 75
178 74
179 74
180 73
181 73
182 72
183 72
184 72
185 72
186 72
187 72
188 72
189 72
190 72
191 72
192 72
193 72
194 72
195 72
196 72
197 72
198 72
199 73
200 73
201 73
202 73
203 73
204 74
205 74
206 74
207 74
208 74
209 74
210 75
211 75
212 75
213 75
214 75
215 75
216 75
217 75
218 75
219 76
220 76
221 76
222 76
223 76
224 76
225 76
226 76
227 76
228 76
229 75
230 75
231 75
232 75
233 75
234 75
235 75
236 74
237 74
238 74
239 74
240 74
241 73
242 73
243 73
244 73
245 72
246 72
247 72
248 71
249 71
250 71
251 70
252 70
253 69
254 69
255 69
256 68
257 68
258 67
259 67
260 66
261 66
262 65
263 65
264 64
265 64
266 63
267 62
268 62
269 61
270 60
271 59
272 59
273 58
274 57
275 56
276 55
277 54
278 53
279 52
280 51
281 50
282 49
283 48
284 47
284 46
285 45
286 44
287 43
288 42
289 41
290 40
291 39
292 39
293 38
294 37
295 37
296 36
297 36
298 35
299 35
300 35
301 35
302 34
303 34
304 34
305 34
306 34
307 34
308 34
309 34
310 34
311 34
312 35
313 35
314 35
315 35
316 36
317 36
318 36
319 37
320 37
321 38
322 38
323 39
324 39
325 40
326 40
327 41
328 42
329 42
330 43
331 44
332 45
333 45
334 46
335 47
336 48
337 49
338 50
339 51
340 52
341 53
342 54
343 55
344 56
345 57
346 58
347 59
348 60
349 61
350 62
351 63
351 64
352 65
353 66
354 67
355 68
356 69
356 70
357 71
358 72
359 73
359 74
360 75
361 76
361 77
362 78
363 79
364 80
364 81
365 82
365 83
366 84
367 85
367 86
368 87
368 88
369 89
369 90
370 91
370 92
371 93
371 94
372 95
372 96
373 97
373 98
374 99
375 100
375 101
376 102
376 103
377 104
377 105
378 106
379 107
379 108
380 109
381 110
382 111
383 112
384 113
385 113
386 114
387 114
388 115
389 115
390 115
391 115
392 115
393 115
394 115
395 115
396 115
397 115
398 115
399 115
400 114
401 114
402 114
403 113
404 113
405 113
406 112
407 112
408 112
409 111
410 111
411 110
412 110
413 109
414 109
415 108
416 108
417 107
418 107
419 106
420 106
421 105
422 105
423 104
424 103
425 103
426 102
427 101
428 101
429 100
430 99
431 99
432 98
433 97
434 96
435 96
436 95
437 94
438 93
439 92
440 91
441 91
442 90
443 89
444 88
445 87
446 86
447 85
448 84
449 83
450 82
451 81
452 81
453 80
454 79
455 78
456 77
457 76
458 75
459 74
460 73
461 72
462 71
