22 9
23 9
24 10
25 11
26 12
27 13
28 13
29 14
30 15
31 16
32 17
33 18
34 18
35 19
36 20
37 21
38 22
39 22
40 23
41 24
42 25
43 25
44 26
45 27
46 28
47 28
48 29
49 29
50 30
51 31
52 31
53 32
54 32
55 33
56 33
57 33
58 34
59 34
60 35
61 35
62 35
63 35
64 36
65 36
66 36
67 36
68 36
69 36
70 36
71 36
72 36
73 36
74 37
75 37
76 37
77 37
78 37
79 37
80 37
81 37
82 37
83 37
84 37
85 37
86 37
87 37
88 37
89 37
90 37
91 37
92 38
93 38
94 38
95 38
96 38
97 39
98 39
99 39
100 39
101 40
102 40
103 41
104 41
105 41
106 42
107 42
108 43
109 43
110 44
111 44
112 45
113 45
114 46
115 47
116 47
117 48
118 49
119 49
120 50
121 51
122 52
123 53
124 54
125 55
126 56
127 57
128 58
129 59
130 60
131 61
132 62
132 63
133 64
134 65
135 66
136 67
136 68
137 69
138 70
139 71
139 72
140 73
141 74
141 75
142 76
143 77
143 78
144 79
145 80
145 81
146 82
147 83
147 84
148 85
149 86
149 87
150 88
150 89
151 90
152 91
152 92
153 93
154 94
154 95
155 96
155 97
156 98
157 99
157 100
158 101
158 102
159 103
160 104
160 105
161 106
161 107
162 108
163 109
163 110
164 111
165 112
165 113
166 114
166 115
167 116
168 117
168 118
169 119
170 120
170 121
171 122
172 123
172 124
173 125
174 126
174 127
175 128
176 129
177 130
177 131
178 132
179 133
180 134
181 135
181 136
182 137
183 138
184 139
185 140
186 141
187 142
188 143
189 144
190 144
191 145
192 146
193 146
194 147
195 147
196 148
197 148
198 149
199 149
200 149
201 149
202 150
203 150
204 150
205 150
206 150
207 150
208 150
209 151
210 151
211 151
212 151
213 151
214 151
215 152
216 152
217 152
218 152
219 152
220 152
221 153
222 153
223 153
224 153
225 153
226 153
227 153
228 153
229 153
230 153
231 153
232 153
233 153
234 153
235 152
236 152
237 152
238 151
239 151
240 150
241 150
242 149
243 149
244 148
245 147
246 147
247 146
248 145
249 144
250 144
251 143
252 142
253 142
