11 90
12 90
13 90
14 90
15 90
16 89
17 89
18 89
19 89
20 89
21 88
22 88
23 88
24 88
25 88
26 88
27 87
28 87
29 87
30 87
31 87
32 87
33 87
34 86
35 86
36 86
37 86
38 86
39 86
40 86
41 86
42 86
43 86
44 85
45 85
46 85
47 85
48 85
49 85
50 85
51 85
52 85
53 85
54 85
55 85
56 85
57 85
58 86
59 86
60 86
61 86
62 86
63 86
64 86
65 86
66 87
67 87
68 87
69 87
70 88
71 88
72 88
73 88
74 89
75 89
76 89
77 90
78 90
79 90
80 90
81 91
82 91
83 91
84 92
85 92
86 92
87 92
88 93
89 93
90 93
91 93
92 93
93 93
94 93
95 93
96 93
97 93
98 93
99 93
100 93
101 93
102 93
103 93
104 92
105 92
106 92
107 92
108 92
109 91
110 91
111 91
112 91
113 91
114 90
115 90
116 90
117 90
118 90
119 90
120 89
121 89
122 89
123 89
124 89
125 89
126 89
127 89
128 89
129 90
130 90
131 90
132 90
133 90
134 91
135 91
136 91
137 91
138 92
139 92
140 92
141 92
142 93
143 93
144 93
145 93
146 93
147 93
148 94
149 94
150 94
151 94
152 94
153 94
154 94
155 94
156 94
157 94
158 93
159 93
160 93
161 93
162 93
163 93
164 92
165 92
166 92
167 92
168 91
169 91
170 91
171 90
172 90
173 90
174 90
175 89
176 89
177 88
178 88
179 88
180 87
181 87
182 87
183 86
184 86
185 85
186 85
187 85
188 84
189 84
190 83
191 83
192 82
193 82
194 81
195 81
196 80
197 80
198 79
199 79
200 78
201 78
202 78
203 77
204 77
205 76
206 76
207 75
208 75
