11 63
12 62
13 61
14 61
15 61
16 60
17 60
18 60
19 59
20 59
21 59
22 58
23 58
24 58
25 57
26 57
27 57
28 57
29 56
30 56
31 56
32 56
33 56
34 56
35 56
36 56
37 57
38 57
39 57
40 58
41 58
42 59
43 60
44 61
45 61
46 62
47 63
48 64
49 65
50 66
51 67
52 68
53 69
54 70
55 71
56 72
57 73
58 74
59 75
60 76
61 77
62 78
63 79
64 80
65 81
66 82
67 83
68 84
69 85
70 86
71 87
72 87
73 88
74 89
75 90
76 90
77 91
78 92
79 92
80 93
81 93
82 94
83 94
84 95
85 95
86 96
87 96
88 96
89 97
90 97
91 97
92 97
93 98
94 98
95 98
96 98
97 98
98 99
99 99
100 99
101 99
102 99
103 99
104 99
105 99
106 99
107 99
108 98
109 98
110 98
111 98
112 98
113 98
114 97
115 97
116 97
117 97
118 97
119 96
120 96
121 96
122 95
123 95
124 95
125 94
126 94
127 94
128 93
129 93
130 93
131 92
132 92
133 92
134 91
135 91
136 91
137 91
138 90
139 90
140 90
141 89
142 89
143 89
144 89
145 88
146 88
147 88
148 88
149 88
150 88
151 87
152 87
153 87
154 87
155 87
156 87
157 87
158 87
159 87
160 87
161 87
162 88
163 88
164 88
165 88
166 89
167 89
168 89
169 90
170 90
171 91
172 91
173 92
174 92
175 93
176 94
177 94
178 95
179 96
180 97
181 97
182 98
183 99
184 100
185 101
186 102
187 103
188 104
189 105
190 106
191 107
192 108
193 109
194 110
195 111
196 112
197 113
198 114
199 115
200 116
201 117
202 118
203 119
204 120
205 121
206 122
207 123
208 123
209 124
210 125
211 126
212 127
213 128
214 128
215 129
216 130
217 130
218 131
219 132
220 132
221 133
222 134
223 134
224 135
225 135
226 136
227 136
228 137
229 137
230 138
231 138
232 139
233 139
234 139
235 140
236 140
237 140
238 141
239 141
240 141
241 142
242 142
243 142
244 143
245 143
246 143
247 143
248 144
249 144
250 144
251 144
252 145
253 145
