37 74
38 75
39 75
40 76
41 77
42 78
43 78
44 79
45 80
46 81
47 81
48 82
49 83
50 84
51 84
52 85
53 86
54 87
55 87
56 88
57 89
58 90
59 90
60 91
61 92
62 92
63 93
64 93
65 94
66 95
67 95
68 96
69 96
70 97
71 97
72 98
73 98
74 99
75 99
76 100
77 100
78 101
79 101
80 102
81 102
82 103
83 103
84 104
85 104
86 105
87 105
88 106
89 106
90 107
91 108
92 109
93 109
94 110
95 111
96 112
97 113
98 114
99 115
100 116
101 117
102 118
103 119
104 120
105 121
105 122
106 123
107 124
108 125
109 126
109 127
110 128
111 129
112 130
112 131
113 132
114 133
115 134
115 135
116 136
117 137
118 138
118 139
119 140
120 141
121 142
122 143
123 144
124 145
125 146
126 147
127 147
128 148
129 148
130 148
131 147
132 147
133 146
134 146
135 145
136 144
137 143
138 142
139 141
139 140
140 139
141 138
141 137
142 136
143 135
143 134
144 133
145 132
145 131
146 130
146 129
147 128
148 127
148 126
149 125
149 124
150 123
151 122
152 121
152 120
153 119
154 118
155 117
156 116
157 115
158 114
159 113
160 112
161 112
162 111
163 111
164 110
165 110
166 110
167 109
168 109
169 109
170 109
171 109
172 109
173 109
174 109
175 109
176 109
177 109
178 108
179 108
180 108
181 107
182 107
183 107
184 106
185 106
186 105
187 105
188 104
189 104
190 103
191 103
192 103
193 103
194 103
195 103
196 103
197 103
198 103
199 103
200 104
201 104
202 104
203 105
204 106
205 106
206 107
207 108
208 109
209 110
210 111
211 112
212 113
213 114
214 115
215 116
216 117
217 118
218 119
219 120
220 121
221 122
221 123
222 124
223 125
224 126
225 127
226 128
227 129
228 130
229 131
230 132
231 133
232 133
233 134
234 135
235 135
236 136
237 137
238 137
239 137
240 138
241 138
242 138
243 138
244 138
245 138
246 138
247 138
248 138
249 138
250 138
251 137
252 137
253 137
254 136
255 136
256 136
257 135
258 135
259 134
260 134
261 133
262 133
263 132
264 132
265 131
266 130
267 130
268 129
269 129
270 128
271 127
272 127
273 126
274 126
275 125
276 124
277 124
278 123
279 123
280 122
281 121
282 121
283 120
284 120
285 119
286 119
287 118
288 118
289 117
290 117
291 116
292 116
293 115
294 115
295 115
296 114
297 114
298 114
299 114
300 113
301 113
302 113
303 113
304 113
305 113
306 112
307 112
308 112
309 112
310 112
311 112
312 112
313 112
314 112
315 112
316 112
317 112
318 112
319 112
320 112
321 112
322 112
323 112
324 112
325 112
326 112
327 112
328 112
329 112
330 112
331 112
332 112
333 112
334 112
335 112
336 112
337 113
338 113
339 113
340 113
341 113
342 113
343 114
344 114
345 114
346 114
347 115
348 115
349 115
350 116
351 116
352 116
353 117
354 117
355 117
356 118
357 118
358 119
359 119
360 119
361 120
362 120
363 121
364 121
365 122
366 122
367 122
368 123
369 123
370 124
371 124
372 125
373 125
374 125
375 126
376 126
377 127
378 127
379 127
380 128
381 128
382 128
383 129
384 129
385 129
386 129
387 130
388 130
389 130
390 130
391 130
392 131
393 131
394 131
395 131
396 131
397 132
398 132
399 132
400 132
401 132
402 133
403 133
404 133
405 133
406 134
407 134
408 134
409 134
410 135
411 135
412 135
413 136
414 136
415 137
416 137
417 138
418 138
419 139
420 140
421 140
422 141
423 142
424 142
425 143
426 144
427 145
428 146
429 147
430 148
431 149
432 150
433 151
434 152
435 153
436 154
437 155
438 156
439 157
440 158
441 159
442 160
443 161
444 162
445 163
446 164
447 164
448 165
449 166
450 167
451 167
452 168
453 169
454 169
455 170
456 170
457 171
458 171
459 172
460 172
461 173
462 173
463 173
464 174
465 174
466 174
467 175
468 175
469 175
470 175
471 176
472 176
473 176
474 176
475 176
476 176
477 176
478 177
479 177
480 177
481 177
482 177
483 177
484 177
485 177
486 178
487 178
488 178
489 178
490 178
491 179
492 179
493 179
494 180
495 180
496 180
497 181
498 181
499 182
500 182
501 183
502 183
503 184
504 185
505 185
506 186
507 187
508 188
509 188
510 189
511 190
512 191
513 192
514 193
515 194
516 195
517 196
518 197
519 198
520 199
521 200
522 201
523 202
524 202
525 203
526 204
527 205
528 206
529 207
530 208
531 209
532 210
533 211
534 211
535 212
536 213
537 214
538 215
539 216
540 216
541 217
542 218
