21 50
22 51
22 52
22 53
23 54
23 55
24 56
24 57
25 58
25 59
26 60
26 61
27 62
27 63
28 64
28 65
29 66
29 67
30 68
30 69
31 70
31 71
32 72
32 73
33 74
34 75
34 76
35 77
36 78
36 79
37 80
38 81
39 82
39 83
40 84
41 85
42 86
43 87
44 88
45 88
46 89
47 90
48 91
49 91
50 92
51 93
52 93
53 94
54 94
55 95
56 95
57 96
58 97
59 97
60 98
61 98
62 99
63 99
64 100
65 101
66 101
67 102
68 102
69 103
70 104
71 104
72 105
73 106
74 107
75 107
76 108
77 109
78 109
79 110
80 110
81 111
82 112
83 112
84 113
85 113
86 113
87 114
88 114
89 114
90 114
91 114
92 114
93 114
94 114
95 114
96 114
97 113
98 113
99 113
100 112
101 112
102 112
103 111
104 111
105 111
106 110
107 110
108 109
109 109
110 109
111 108
112 108
113 107
114 107
115 106
116 106
117 105
118 104
119 104
120 103
121 102
122 102
123 101
124 100
125 100
126 99
127 99
128 99
129 98
130 98
131 98
132 98
133 97
134 97
135 97
136 97
137 96
138 96
139 96
140 96
141 95
142 95
143 95
144 94
145 94
146 94
147 94
148 93
149 93
150 93
151 93
152 93
153 93
154 93
155 93
156 93
157 93
158 93
159 93
160 94
161 94
162 94
163 95
164 95
165 95
166 96
167 96
168 97
169 98
170 98
171 99
172 100
173 100
174 101
175 102
176 103
177 103
178 104
179 105
180 106
181 107
182 108
183 109
184 110
185 111
186 112
187 113
188 114
189 115
190 116
191 117
192 118
193 119
194 120
195 121
196 122
197 123
197 124
198 125
199 126
200 127
201 128
202 129
203 130
203 131
204 132
205 133
206 134
207 135
207 136
208 137
209 138
210 139
211 140
211 141
212 142
213 143
214 144
215 145
215 146
216 147
217 148
218 149
219 150
219 151
