21 2
22 3
23 4
24 5
24 6
25 7
26 8
27 9
27 10
28 11
29 12
30 13
30 14
31 15
32 16
33 17
33 18
34 19
35 20
36 21
36 22
37 23
38 24
39 25
39 26
40 27
41 28
41 29
42 30
43 31
43 32
44 33
45 34
45 35
46 36
47 37
47 38
48 39
49 40
49 41
50 42
51 43
51 44
52 45
52 46
53 47
54 48
54 49
55 50
55 51
56 52
57 53
57 54
58 55
58 56
59 57
59 58
60 59
61 60
61 61
62 62
62 63
63 64
64 65
64 66
65 67
65 68
66 69
66 70
67 71
68 72
68 73
69 74
69 75
70 76
70 77
71 78
71 79
72 80
73 81
73 82
74 83
74 84
75 85
75 86
76 87
76 88
77 89
78 90
78 91
79 92
79 93
80 94
81 95
81 96
82 97
82 98
83 99
84 100
84 101
85 102
85 103
86 104
87 105
87 106
88 107
89 108
89 109
90 110
91 111
92 112
93 113
93 114
94 115
95 116
96 117
97 118
98 119
99 120
100 121
101 122
102 122
103 123
104 124
105 124
106 125
107 126
108 126
109 127
110 127
111 127
112 128
113 128
114 128
115 128
116 129
117 129
118 129
119 129
120 129
121 129
122 128
123 128
124 128
125 127
126 127
127 127
128 126
129 126
130 125
131 124
132 124
133 123
134 122
135 121
136 120
137 119
138 118
139 118
140 117
140 116
141 115
142 114
143 113
144 112
145 111
146 110
147 109
148 108
148 107
149 106
150 105
151 104
152 103
152 102
153 101
154 100
155 99
156 98
156 97
157 96
158 95
159 94
160 93
160 92
161 91
162 90
163 89
164 88
165 87
166 86
167 85
168 84
169 83
170 82
171 82
172 81
173 81
174 80
175 80
176 80
177 80
178 80
179 80
180 80
181 80
182 80
183 80
184 80
185 81
186 81
187 82
188 82
189 83
190 84
191 84
192 85
193 86
194 87
195 88
196 89
197 90
198 90
199 91
200 92
201 93
202 94
203 95
204 96
205 96
206 97
207 98
208 98
209 99
210 100
211 100
212 100
213 101
214 101
215 102
216 102
217 102
218 102
219 103
220 103
221 103
222 103
223 103
224 103
225 103
226 103
227 103
228 103
229 102
230 102
231 102
232 102
233 102
234 101
235 101
236 101
237 100
238 100
239 100
240 99
241 99
242 98
243 98
244 97
245 97
246 97
247 96
248 96
249 95
250 94
251 94
252 93
253 93
254 92
255 92
256 91
257 91
258 91
259 90
260 90
261 89
262 89
263 89
264 88
265 88
266 88
267 88
268 87
269 87
270 87
271 87
272 87
273 86
274 86
275 86
276 86
277 86
278 86
279 86
280 86
281 86
282 86
283 86
284 86
285 86
286 86
287 86
288 85
289 85
290 85
291 85
292 85
293 85
294 85
295 85
296 85
297 85
298 85
299 85
300 85
301 85
302 85
303 85
304 85
305 86
306 86
307 86
308 86
309 86
310 86
311 86
312 86
313 86
314 86
315 86
316 87
317 87
318 87
319 87
320 87
321 88
322 88
323 88
324 89
325 89
326 89
327 90
328 90
329 90
330 91
331 91
332 92
333 92
334 93
335 93
336 94
337 94
338 95
339 96
340 96
341 97
342 97
343 98
344 99
345 99
346 100
347 101
348 102
349 102
350 103
351 104
352 105
353 106
354 106
355 107
356 108
357 109
358 109
359 110
360 111
361 112
362 112
363 113
364 114
365 115
366 115
367 116
368 117
369 117
370 118
371 118
372 119
373 119
374 120
375 120
376 121
377 121
378 122
379 122
380 123
381 123
382 123
383 124
384 124
385 124
386 124
387 125
388 125
389 125
390 125
391 125
392 125
393 126
394 126
395 126
396 126
397 126
398 126
399 126
400 126
401 125
402 125
403 125
404 125
405 125
406 125
407 125
