12 53
13 53
14 53
15 54
16 54
17 54
18 55
19 55
20 55
21 56
22 56
23 57
24 57
25 57
26 58
27 58
28 59
29 59
30 59
31 60
32 60
33 61
34 61
35 62
36 62
37 63
38 63
39 64
40 64
41 65
42 65
43 66
44 66
45 67
46 68
47 68
48 69
49 69
50 70
51 71
52 71
53 72
54 73
55 73
56 74
57 75
58 76
59 76
60 77
61 78
62 78
63 79
64 80
65 81
66 81
67 82
68 83
69 83
70 84
71 85
72 85
73 86
74 86
75 87
76 87
77 88
78 88
79 89
80 89
81 90
82 90
83 91
84 91
85 91
86 92
87 92
88 92
89 93
90 93
91 93
92 93
93 94
94 94
95 94
96 94
97 94
98 94
99 95
100 95
101 95
102 95
103 95
104 95
105 95
106 95
107 95
108 95
109 95
110 95
111 95
112 95
113 95
114 95
115 95
116 95
117 95
118 95
119 95
120 95
121 95
122 95
123 95
124 95
125 95
126 95
127 95
128 95
129 95
130 95
131 95
132 95
133 95
134 94
135 94
136 94
137 94
138 94
139 94
140 94
141 94
142 94
143 94
144 94
145 94
146 94
147 94
148 94
149 94
150 93
151 93
152 93
153 93
154 93
155 93
156 93
157 93
158 93
159 93
160 93
161 93
162 93
163 93
164 93
165 92
166 92
167 92
168 92
169 92
170 92
171 92
172 91
173 91
174 91
175 91
176 91
177 90
178 90
179 90
180 90
181 89
182 89
183 89
184 89
185 88
186 88
187 88
188 87
189 87
190 87
191 86
192 86
193 85
194 85
195 85
196 84
197 84
198 84
199 83
200 83
201 82
202 82
203 82
204 81
205 81
206 81
207 80
208 80
209 79
210 79
211 79
212 78
213 78
214 78
215 77
216 77
217 77
218 76
219 76
220 76
221 75
222 75
223 75
224 75
225 74
226 74
227 74
228 73
229 73
230 73
231 73
232 72
233 72
234 72
235 71
236 71
237 71
238 70
239 70
240 69
241 69
242 69
243 68
244 68
245 68
246 67
247 67
248 66
249 66
250 66
251 65
252 65
253 65
254 64
255 64
256 64
257 64
258 63
259 63
260 63
261 62
262 62
263 62
264 62
265 61
266 61
267 61
268 60
269 60
270 59
271 59
272 58
273 58
274 57
275 57
276 56
277 55
278 55
279 54
280 53
281 52
282 51
283 51
284 50
285 49
286 48
287 47
288 46
289 45
290 45
291 44
292 43
293 42
294 42
295 41
296 40
297 40
298 40
299 39
300 39
301 39
302 39
303 39
304 39
305 39
306 39
307 40
308 40
309 41
310 41
311 42
312 43
313 43
314 44
315 45
316 46
317 47
318 48
319 49
320 50
321 51
322 52
323 53
324 54
325 55
326 56
327 57
328 58
329 59
330 60
331 61
332 62
333 62
334 63
335 64
336 64
337 65
338 65
339 66
340 67
341 67
342 68
343 68
344 69
345 69
346 70
347 70
348 71
349 71
350 72
351 72
352 73
353 73
354 73
355 74
356 74
357 75
358 75
359 76
360 76
361 77
362 77
363 78
364 78
365 79
366 79
367 79
368 80
369 80
370 81
371 81
372 82
373 82
374 83
375 83
376 84
377 84
378 84
379 85
380 85
381 86
382 86
383 87
384 87
385 88
386 88
387 89
388 89
389 89
390 90
391 90
392 91
393 91
394 92
395 92
396 93
397 93
398 94
399 94
400 94
401 95
402 95
403 96
404 96
405 97
406 97
407 98
408 98
409 99
410 99
411 100
412 100
413 101
414 101
415 102
416 102
417 103
418 103
419 104
420 104
421 105
422 105
423 106
424 107
425 107
426 108
427 108
428 109
429 110
430 110
431 111
432 111
433 112
434 113
435 113
436 114
437 114
438 115
439 115
440 116
441 116
442 117
443 117
444 117
445 118
446 118
447 118
448 118
449 118
450 118
451 117
452 117
453 117
454 117
455 116
456 116
457 116
458 115
459 115
