8 25
9 26
10 27
11 28
11 29
12 30
12 31
13 32
13 33
14 34
15 35
15 36
16 37
16 38
17 39
17 40
18 41
18 42
19 43
20 44
20 45
21 46
21 47
22 48
22 49
23 50
23 51
24 52
24 53
25 54
25 55
26 56
26 57
27 58
27 59
28 60
28 61
28 62
29 63
29 64
30 65
30 66
31 67
31 68
32 69
32 70
33 71
33 72
34 73
35 74
35 75
36 76
36 77
37 78
38 79
38 80
39 81
40 82
41 83
42 84
43 85
44 86
45 86
46 87
47 87
48 88
49 88
50 88
51 88
52 88
53 88
54 87
55 87
56 87
57 86
58 86
59 85
60 84
61 84
62 83
63 82
64 82
65 81
66 80
67 80
68 79
69 78
70 77
71 77
72 76
73 75
74 75
75 74
76 73
77 73
78 72
79 71
80 71
81 70
82 70
83 69
84 68
85 68
86 67
87 67
88 66
89 65
90 65
91 64
92 64
93 63
94 63
95 62
96 62
97 61
98 61
99 60
100 60
101 59
102 59
103 58
104 58
105 57
106 57
107 56
108 56
109 55
110 55
111 54
112 54
113 54
