18 36
19 37
20 38
21 38
22 39
23 40
24 41
25 41
26 42
27 43
28 43
29 44
30 45
31 46
32 46
33 47
34 48
35 49
36 49
37 50
38 51
39 52
40 53
41 53
42 54
43 55
44 56
45 57
46 57
47 58
48 59
49 60
50 61
51 62
52 62
53 63
54 64
55 65
56 66
57 67
58 68
59 69
60 70
61 71
62 72
63 73
64 74
65 75
66 76
67 77
68 78
69 79
69 80
70 81
71 82
72 83
73 84
74 85
74 86
75 87
76 88
77 89
77 90
78 91
79 92
80 93
80 94
81 95
82 96
82 97
83 98
83 99
84 100
85 101
85 102
86 103
87 104
87 105
88 106
88 107
89 108
90 109
90 110
91 111
91 112
92 113
93 114
93 115
94 116
94 117
95 118
96 119
96 120
97 121
97 122
98 123
99 124
99 125
100 126
101 127
102 128
102 129
103 130
104 131
105 132
105 133
106 134
107 135
108 136
109 137
109 138
110 139
111 140
112 141
113 142
113 143
114 144
115 145
116 146
116 147
117 148
118 149
119 150
119 151
120 152
121 153
122 154
123 155
124 156
125 157
126 158
127 159
128 160
129 161
130 162
131 163
132 164
133 164
134 165
135 165
136 166
137 166
138 166
139 167
140 167
141 167
142 166
143 166
144 166
145 165
146 165
147 164
148 164
149 163
150 162
151 162
152 161
153 160
154 159
155 158
156 158
157 157
158 156
159 155
160 154
161 154
162 153
163 152
164 151
165 151
166 150
167 149
168 149
169 148
170 148
171 147
172 147
173 147
174 146
175 146
176 146
177 146
178 146
179 146
180 146
181 146
182 146
183 147
184 147
185 148
186 148
187 149
188 150
189 151
190 152
191 153
192 154
193 155
194 156
194 157
195 158
196 159
196 160
197 161
198 162
198 163
199 164
200 165
200 166
201 167
202 168
202 169
203 170
203 171
204 172
205 173
205 174
206 175
207 176
207 177
208 178
209 179
209 180
210 181
211 182
212 183
212 184
213 185
214 186
215 187
216 188
217 189
218 190
219 191
220 192
221 193
222 193
223 194
224 194
225 194
226 195
227 195
228 194
229 194
230 194
231 194
232 193
233 193
234 192
235 192
236 191
237 191
238 190
239 190
240 189
241 189
242 188
243 187
244 187
245 186
246 186
247 185
248 185
249 184
250 183
251 183
252 182
253 182
254 182
255 181
256 181
257 180
258 180
259 180
260 179
261 179
262 179
263 178
264 178
265 178
266 178
267 177
268 177
269 177
270 177
271 177
272 177
273 177
274 177
275 177
276 177
277 177
278 177
279 177
280 177
281 177
282 177
283 177
284 177
285 178
286 178
287 178
288 178
289 178
290 179
291 179
292 179
293 179
294 180
295 180
296 180
297 181
298 181
299 181
300 182
301 182
302 182
303 183
304 183
305 184
306 184
307 184
308 185
309 185
310 185
311 186
312 186
313 187
314 187
315 188
316 188
317 188
318 189
319 189
320 190
321 190
322 190
323 191
324 191
325 192
326 192
327 192
328 193
329 193
330 194
331 194
332 194
333 195
334 195
335 195
336 196
337 196
338 196
339 197
340 197
341 197
342 197
343 198
344 198
345 198
346 198
347 199
348 199
349 199
350 199
351 199
352 199
353 199
354 199
355 199
356 199
357 199
358 199
359 199
360 198
361 198
362 198
363 198
364 197
365 197
366 197
367 196
368 196
369 195
370 195
371 194
372 194
373 193
374 192
375 192
376 191
377 191
378 190
379 189
380 189
381 188
382 187
383 186
384 186
385 185
386 184
387 183
388 183
389 182
390 181
391 180
392 179
393 179
394 178
395 177
396 176
397 175
398 174
399 173
400 173
401 172
402 171
403 170
404 170
