15 50
16 50
17 50
18 50
19 50
20 50
21 51
22 51
23 51
24 51
25 51
26 52
27 52
28 52
29 52
30 52
31 53
32 53
33 53
34 54
35 54
36 54
37 55
38 55
39 55
40 56
41 56
42 56
43 57
44 57
45 58
46 58
47 58
48 59
49 59
50 60
51 60
52 61
53 61
54 62
55 62
56 63
57 64
58 64
59 65
60 65
61 66
62 67
63 67
64 68
65 68
66 69
67 69
68 70
69 71
70 71
71 72
72 72
73 73
74 73
75 74
76 74
77 75
78 75
79 76
80 76
81 77
82 77
83 77
84 78
85 78
86 79
87 79
88 79
89 79
90 80
91 80
92 80
93 80
94 80
95 81
96 81
97 81
98 81
99 81
100 81
101 81
102 81
103 81
104 81
105 81
106 80
107 80
108 80
109 80
110 79
111 79
112 79
113 79
114 78
115 78
116 78
117 77
118 77
119 77
120 76
121 76
122 75
123 75
124 75
125 75
126 74
127 74
128 74
129 74
130 73
131 73
132 73
133 73
134 73
135 73
136 73
137 73
138 73
139 73
140 73
141 73
142 73
143 74
144 74
145 74
146 75
147 75
148 76
149 76
150 76
151 77
152 77
153 78
154 78
155 79
156 79
157 80
158 80
159 81
160 81
161 81
162 82
163 82
164 83
165 83
166 83
167 84
168 84
169 84
170 84
171 85
172 85
173 85
174 85
175 86
176 86
177 86
178 86
179 86
180 86
181 86
182 87
183 87
184 87
185 87
186 87
187 88
188 88
189 88
190 88
191 89
192 89
193 90
194 90
195 90
196 91
197 91
198 92
199 93
200 93
201 94
202 95
203 95
204 96
205 97
206 98
207 98
208 99
209 100
210 101
211 102
212 102
213 103
214 104
215 105
216 106
216 107
