22 45
22 46
23 47
24 48
25 49
26 50
27 51
27 52
28 53
29 54
30 55
31 56
32 57
32 58
33 59
34 60
35 61
36 62
37 63
37 64
38 65
39 66
40 67
41 68
42 69
43 70
44 71
45 72
45 73
46 74
47 75
48 76
49 77
50 78
51 79
52 80
53 81
54 82
55 83
56 84
57 85
58 86
59 87
60 87
61 88
62 89
63 90
64 91
65 92
66 92
67 93
68 94
69 95
70 96
71 96
72 97
73 98
74 98
75 99
76 100
77 100
78 101
79 102
80 102
81 103
82 104
83 104
84 105
85 105
86 106
87 106
88 107
89 107
90 108
91 108
92 109
93 109
94 110
95 110
96 111
97 111
98 112
99 112
100 113
101 113
102 113
103 114
104 114
105 115
106 115
107 115
108 116
109 116
110 116
111 117
112 117
113 117
114 117
115 118
116 118
117 118
118 118
119 119
120 119
121 119
122 119
123 119
124 120
125 120
126 120
127 120
128 120
129 120
130 121
131 121
132 121
133 121
134 121
135 121
136 122
137 122
138 122
139 122
140 122
141 122
142 123
143 123
144 123
145 123
146 124
147 124
148 124
149 124
150 125
151 125
152 126
153 126
154 126
155 127
156 127
157 128
158 128
159 129
160 129
161 130
162 130
163 131
164 131
165 132
166 133
167 133
168 134
169 134
170 135
171 135
172 136
173 136
174 137
175 137
176 137
177 138
178 138
179 138
180 138
181 138
182 138
183 138
184 138
185 137
186 137
187 136
188 136
189 135
190 134
191 133
192 132
193 131
194 130
195 129
196 128
197 127
197 126
198 125
199 125
