15 12
16 12
17 12
18 12
19 12
20 13
21 13
22 13
23 13
24 13
25 14
26 14
27 14
28 14
29 14
30 14
31 15
32 15
33 15
34 15
35 15
36 16
37 16
38 16
39 16
40 17
41 17
42 17
43 17
44 18
45 18
46 18
47 18
48 19
49 19
50 19
51 20
52 20
53 21
54 21
55 21
56 22
57 22
58 23
59 23
60 24
61 25
62 25
63 26
64 27
65 28
66 29
67 29
68 30
69 31
70 32
71 33
72 34
73 35
74 36
75 37
76 38
77 39
78 40
79 41
80 42
81 42
82 43
83 44
84 45
85 45
86 46
87 46
88 47
89 47
90 47
91 48
92 48
93 49
94 49
95 49
96 50
97 50
98 51
99 51
100 52
101 52
102 53
103 53
104 54
105 54
106 55
107 55
108 56
109 57
110 57
111 58
112 58
113 59
114 59
115 60
116 60
117 60
118 61
119 61
120 61
121 61
122 61
123 60
124 60
125 60
126 60
127 60
128 60
129 59
130 59
131 59
132 59
133 59
134 58
135 58
136 58
137 58
138 57
139 57
140 57
141 57
142 56
143 56
144 56
145 56
146 55
147 55
148 55
149 55
150 55
151 55
152 54
153 54
154 54
155 54
156 54
157 54
158 54
159 54
160 54
161 54
162 54
163 54
164 54
165 54
166 54
167 54
168 55
169 55
170 54
171 54
172 54
173 54
174 54
175 54
176 54
177 53
178 53
179 53
180 53
181 52
182 52
183 51
184 51
185 51
186 50
187 50
188 50
189 49
