15 16
16 16
17 17
17 18
18 19
19 20
20 21
21 22
22 23
23 24
23 25
24 26
25 27
26 28
27 29
28 30
29 31
30 32
31 33
32 34
33 35
34 36
35 37
36 38
37 39
38 40
39 41
40 42
41 43
42 44
43 45
44 46
45 47
46 48
47 49
48 50
49 51
50 52
51 53
52 54
53 55
54 56
55 57
56 58
57 59
58 60
59 60
60 61
61 62
62 63
63 63
64 64
65 65
66 66
67 66
68 67
69 68
70 68
71 69
72 70
73 71
74 71
75 72
76 73
77 74
78 75
79 75
80 76
81 77
82 78
83 79
84 80
85 81
86 82
87 82
88 82
89 82
90 81
91 80
92 79
93 78
94 77
95 76
96 75
97 74
97 73
98 72
99 71
100 70
101 69
101 68
102 67
103 66
104 65
104 64
105 63
106 62
107 61
107 60
108 59
