20 3
21 3
22 4
23 5
24 5
25 6
26 7
27 8
28 9
29 10
30 11
31 11
32 12
33 13
34 14
35 15
36 15
37 16
38 17
39 18
40 18
41 19
42 20
43 20
44 21
45 21
46 22
47 22
48 23
49 24
50 24
51 24
52 25
53 25
54 26
55 26
56 26
57 27
58 27
59 27
60 28
61 28
62 28
63 29
64 29
65 29
66 30
67 30
68 30
69 31
70 31
71 31
72 32
73 32
74 33
75 33
76 34
77 34
78 35
79 36
80 36
81 37
82 38
83 38
84 39
85 40
86 41
87 42
88 43
89 44
90 45
91 46
92 47
93 48
94 49
95 50
96 51
97 52
98 53
99 54
100 55
101 56
102 57
102 58
103 59
104 60
105 61
106 62
107 63
108 64
109 65
110 66
111 67
112 68
113 68
114 69
115 70
116 71
117 72
118 72
119 73
120 74
121 75
122 75
123 76
124 77
125 77
126 78
127 78
128 79
129 80
130 80
131 80
132 81
133 81
134 82
135 82
136 82
137 83
138 83
139 83
140 84
141 84
142 84
143 84
144 84
145 85
146 85
147 85
148 85
149 85
150 85
151 85
152 85
153 85
154 85
155 85
156 85
157 84
158 84
159 84
160 84
161 84
162 84
163 84
164 84
165 83
166 83
167 83
168 83
169 83
170 83
171 83
172 82
173 82
174 82
175 82
176 82
177 82
178 82
179 82
180 81
181 81
182 81
183 81
184 81
185 81
186 81
187 80
188 80
189 80
190 80
191 80
192 79
193 79
194 79
195 79
196 79
197 78
198 78
199 78
200 78
201 77
202 77
203 77
204 77
205 77
206 76
207 76
208 76
209 76
210 76
211 76
212 76
213 75
214 75
215 75
216 75
217 75
218 75
219 75
220 75
221 75
222 75
223 75
224 75
225 75
226 75
227 75
228 75
229 75
230 75
231 75
232 75
233 76
234 76
235 76
236 76
237 76
238 76
239 77
240 77
241 77
242 77
243 78
244 78
245 78
246 79
247 79
248 79
249 80
250 80
251 81
252 81
253 81
254 82
255 83
256 83
257 84
258 84
259 85
260 86
261 86
262 87
263 88
264 89
265 89
266 90
267 91
268 92
269 93
270 94
271 95
272 96
273 97
274 98
275 99
276 100
277 101
278 102
279 103
280 104
281 105
282 106
283 107
284 108
285 109
286 110
287 111
288 112
289 113
290 114
291 114
292 115
293 116
294 116
295 117
296 117
297 118
298 118
299 119
300 119
301 120
302 120
303 120
304 120
305 120
306 120
307 121
308 121
309 121
310 121
311 121
312 121
313 121
314 121
315 121
316 121
317 120
318 120
319 120
320 120
321 120
322 120
323 120
324 120
325 120
326 119
327 119
328 119
329 119
330 119
331 119
332 118
333 118
334 118
335 118
336 118
337 117
338 117
339 117
340 117
341 116
342 116
343 116
344 115
345 115
346 115
347 115
348 114
349 114
350 114
351 113
352 113
353 112
354 112
355 112
356 111
357 111
358 110
359 110
360 110
361 109
362 109
363 108
364 108
365 107
366 107
367 107
368 106
369 106
370 105
371 105
372 104
373 104
374 103
375 103
376 102
377 102
378 101
379 101
380 100
381 100
382 99
383 99
384 98
385 98
386 97
387 97
388 96
389 96
390 95
391 95
392 95
393 94
394 94
395 94
396 94
397 93
398 93
399 93
400 93
401 93
402 93
403 93
404 93
405 93
406 93
407 93
408 94
409 94
410 94
411 95
412 95
413 95
414 96
415 96
416 97
417 97
418 98
419 98
420 99
421 100
422 100
423 101
424 101
425 102
426 102
427 103
428 103
429 104
430 104
431 105
432 105
433 106
434 106
435 107
436 107
437 108
438 108
439 109
440 109
441 110
442 110
443 111
444 111
445 112
446 112
447 113
