11 41
12 42
13 43
13 44
14 45
14 46
15 47
16 48
16 49
17 50
17 51
18 52
19 53
19 54
20 55
20 56
21 57
22 58
22 59
23 60
24 61
24 62
25 63
26 64
27 65
27 66
28 67
29 68
30 69
31 70
32 71
33 72
33 73
34 74
35 75
36 76
37 76
38 77
39 78
40 79
41 80
42 81
43 82
44 82
45 83
46 84
47 84
48 85
49 85
50 86
51 86
52 87
53 87
54 87
55 88
56 88
57 88
58 88
59 89
60 89
61 89
62 89
63 89
64 89
65 89
66 89
67 89
68 89
69 89
70 89
71 89
72 89
73 89
74 88
75 88
76 88
77 88
78 87
79 87
80 87
81 86
82 86
83 86
84 85
85 85
86 84
87 84
88 83
89 83
90 82
91 82
92 81
93 81
94 80
95 79
96 78
97 78
98 77
99 76
100 75
101 74
102 73
103 72
104 71
105 70
106 69
107 68
108 67
109 66
109 65
110 64
111 63
111 62
112 61
113 60
114 59
