39 67
40 68
40 69
41 70
41 71
42 72
42 73
42 74
43 75
43 76
44 77
44 78
45 79
45 80
45 81
46 82
46 83
47 84
47 85
47 86
48 87
48 88
49 89
49 90
50 91
50 92
51 93
51 94
51 95
52 96
52 97
53 98
53 99
54 100
54 101
55 102
55 103
55 104
56 105
56 106
57 107
57 108
58 109
58 110
59 111
59 112
60 113
61 114
61 115
62 116
62 117
63 118
63 119
64 120
65 121
65 122
66 123
67 124
67 125
68 126
69 127
70 128
70 129
71 130
72 131
73 132
74 133
75 134
76 135
77 136
78 137
79 137
80 138
81 139
82 140
83 140
84 141
85 141
86 142
87 142
88 143
89 143
90 144
91 144
92 144
93 145
94 145
95 145
96 146
97 146
98 146
99 146
100 147
101 147
102 147
103 147
104 148
105 148
106 148
107 148
108 148
109 149
110 149
111 149
112 149
113 149
114 149
115 150
116 150
117 150
118 150
119 150
120 150
121 150
122 150
123 150
124 151
125 151
126 151
127 151
128 151
129 151
130 151
131 151
132 150
133 150
134 150
135 150
136 150
137 150
138 150
139 150
140 149
141 149
142 149
143 149
144 148
145 148
146 148
147 147
148 147
149 147
150 146
151 146
152 145
153 145
154 145
155 144
156 144
157 143
158 143
159 142
160 141
161 141
162 140
163 140
164 139
165 138
166 138
167 137
168 137
169 136
170 135
171 135
172 134
173 133
174 132
175 132
176 131
177 130
178 129
179 129
180 128
181 127
182 126
183 126
184 125
185 124
186 123
187 123
188 122
189 121
190 121
191 120
192 119
193 119
194 118
195 117
196 117
197 116
198 116
199 115
200 115
201 115
202 114
203 114
204 114
205 114
206 113
207 113
208 113
209 113
210 113
211 113
212 113
213 113
214 113
215 113
216 113
217 114
218 114
219 114
220 114
221 115
222 115
223 115
224 116
225 116
226 117
227 117
228 118
229 118
230 119
231 120
232 120
233 121
234 122
235 123
236 123
237 124
238 125
239 126
240 127
241 128
242 129
243 129
244 130
245 131
246 132
247 133
248 134
249 135
250 136
251 137
252 138
253 139
254 140
255 141
256 142
257 143
258 144
259 145
260 146
261 147
262 148
263 149
264 150
265 151
266 152
267 153
268 154
269 155
270 155
271 156
272 157
273 158
274 159
275 160
276 160
277 161
278 162
279 163
280 164
281 164
282 165
283 166
284 166
285 167
286 168
287 168
288 169
289 170
290 170
291 171
292 171
293 172
294 172
295 173
296 173
297 174
298 174
299 174
300 175
301 175
302 175
303 176
304 176
305 176
306 176
307 177
308 177
309 177
310 177
311 177
312 177
313 177
314 177
315 177
316 176
317 176
318 176
319 176
320 175
321 175
322 175
323 174
324 174
325 173
326 172
327 172
328 171
329 170
330 169
331 169
332 168
333 167
334 166
335 165
336 164
337 163
338 162
339 161
340 160
340 159
341 158
342 157
343 156
344 155
345 154
346 153
347 152
347 151
348 150
349 149
350 148
351 147
352 146
353 145
354 144
355 143
356 142
357 141
358 140
359 139
360 138
361 137
362 136
363 135
364 134
365 133
366 133
367 132
368 131
369 130
370 130
371 129
372 129
373 128
374 127
375 127
376 126
377 126
378 125
379 125
380 125
381 124
382 124
383 124
384 124
385 123
386 123
387 123
388 123
389 123
390 123
391 123
392 123
393 123
394 123
395 123
396 123
397 123
398 123
399 124
400 124
401 124
402 124
403 125
404 125
405 125
406 126
407 126
408 127
409 127
410 128
411 128
412 129
413 129
414 130
415 131
416 131
417 132
418 133
419 134
420 135
421 135
422 136
423 137
424 138
425 139
426 140
427 141
428 142
429 143
430 144
431 145
432 146
433 147
434 148
435 149
436 150
437 151
438 152
438 153
439 154
440 155
441 156
442 157
443 158
444 159
444 160
445 161
446 162
447 163
448 164
449 165
449 166
450 167
451 168
452 169
453 170
454 171
454 172
455 173
456 174
457 175
458 176
459 177
460 178
460 179
461 180
462 181
463 182
464 183
465 184
466 185
467 186
468 187
469 188
470 189
470 190
471 191
472 192
473 193
474 194
475 194
476 195
477 196
478 197
479 198
480 199
481 200
482 200
483 201
484 202
485 202
486 203
487 203
488 204
489 204
490 205
491 205
492 205
493 205
494 206
495 206
496 206
497 206
498 206
499 206
500 206
501 206
502 206
503 206
504 207
505 207
506 207
507 207
508 207
509 207
510 207
511 207
512 207
513 207
514 207
515 207
516 208
517 208
518 208
519 208
520 208
521 208
522 208
523 208
524 208
525 208
526 208
527 208
528 208
529 208
530 208
531 208
532 208
533 208
534 208
535 208
536 208
537 208
538 208
539 208
540 208
541 208
542 208
543 208
544 208
545 208
546 208
547 208
548 208
549 208
550 208
551 208
552 208
553 208
554 208
555 208
556 208
557 208
558 209
559 209
560 209
561 209
562 209
563 209
564 209
565 209
566 209
567 210
568 210
569 210
570 210
571 210
572 211
573 211
574 211
575 211
576 212
577 212
578 212
579 213
580 213
581 214
582 214
583 215
584 215
585 216
586 216
587 217
588 217
589 218
590 218
591 219
592 219
593 220
594 220
595 221
596 221
597 222
598 222
599 223
600 223
601 224
602 224
603 225
604 225
605 225
606 226
607 226
608 226
609 227
610 227
611 227
612 227
613 227
614 227
615 227
616 227
617 227
618 227
619 226
620 226
621 226
622 225
623 225
624 224
625 224
626 223
627 222
628 222
629 221
630 220
631 219
632 218
633 217
634 216
635 215
636 214
636 213
637 212
638 211
639 210
639 209
640 208
641 207
641 206
642 205
642 204
643 203
644 202
644 201
645 200
645 199
646 198
646 197
647 196
647 195
648 194
648 193
649 192
649 191
650 190
650 189
651 188
651 187
652 186
652 185
652 184
653 183
653 182
654 181
654 180
655 179
655 178
656 177
656 176
656 175
657 174
657 173
658 172
658 171
658 170
659 169
659 168
660 167
660 166
661 165
661 164
