11 8
12 9
12 10
13 11
14 12
14 13
15 14
15 15
16 16
16 17
17 18
18 19
18 20
19 21
19 22
20 23
20 24
21 25
21 26
22 27
23 28
23 29
24 30
24 31
25 32
25 33
26 34
26 35
27 36
27 37
28 38
28 39
29 40
29 41
30 42
30 43
31 44
31 45
32 46
32 47
33 48
33 49
33 50
34 51
34 52
35 53
35 54
36 55
36 56
37 57
37 58
38 59
38 60
39 61
39 62
39 63
40 64
40 65
41 66
41 67
42 68
42 69
43 70
43 71
44 72
44 73
45 74
45 75
46 76
47 77
47 78
48 79
48 80
49 81
49 82
50 83
51 84
51 85
52 86
53 87
53 88
54 89
55 90
55 91
56 92
57 93
58 94
59 95
60 96
61 97
62 98
63 99
64 100
65 101
66 102
67 103
68 104
69 104
70 105
71 106
72 106
73 107
74 108
75 108
76 109
77 110
78 110
79 111
80 111
81 112
82 112
83 113
84 114
85 114
86 115
87 115
88 116
89 116
90 117
91 117
92 118
93 118
94 119
95 119
96 120
97 120
98 121
99 121
100 122
101 122
102 123
103 123
104 123
105 124
106 124
107 125
108 125
109 125
110 126
111 126
112 126
113 126
114 127
115 127
116 127
117 127
118 128
119 128
120 128
121 128
122 128
123 128
124 128
125 128
126 128
127 128
128 128
129 127
130 127
131 127
132 127
133 126
134 126
135 126
136 125
137 125
138 125
139 124
140 124
141 124
142 124
143 124
144 124
145 124
146 124
147 124
148 124
149 124
150 124
151 124
152 124
153 124
154 124
155 125
156 125
157 125
158 125
159 126
160 126
161 126
162 127
163 127
164 128
165 128
166 128
167 129
168 129
169 130
170 130
171 130
172 130
173 131
174 131
175 131
176 131
177 131
178 132
179 132
180 131
181 131
182 131
183 131
184 131
185 131
186 131
187 130
188 130
189 130
190 130
191 129
192 129
193 129
194 128
195 128
196 128
197 127
198 127
199 126
200 126
201 126
202 125
203 125
204 125
205 124
206 124
207 123
208 123
209 123
210 122
211 122
212 122
213 121
214 121
215 121
216 120
217 120
218 120
219 119
220 119
221 119
222 119
223 118
224 118
225 118
226 118
227 117
228 117
229 117
230 117
231 116
232 116
233 116
234 116
235 116
236 115
237 115
238 115
239 115
240 115
241 115
242 114
243 114
244 114
245 114
246 114
247 114
248 114
249 114
250 114
251 114
252 114
253 114
254 114
255 114
256 114
257 114
258 114
259 114
260 114
261 114
262 114
263 114
264 114
265 114
266 115
267 115
268 115
269 115
270 115
271 116
272 116
273 116
274 116
275 117
276 117
277 117
278 117
279 118
280 118
281 118
282 118
283 119
284 119
285 119
286 119
287 119
288 119
289 119
290 119
291 119
292 119
293 119
294 119
295 119
296 118
297 118
298 118
299 117
300 117
301 116
302 115
303 115
304 114
305 113
306 112
307 111
308 110
309 109
310 109
311 108
312 107
313 106
314 105
315 105
316 104
317 104
318 103
319 103
320 102
321 102
322 102
323 102
324 101
325 101
326 101
327 101
328 101
329 101
330 102
331 102
332 102
333 102
334 102
335 102
336 103
337 103
338 103
339 103
340 104
341 104
342 104
343 104
344 105
345 105
346 105
347 105
348 105
349 106
350 106
351 106
352 106
353 106
354 106
355 106
356 106
357 106
358 106
359 106
360 106
361 106
362 106
363 106
364 106
365 106
366 106
367 106
368 107
369 107
370 107
371 107
372 107
373 107
374 107
375 107
376 107
377 107
378 107
379 107
380 107
381 108
382 108
383 108
384 108
385 108
386 109
387 109
388 109
389 109
390 110
391 110
392 110
393 111
394 111
395 111
396 112
397 112
398 113
399 113
400 113
401 114
402 114
403 115
404 115
405 116
406 116
407 117
408 118
409 118
410 119
411 119
412 120
413 120
414 121
415 122
416 122
417 123
418 123
419 124
420 125
421 125
422 126
423 126
424 127
425 127
426 128
427 128
428 128
429 129
430 129
431 129
432 130
433 130
434 130
435 131
436 131
437 131
438 131
439 131
440 131
441 131
442 131
443 131
444 131
445 131
446 131
447 131
448 131
449 131
450 130
451 130
452 130
453 130
454 130
455 129
456 129
457 129
458 129
459 129
460 129
461 129
462 129
463 129
464 129
465 129
466 129
467 129
468 129
469 130
470 130
471 130
472 131
473 131
474 131
475 132
476 132
477 132
478 133
479 133
480 133
481 134
482 134
483 134
484 134
485 134
486 135
487 135
488 134
489 134
490 134
491 134
492 134
493 133
494 133
495 133
496 132
497 131
498 131
499 130
500 129
501 129
502 128
503 127
504 126
505 125
506 124
507 123
508 122
508 121
509 120
510 119
511 118
511 117
512 116
513 115
514 114
514 113
515 112
516 111
516 110
517 109
518 108
519 107
519 106
520 105
521 104
