4 15
4 16
4 17
5 18
5 19
5 20
6 21
6 22
6 23
7 24
7 25
7 26
8 27
8 28
8 29
9 30
9 31
10 32
10 33
10 34
11 35
11 36
12 37
12 38
13 39
13 40
14 41
14 42
15 43
15 44
16 45
17 46
17 47
18 48
19 49
20 50
21 51
21 52
22 53
23 54
24 55
25 56
26 57
27 57
28 58
29 59
30 60
31 61
32 62
33 62
34 63
35 64
36 65
37 65
38 66
39 67
40 68
41 68
42 69
43 70
44 70
45 71
46 71
47 72
48 72
49 73
50 73
51 74
52 74
53 74
54 74
55 74
56 74
57 74
58 74
59 73
60 73
61 72
62 72
63 71
64 70
65 70
66 69
67 68
68 67
69 66
70 65
71 65
72 64
73 63
74 62
75 62
76 61
77 61
78 60
79 60
80 60
81 59
82 59
83 59
84 59
85 59
86 59
87 59
88 59
89 59
90 59
91 59
92 59
93 59
94 59
95 60
96 60
97 60
98 60
99 60
100 60
101 61
102 61
103 61
104 62
105 62
106 62
107 63
108 63
109 64
110 64
111 64
112 65
113 65
114 66
115 66
116 66
117 67
118 67
119 67
120 67
121 67
122 68
123 68
124 68
125 69
126 69
127 70
128 70
129 71
130 72
131 73
132 73
133 74
134 75
135 76
136 77
137 78
138 79
139 80
140 81
141 81
142 82
143 82
144 82
145 82
146 81
147 81
148 81
149 80
150 80
151 80
152 80
153 79
154 79
155 79
156 79
157 79
158 79
159 79
160 79
161 79
162 79
163 79
164 80
165 80
166 80
167 81
168 81
169 82
170 82
171 83
172 83
173 84
174 84
175 85
176 86
177 86
178 87
179 87
180 87
181 88
182 88
183 89
184 89
185 89
186 89
187 89
188 89
189 89
190 88
191 88
192 87
193 86
194 85
195 84
196 83
197 82
198 81
199 80
200 79
201 78
202 77
203 76
204 75
205 74
206 73
207 72
208 71
209 70
210 70
211 69
212 68
213 68
214 68
215 67
216 67
217 67
218 67
219 67
220 67
221 68
222 68
223 68
224 69
225 70
226 70
227 71
228 72
229 72
230 73
231 74
232 74
233 75
234 75
235 76
236 76
237 77
238 77
239 77
240 78
241 78
242 78
243 78
244 78
245 78
246 78
247 78
248 78
249 77
250 77
251 77
252 76
253 76
254 75
255 75
256 74
257 74
258 73
259 72
260 71
261 71
262 70
263 69
264 68
265 67
266 66
266 65
267 64
268 63
269 62
270 61
270 60
271 59
272 58
