6 4
7 4
8 5
9 6
10 6
11 7
12 8
13 9
14 10
15 10
16 11
17 12
18 13
19 13
20 14
21 14
22 15
23 16
24 16
25 17
26 17
27 17
28 18
29 18
30 19
31 19
32 20
33 21
34 21
35 22
36 23
37 24
38 24
39 25
40 26
41 27
42 28
43 29
44 30
44 31
45 32
46 33
47 34
48 35
49 36
50 37
50 38
51 39
52 40
53 41
54 42
55 43
56 44
56 45
57 46
58 47
59 48
60 49
61 50
62 51
63 52
64 53
65 54
66 55
67 56
68 57
69 58
70 59
71 60
72 61
73 62
74 63
75 64
76 65
77 66
78 67
79 68
80 69
81 70
82 71
83 72
84 73
85 74
86 75
87 76
88 77
89 78
90 79
91 79
92 80
93 80
94 80
95 81
96 81
97 81
98 81
99 81
100 81
101 81
102 81
103 80
104 80
105 80
106 79
107 79
108 79
109 78
110 78
111 77
112 77
113 76
114 76
115 75
116 74
117 74
118 73
119 72
120 72
121 71
122 70
123 69
124 69
125 68
126 67
127 66
128 65
129 64
130 64
131 63
132 62
133 61
134 60
135 59
136 59
137 58
138 57
139 56
140 56
141 55
142 54
143 54
144 53
145 52
146 52
147 51
148 51
149 51
150 50
151 50
152 50
153 50
154 50
155 50
156 50
157 50
158 50
159 51
160 51
161 51
162 52
163 52
164 53
165 53
166 53
167 54
168 54
169 55
170 55
171 55
172 56
173 56
174 57
175 57
176 57
177 58
178 58
179 59
180 59
181 59
182 60
183 60
184 60
185 61
186 61
187 61
188 62
189 62
190 62
191 63
192 63
193 63
194 64
195 64
196 64
197 64
198 65
199 65
200 65
201 65
202 66
203 66
204 66
205 66
206 67
