7 15
8 15
9 16
9 17
10 18
11 19
12 20
13 21
14 22
15 23
16 24
16 25
17 26
18 27
19 28
20 29
21 30
21 31
22 32
23 33
24 34
25 35
25 36
26 37
27 38
28 39
29 40
29 41
30 42
31 43
32 44
33 45
33 46
34 47
35 48
36 49
37 50
38 51
39 52
40 53
41 54
42 55
43 56
44 57
45 58
46 59
47 60
48 60
49 61
50 62
51 62
52 63
53 64
54 64
55 65
56 65
57 66
58 66
59 67
60 67
61 68
62 68
63 69
64 69
65 70
66 70
67 70
68 71
69 71
70 72
71 72
72 72
73 73
74 73
75 73
76 74
77 74
78 74
79 75
80 75
81 76
82 76
83 76
84 76
85 77
86 77
87 77
88 78
89 78
90 78
91 78
92 79
93 79
94 79
95 79
96 79
97 79
98 79
99 80
100 80
101 80
102 80
103 80
104 80
105 80
106 80
107 81
108 81
109 81
110 81
111 81
112 81
113 82
114 82
115 82
116 82
117 83
118 83
119 83
120 84
121 84
122 85
123 85
124 86
125 86
126 87
127 87
128 88
129 89
130 89
131 90
132 91
133 91
134 92
135 93
136 94
137 95
138 95
139 96
140 97
141 98
142 99
143 100
144 101
145 102
146 103
147 103
148 104
149 105
150 106
151 107
152 108
153 109
154 110
155 111
156 112
157 113
158 114
159 115
160 116
161 117
162 117
163 118
164 119
165 120
166 120
167 121
168 122
169 122
170 123
171 123
172 124
173 124
174 124
175 125
176 125
177 125
178 125
179 125
180 125
181 125
182 125
183 125
184 124
185 124
186 124
187 124
188 124
189 123
190 123
191 123
192 122
193 122
194 122
195 122
196 121
197 121
198 121
199 121
200 121
201 120
202 120
203 120
204 120
205 120
206 120
207 120
208 120
209 120
210 120
211 120
212 120
213 120
214 120
215 120
216 120
217 121
218 121
219 121
220 121
221 121
222 122
223 122
224 122
225 122
226 123
227 123
228 123
229 124
230 124
231 125
232 125
233 125
234 126
235 126
236 127
237 127
238 127
239 128
240 128
241 129
242 129
243 130
244 130
245 130
246 131
247 131
248 132
249 132
250 132
251 133
252 133
253 134
254 134
255 135
256 135
257 135
258 136
259 136
260 136
261 137
262 137
263 138
264 138
265 138
266 138
267 139
268 139
269 139
270 140
271 140
272 140
273 140
274 141
275 141
276 141
277 141
278 141
279 142
280 142
281 142
282 142
283 142
284 142
285 143
286 143
287 143
288 143
289 143
290 143
291 143
292 143
293 143
294 143
295 143
296 143
297 143
298 143
299 143
300 143
301 143
302 143
303 143
304 143
305 143
306 143
307 143
308 143
309 143
310 143
311 143
312 143
313 142
314 142
315 142
316 142
317 142
318 142
319 142
320 142
321 141
322 141
323 141
324 141
325 141
326 141
327 140
328 140
329 140
330 140
331 140
332 139
333 139
334 139
335 139
336 139
337 138
338 138
339 138
340 138
341 137
342 137
343 137
344 137
345 136
346 136
347 136
348 135
349 135
350 135
351 135
352 134
353 134
354 134
355 133
356 133
357 133
358 132
359 132
360 132
361 131
362 131
363 131
364 130
365 130
366 129
367 129
368 129
369 128
370 128
371 127
372 127
373 126
374 126
375 126
376 125
377 125
378 124
379 123
380 123
381 122
382 122
383 121
384 120
385 119
386 119
387 118
388 117
389 116
390 115
391 114
391 113
392 112
393 111
394 110
395 109
396 108
397 107
398 106
399 105
400 104
401 103
402 103
403 102
404 102
405 102
406 102
407 102
408 102
409 102
410 102
411 103
412 103
413 104
414 104
415 105
416 105
417 106
418 106
419 106
420 106
421 106
422 105
423 105
424 105
425 104
426 104
427 103
428 103
429 102
430 102
431 102
432 101
433 101
434 101
435 100
436 100
437 100
438 100
439 100
440 100
441 100
442 100
443 100
444 100
445 101
446 101
447 102
448 102
449 103
450 104
451 104
452 105
453 106
454 107
455 108
456 109
457 110
457 111
458 112
459 113
460 114
460 115
461 116
462 117
463 118
463 119
464 120
465 121
465 122
466 123
466 124
467 125
468 126
468 127
469 128
470 129
470 130
471 131
472 132
472 133
473 134
473 135
474 136
475 137
475 138
476 139
476 140
477 141
478 142
478 143
479 144
479 145
480 146
481 147
481 148
