14 72
15 72
16 72
17 72
18 72
19 73
20 73
21 73
22 73
23 73
24 73
25 74
26 74
27 74
28 74
29 74
30 74
31 74
32 75
33 75
34 75
35 75
36 75
37 75
38 75
39 75
40 75
41 75
42 75
43 76
44 76
45 76
46 76
47 76
48 76
49 76
50 76
51 76
52 76
53 76
54 76
55 76
56 76
57 76
58 76
59 76
60 76
61 76
62 76
63 77
64 77
65 77
66 77
67 77
68 77
69 77
70 77
71 77
72 77
73 78
74 78
75 78
76 78
77 78
78 78
79 78
80 79
81 79
82 79
83 79
84 79
85 80
86 80
87 80
88 80
89 80
90 81
91 81
92 81
93 81
94 82
95 82
96 82
97 82
98 83
99 83
100 83
101 84
102 84
103 84
104 85
105 85
106 85
107 86
108 86
109 86
110 87
111 87
112 88
113 88
114 88
115 89
116 89
117 90
118 90
119 91
120 91
121 92
122 92
123 93
124 94
125 94
126 95
127 95
128 96
129 97
130 98
131 98
132 99
133 100
134 101
135 102
136 102
137 103
138 104
139 105
140 106
141 107
142 108
143 109
143 110
144 111
145 112
146 113
147 114
148 115
149 116
149 117
150 118
151 119
152 120
153 121
154 122
155 123
155 124
156 125
157 126
158 127
159 128
159 129
160 130
161 131
162 132
162 133
163 134
164 135
164 136
165 137
166 138
166 139
167 140
168 141
168 142
169 143
169 144
170 145
171 146
171 147
172 148
173 149
173 150
174 151
174 152
175 153
175 154
176 155
177 156
177 157
178 158
178 159
179 160
180 161
180 162
181 163
181 164
182 165
182 166
183 167
184 168
184 169
185 170
185 171
186 172
186 173
187 174
188 175
188 176
189 177
189 178
190 179
191 180
191 181
192 182
193 183
193 184
194 185
195 186
195 187
196 188
197 189
198 190
199 191
200 192
201 193
202 194
203 195
204 196
205 197
206 197
207 198
208 198
209 198
210 199
211 199
212 199
213 198
214 198
215 198
216 197
217 197
218 196
219 195
220 195
221 194
222 193
223 192
224 191
225 190
226 190
227 189
228 188
229 187
230 186
231 185
232 184
233 183
234 182
235 181
236 180
237 179
238 178
239 177
240 176
241 175
242 174
243 173
244 173
245 172
246 171
247 170
248 170
249 169
250 168
251 168
252 167
253 167
254 166
255 166
256 165
257 165
258 164
259 164
260 164
261 163
262 163
263 162
264 162
265 161
266 161
267 160
268 160
269 159
270 159
271 158
272 157
273 156
274 155
275 154
276 153
277 152
278 151
279 150
280 149
281 148
282 147
282 146
283 145
284 144
285 143
285 142
286 141
287 140
287 139
288 138
289 137
289 136
290 135
291 134
291 133
292 132
293 131
294 130
294 129
295 128
296 127
297 126
298 125
299 125
300 124
301 124
302 123
303 123
304 123
305 123
306 124
307 124
308 124
309 125
310 125
311 126
312 127
313 128
314 128
315 129
316 130
317 131
318 132
319 133
320 134
321 135
322 135
323 136
324 137
325 138
326 139
327 139
328 140
329 141
330 141
331 142
332 143
333 143
334 144
335 144
336 145
337 145
338 146
339 146
340 146
341 147
342 147
343 147
344 148
345 148
346 148
347 148
348 149
349 149
350 149
351 149
352 150
353 150
354 150
355 150
356 151
357 151
358 151
359 151
