20 23
21 24
21 25
22 26
22 27
23 28
24 29
24 30
25 31
25 32
26 33
26 34
27 35
27 36
28 37
28 38
29 39
29 40
30 41
30 42
31 43
32 44
32 45
33 46
33 47
34 48
34 49
35 50
35 51
36 52
36 53
37 54
38 55
38 56
39 57
39 58
40 59
40 60
41 61
42 62
42 63
43 64
43 65
44 66
45 67
45 68
46 69
46 70
47 71
48 72
48 73
49 74
50 75
51 76
51 77
52 78
53 79
54 80
54 81
55 82
56 83
57 84
58 85
59 85
60 86
61 87
62 87
63 88
64 88
65 89
66 89
67 89
68 90
69 90
70 90
71 90
72 91
73 91
74 91
75 91
76 91
77 91
78 92
79 92
80 92
81 92
82 93
83 93
84 94
85 94
86 95
87 95
88 96
89 97
90 98
91 98
92 99
93 100
94 101
95 102
96 103
97 104
98 105
99 106
100 107
101 108
101 109
102 110
103 111
104 112
105 113
106 114
107 115
108 116
109 117
110 118
111 119
112 120
113 121
114 122
115 122
116 123
117 124
118 125
119 125
120 126
121 126
122 127
123 127
124 128
125 128
126 128
127 128
128 128
129 128
130 127
131 127
132 127
133 127
134 127
135 126
136 126
137 126
138 126
139 126
140 126
141 126
142 126
143 126
144 125
145 125
146 125
147 125
148 125
149 125
150 125
151 125
152 125
153 125
154 125
155 125
156 125
157 125
158 125
159 125
160 126
161 126
162 126
163 126
164 127
165 127
166 127
167 128
168 128
169 128
170 129
171 129
172 129
173 130
174 130
175 130
176 130
177 131
178 131
179 131
180 131
181 132
182 132
183 132
184 132
185 132
186 132
187 132
188 132
189 132
190 132
191 132
192 131
193 131
194 131
195 131
196 130
197 130
198 130
199 129
200 129
201 129
202 128
203 128
204 128
205 127
206 127
