25 3
26 3
27 4
28 4
29 4
30 4
31 4
32 5
33 5
34 5
35 6
36 6
37 7
38 8
39 8
40 9
41 10
42 11
43 12
43 13
44 14
45 15
45 16
46 17
46 18
47 19
48 20
48 21
49 22
49 23
49 24
50 25
50 26
51 27
51 28
52 29
52 30
53 31
53 32
53 33
54 34
54 35
55 36
55 37
55 38
56 39
56 40
57 41
57 42
58 43
58 44
59 45
59 46
59 47
60 48
60 49
61 50
61 51
62 52
62 53
63 54
64 55
64 56
65 57
65 58
66 59
67 60
67 61
68 62
69 63
70 64
70 65
71 66
72 67
73 68
74 69
75 70
76 71
77 72
78 73
79 74
80 74
81 75
82 76
83 76
84 77
85 77
86 78
87 78
88 79
89 79
90 80
91 80
92 81
93 81
94 81
95 82
96 83
97 83
98 84
99 84
100 85
101 85
102 86
103 86
104 87
105 87
106 87
107 88
108 88
109 88
110 88
111 89
112 89
113 89
114 89
115 89
116 89
117 88
118 88
119 88
120 88
121 88
122 88
123 87
124 87
125 87
126 87
127 87
128 87
129 86
130 86
131 86
132 86
133 86
134 86
135 85
136 85
137 85
138 85
139 85
140 85
141 85
142 85
143 85
144 84
145 84
146 84
147 84
148 84
149 84
150 84
151 84
152 83
153 83
154 83
155 83
156 83
157 83
158 83
159 82
160 82
161 82
162 82
163 82
164 81
165 81
166 81
167 81
168 80
169 80
170 80
171 79
172 79
173 78
174 78
175 77
176 77
177 76
178 75
179 74
180 74
181 73
182 72
183 71
184 70
185 69
186 68
187 67
188 66
189 65
190 64
191 64
192 63
193 63
194 62
195 62
196 61
197 61
198 61
199 60
200 60
201 60
202 60
203 60
204 60
205 60
206 60
207 60
208 60
209 61
210 61
211 61
212 61
213 62
214 62
215 62
216 63
217 63
218 63
219 64
220 64
221 65
222 65
223 66
224 66
225 67
226 67
227 68
228 68
229 69
230 69
231 70
232 70
233 71
234 72
235 72
236 73
237 73
238 74
239 74
240 75
241 75
242 75
243 76
244 76
245 77
246 77
247 77
248 78
249 78
250 78
251 78
252 78
253 78
254 79
255 79
256 79
257 79
258 79
259 79
260 78
261 78
262 78
263 78
264 78
265 78
266 78
267 77
268 77
269 77
270 77
271 77
272 76
273 76
