11 16
11 17
11 18
12 19
12 20
12 21
12 22
12 23
13 24
13 25
13 26
13 27
14 28
14 29
14 30
14 31
14 32
15 33
15 34
15 35
16 36
16 37
16 38
16 39
17 40
17 41
17 42
18 43
18 44
18 45
19 46
19 47
20 48
20 49
20 50
21 51
22 52
22 53
23 54
24 55
25 56
26 57
27 58
28 58
29 59
30 59
31 59
32 59
33 59
34 59
35 59
36 58
37 58
38 58
39 57
40 57
41 56
42 56
43 55
44 55
45 55
46 55
47 55
48 55
49 55
50 56
51 56
52 57
53 57
54 58
55 58
56 59
57 59
58 59
59 60
60 60
61 60
62 60
63 60
64 60
65 60
66 60
67 60
68 60
69 59
70 59
71 59
72 58
73 58
74 57
75 57
76 56
77 56
78 55
79 55
80 54
81 54
82 53
83 53
84 52
85 52
86 52
87 51
88 51
89 51
90 50
91 50
92 50
93 50
94 50
95 50
96 50
97 50
98 50
99 51
100 51
101 51
102 52
103 52
104 53
105 53
106 54
107 55
108 55
109 56
110 57
111 58
112 58
113 59
114 60
115 60
116 61
117 61
118 61
119 62
120 62
121 61
122 61
123 60
124 59
125 58
126 57
127 56
128 55
128 54
129 53
130 52
130 51
131 50
132 49
132 48
133 47
134 46
134 45
135 44
136 43
137 42
138 41
139 40
140 39
141 38
142 37
143 36
144 36
145 36
146 35
147 35
148 35
149 35
150 36
151 36
152 36
153 37
154 38
155 39
156 40
157 41
158 42
159 43
160 44
161 45
162 46
163 47
164 48
165 49
166 50
167 51
168 52
169 53
170 54
171 55
172 55
173 56
174 57
175 57
176 58
177 58
178 59
179 59
180 60
181 60
182 60
183 61
184 61
185 61
186 62
187 62
188 62
189 62
190 63
191 63
192 63
193 63
194 63
195 63
196 64
197 64
198 64
199 64
