4 18
5 19
5 20
5 21
6 22
6 23
6 24
7 25
7 26
8 27
8 28
8 29
9 30
9 31
10 32
10 33
11 34
11 35
12 36
12 37
13 38
13 39
14 40
15 41
15 42
16 43
17 44
18 45
19 46
20 47
21 48
22 48
23 49
24 49
25 50
26 50
27 50
28 50
29 51
30 51
31 51
32 51
33 51
34 51
35 51
36 51
37 51
38 51
39 52
40 52
41 52
42 52
43 52
44 53
45 53
46 53
47 54
48 54
49 54
50 55
51 55
52 56
53 56
54 57
55 57
56 58
57 58
58 59
59 59
60 60
61 60
62 61
63 61
64 62
65 62
66 63
67 63
68 64
69 65
70 65
71 66
72 66
73 67
74 68
75 68
76 69
77 70
78 70
79 71
80 72
81 72
82 73
83 74
84 74
85 75
86 76
87 76
88 77
89 77
90 78
91 78
92 78
93 78
94 78
95 78
96 78
97 78
98 78
99 78
100 78
101 77
102 77
103 77
104 77
105 76
106 76
107 75
108 75
109 74
110 74
111 73
112 72
113 71
114 70
115 69
116 68
117 67
117 66
118 65
119 64
120 63
120 62
121 61
122 60
122 59
123 58
124 57
124 56
125 55
126 54
127 53
128 52
129 51
130 50
131 50
132 49
133 49
134 49
135 49
136 50
137 50
138 51
139 51
140 52
141 53
142 54
143 55
144 56
145 57
145 58
146 59
147 60
148 61
149 62
150 62
151 63
152 64
153 65
154 66
155 67
156 68
157 69
158 70
159 71
160 71
161 72
162 73
163 73
164 74
165 75
166 75
167 75
168 76
169 76
170 76
171 77
172 77
173 77
174 77
175 77
176 77
177 77
178 77
179 77
180 77
181 78
182 79
183 79
184 80
184 81
185 82
186 83
187 84
187 85
188 86
189 87
189 88
190 89
191 90
191 91
192 92
192 93
193 94
194 95
195 96
195 97
196 98
197 99
197 100
198 101
