8 7
9 8
9 9
10 10
11 11
11 12
12 13
13 14
13 15
14 16
15 17
15 18
16 19
17 20
18 21
18 22
19 23
20 24
20 25
21 26
22 27
22 28
23 29
24 30
25 31
25 32
26 33
27 34
27 35
28 36
29 37
30 38
30 39
31 40
32 41
32 42
33 43
34 44
35 45
35 46
36 47
37 48
38 49
38 50
39 51
40 52
40 53
41 54
42 55
43 56
43 57
44 58
45 59
46 60
46 61
47 62
48 63
49 64
49 65
50 66
51 67
52 68
52 69
53 70
54 71
55 72
55 73
56 74
57 75
58 76
59 77
59 78
60 79
61 80
62 81
63 82
63 83
64 84
65 85
66 86
67 87
68 88
68 89
69 90
70 91
71 92
72 93
73 94
74 95
75 96
75 97
76 98
77 99
78 100
79 101
80 102
81 103
82 104
83 105
84 106
85 107
86 108
87 109
88 110
89 111
90 112
91 113
92 114
93 115
94 116
95 117
96 118
97 118
98 119
99 120
100 121
101 121
102 122
103 122
104 123
105 123
106 124
107 124
108 125
109 125
110 125
111 125
112 126
113 126
114 126
115 126
116 126
117 126
118 126
119 126
120 125
121 125
122 125
123 125
124 125
125 124
126 124
127 124
128 124
129 123
130 123
131 123
132 123
133 122
134 122
135 122
136 122
137 122
138 122
139 122
140 121
141 121
142 121
143 121
144 121
145 121
146 122
147 122
148 122
149 122
150 122
151 122
152 122
153 123
154 123
155 123
156 123
157 124
158 124
159 124
160 125
161 125
162 126
163 126
164 126
165 127
166 127
167 128
168 128
169 129
170 129
171 130
172 130
173 130
174 131
175 131
176 132
177 132
178 133
179 133
180 133
181 134
182 134
183 135
184 135
185 135
186 136
187 136
188 136
189 136
190 137
191 137
192 137
193 137
194 137
195 137
196 137
197 137
198 137
199 137
200 137
201 137
202 137
203 137
204 137
205 137
206 137
207 137
208 136
209 136
210 136
211 136
212 136
213 135
214 135
215 135
216 135
217 135
218 134
219 134
220 134
221 134
222 134
223 134
224 134
225 133
226 133
227 133
228 133
229 133
230 133
231 133
232 133
233 133
234 134
235 134
236 134
237 134
238 134
239 134
240 135
241 135
242 135
243 136
244 136
245 137
246 137
247 138
248 138
249 139
250 139
251 140
252 141
253 141
254 142
255 143
256 144
257 144
258 145
259 146
260 146
261 147
262 148
263 148
264 149
265 150
266 150
267 151
268 151
269 152
