39 59
40 59
41 60
42 60
43 61
44 61
45 62
46 62
47 63
48 63
49 64
50 64
51 65
52 65
53 66
54 66
55 67
56 67
57 68
58 68
59 69
60 69
61 69
62 70
63 70
64 71
65 71
66 71
67 72
68 72
69 72
70 72
71 73
72 73
73 73
74 73
75 74
76 74
77 74
78 74
79 75
80 75
81 75
82 75
83 75
84 76
85 76
86 76
87 76
88 77
89 77
90 77
91 78
92 78
93 79
94 79
95 79
96 80
97 80
98 81
99 82
100 82
101 83
102 84
103 84
104 85
105 86
106 87
107 88
108 89
109 90
110 91
111 92
112 93
113 94
114 95
114 96
115 97
116 98
116 99
117 100
118 101
118 102
119 103
119 104
120 105
120 106
121 107
121 108
122 109
122 110
123 111
124 112
124 113
125 114
125 115
125 116
126 117
126 118
127 119
127 120
128 121
128 122
129 123
129 124
130 125
130 126
131 127
131 128
132 129
132 130
133 131
133 132
134 133
134 134
135 135
136 136
136 137
137 138
137 139
138 140
139 141
139 142
140 143
141 144
142 145
143 146
144 147
145 148
146 149
147 149
148 149
149 150
150 150
151 150
152 150
153 150
154 149
155 149
156 149
157 148
158 148
159 147
160 147
161 146
162 146
163 145
164 144
165 144
166 143
167 143
168 142
169 141
170 141
171 140
172 140
173 139
174 139
175 139
176 138
177 138
178 138
179 138
180 137
181 137
182 137
183 137
184 137
185 137
186 137
187 137
188 137
189 137
190 137
191 138
192 138
193 138
194 138
195 138
196 138
197 139
198 139
199 139
200 139
201 140
202 140
203 140
204 141
205 141
206 141
207 141
208 142
209 142
210 142
211 142
212 143
213 143
214 143
215 143
216 144
217 144
218 144
219 145
220 145
221 145
222 146
223 146
224 146
225 147
226 147
227 147
228 148
229 148
230 148
231 149
232 149
233 149
234 150
235 150
236 151
237 151
238 151
239 152
240 152
241 153
242 153
243 154
244 154
245 155
246 155
247 155
248 156
249 156
250 157
251 157
252 157
253 158
254 158
255 158
256 159
257 159
258 159
259 160
260 160
261 160
262 160
263 160
264 160
265 160
266 160
267 160
268 160
269 160
270 159
271 159
272 159
273 159
274 158
275 158
276 157
277 157
278 156
279 156
280 155
281 155
282 154
283 153
284 153
285 152
286 152
287 151
288 150
289 150
290 149
291 148
292 148
293 147
294 146
295 146
296 145
297 145
298 144
299 144
300 143
301 142
302 142
303 141
304 141
305 140
306 140
307 139
308 139
309 139
310 138
311 138
312 137
313 137
314 137
315 136
316 136
317 135
318 135
319 135
320 135
321 134
322 134
323 134
324 133
325 133
326 133
327 133
328 133
329 132
330 132
331 132
332 132
333 132
334 131
335 131
336 131
337 131
338 131
339 131
340 131
341 131
342 131
343 131
344 131
345 131
346 131
347 131
348 131
349 131
350 131
351 131
352 131
353 132
354 132
355 132
356 132
357 132
358 133
359 133
360 133
361 134
362 134
363 134
364 135
365 135
366 136
367 136
368 137
369 138
370 138
371 139
372 140
373 140
374 141
375 142
376 143
377 143
378 144
379 145
380 146
381 147
382 148
383 148
384 149
385 150
386 151
387 151
388 152
389 153
390 153
391 154
392 154
393 154
394 154
395 155
396 154
397 154
398 154
399 154
400 153
401 153
402 153
403 152
404 151
405 151
406 150
407 150
408 149
409 149
410 148
411 147
412 147
413 146
414 145
415 145
416 144
417 144
418 143
419 142
420 142
421 141
422 141
423 140
424 139
425 139
426 138
427 138
428 137
429 137
430 136
431 135
432 135
433 134
434 134
435 133
436 133
437 132
438 132
439 131
440 131
441 130
442 130
443 129
444 129
445 128
446 128
447 127
448 127
449 126
450 126
451 125
452 125
453 124
454 124
455 123
456 123
457 122
458 122
459 122
460 121
461 121
462 120
463 120
464 120
465 119
466 119
467 119
468 119
469 118
470 118
471 118
472 118
473 118
474 118
475 118
476 118
477 118
478 118
479 118
480 118
481 119
482 119
483 119
484 120
485 121
486 121
487 122
488 123
489 123
490 124
491 125
492 126
493 127
494 128
495 129
496 130
497 131
497 132
498 133
499 134
500 135
500 136
