11 50
12 51
13 52
14 53
15 54
16 55
16 56
17 57
18 58
19 59
20 60
21 61
22 62
23 63
24 64
24 65
25 66
26 67
27 68
28 69
29 70
30 71
31 72
32 73
33 74
34 75
35 75
36 76
37 77
38 78
39 78
40 79
41 79
42 79
43 80
44 80
45 80
46 80
47 80
48 80
49 80
50 79
51 79
52 79
53 78
54 78
55 77
56 77
57 76
58 76
59 76
60 75
61 75
62 74
63 74
64 73
65 73
66 72
67 72
68 72
69 71
70 71
71 71
72 70
73 70
74 70
75 69
76 69
77 69
78 68
79 68
80 68
81 68
82 67
83 67
84 67
85 67
86 67
87 67
88 66
89 66
90 66
91 66
92 66
93 65
94 65
95 65
96 65
97 65
98 65
99 64
100 64
101 64
102 64
103 64
104 64
105 63
106 63
107 63
108 63
109 63
110 62
111 62
112 62
113 62
114 62
115 61
116 61
117 61
118 61
119 61
120 60
121 60
122 60
123 60
124 60
125 60
126 59
127 59
128 59
129 59
130 59
131 59
132 59
133 59
134 59
135 59
136 59
137 59
138 59
139 59
140 59
141 59
142 59
143 59
144 59
145 59
146 59
147 59
148 59
149 59
150 59
151 60
152 60
153 60
154 60
155 61
156 61
157 61
158 61
159 62
160 62
161 62
162 63
163 63
164 64
165 64
166 64
167 65
168 65
169 66
170 66
171 67
172 67
173 68
174 68
175 69
176 70
177 70
178 71
179 71
180 72
181 73
182 73
183 74
184 74
185 75
186 76
187 76
188 77
189 78
190 78
191 79
192 79
193 80
194 81
195 81
196 82
197 82
198 83
199 83
200 84
201 84
202 85
203 85
204 86
205 86
206 86
207 87
208 87
209 87
210 88
211 88
212 88
213 88
214 89
215 89
216 89
217 89
218 89
219 89
220 90
221 90
222 90
223 90
224 90
225 90
226 90
227 91
228 91
229 91
230 91
231 91
232 91
233 91
234 92
235 92
236 92
237 92
238 92
239 92
240 92
241 92
242 91
243 91
244 91
245 91
246 90
247 90
248 89
249 89
250 88
251 88
252 87
253 86
254 85
255 84
256 83
257 82
258 81
259 80
260 79
261 78
262 77
263 76
264 75
265 74
266 73
267 72
268 72
269 71
270 70
271 70
272 69
273 69
274 68
275 68
276 67
277 67
278 67
279 67
280 67
281 67
282 67
283 67
284 67
285 68
286 68
287 68
288 69
289 69
290 69
291 70
292 70
293 71
294 71
295 72
296 72
297 73
298 73
299 74
300 74
301 75
302 76
303 76
304 76
305 77
306 77
307 78
308 78
309 79
310 79
311 80
312 80
313 81
314 81
315 82
316 83
317 83
318 84
319 84
320 85
321 85
322 86
323 87
324 87
325 88
326 89
327 89
328 90
329 91
330 91
331 92
332 93
333 93
334 94
335 94
336 95
337 95
338 96
339 96
340 96
341 97
342 97
343 97
344 97
345 98
346 98
347 98
348 98
349 98
350 99
351 99
352 99
353 99
354 99
355 99
356 99
357 99
358 99
359 99
360 99
361 99
362 99
363 99
364 99
365 99
366 100
367 100
368 100
369 100
370 100
371 100
372 100
373 100
374 100
375 100
376 100
377 100
378 100
379 101
380 101
381 101
382 101
383 101
384 102
385 102
386 102
387 103
388 103
389 103
390 104
391 104
392 104
393 105
394 105
395 106
396 106
397 106
398 107
399 107
400 108
401 108
402 109
403 109
404 110
405 110
406 111
407 111
408 112
409 112
410 113
411 114
412 114
413 115
414 115
415 116
416 116
417 117
418 117
419 118
420 119
421 119
422 120
423 120
424 121
425 121
426 122
427 122
428 123
429 123
430 124
431 124
432 125
433 125
434 126
435 126
436 127
437 127
438 127
439 128
440 128
441 128
442 129
443 129
444 129
445 130
446 130
447 130
448 131
449 131
450 131
451 132
452 132
453 132
454 132
455 133
456 133
457 133
458 134
459 134
460 134
461 135
462 135
463 135
464 135
465 136
466 136
467 136
468 137
469 137
