33 17
34 18
35 19
35 20
36 21
36 22
37 23
38 24
38 25
39 26
40 27
40 28
41 29
41 30
42 31
43 32
43 33
44 34
45 35
45 36
46 37
47 38
47 39
48 40
49 41
49 42
50 43
51 44
52 45
52 46
53 47
54 48
55 49
56 50
56 51
57 52
58 53
59 54
60 55
61 56
62 57
63 58
64 59
65 60
66 61
67 62
68 62
69 63
70 64
71 65
72 65
73 66
74 67
75 67
76 68
77 69
78 69
79 70
80 70
81 71
82 72
83 72
84 73
85 73
86 74
87 74
88 75
89 75
90 76
91 76
92 76
93 77
94 77
95 78
96 78
97 79
98 79
99 80
100 80
101 81
102 81
103 82
104 82
105 83
106 83
107 84
108 84
109 85
110 86
111 86
112 87
113 87
114 88
115 89
116 89
117 90
118 91
119 92
120 93
121 93
122 94
123 95
124 96
125 97
126 98
126 99
127 100
128 101
129 102
130 103
131 104
132 105
133 106
133 107
134 108
135 109
136 110
137 110
138 111
139 112
140 113
141 113
142 114
143 114
144 115
145 115
146 115
147 115
148 116
149 116
150 116
151 116
152 116
153 116
154 116
155 116
156 115
157 115
158 115
159 115
160 115
161 115
162 115
