26 61
27 62
27 63
28 64
28 65
29 66
29 67
30 68
30 69
31 70
31 71
32 72
32 73
33 74
34 75
34 76
35 77
36 78
36 79
37 80
38 81
39 82
40 83
41 84
42 84
43 85
44 85
45 85
46 85
47 85
48 85
49 84
50 84
51 84
52 83
53 82
54 82
55 81
56 80
57 79
58 79
59 78
60 77
61 76
62 75
63 74
64 73
65 73
66 72
67 71
68 71
69 70
70 70
71 70
72 70
73 70
74 70
75 70
76 71
77 71
78 72
79 73
80 73
81 74
82 75
83 75
84 76
85 77
86 77
87 78
88 79
89 79
90 80
91 80
92 80
93 81
94 81
95 81
96 81
97 81
98 81
99 81
100 81
101 80
102 80
103 80
104 80
105 79
106 79
107 79
108 78
109 78
110 77
111 77
112 76
113 76
114 75
115 74
116 74
117 73
118 73
119 72
120 71
121 70
122 70
123 69
124 68
125 67
126 66
127 66
128 65
129 64
130 63
131 62
132 61
133 60
134 60
135 59
136 58
