15 21
16 21
17 20
18 20
19 19
20 19
21 18
22 18
23 18
24 18
25 18
26 18
27 18
28 18
29 19
30 19
31 19
32 19
33 20
34 20
35 20
36 21
37 21
38 22
39 23
40 23
41 24
42 25
43 26
44 26
45 27
46 28
47 29
48 30
49 31
50 32
50 33
51 34
52 35
53 36
54 37
55 38
56 39
57 40
58 41
59 42
60 43
61 44
62 45
63 45
64 46
65 47
66 47
67 48
68 48
69 49
70 49
71 50
72 50
73 51
74 51
75 52
76 52
77 53
78 53
79 54
80 54
81 55
82 56
83 56
84 57
85 58
86 58
87 59
88 60
89 61
90 61
91 62
92 63
93 64
94 64
95 65
96 66
97 67
98 67
99 68
100 69
101 69
102 70
103 71
104 71
105 72
106 72
107 73
108 73
109 74
110 74
111 74
112 74
113 75
114 75
115 74
116 74
117 74
118 74
119 73
120 72
121 72
122 71
123 70
124 69
125 68
126 67
127 66
127 65
128 64
129 63
130 62
130 61
131 60
132 59
132 58
133 57
134 56
135 55
136 55
137 54
138 54
139 54
140 54
141 54
142 54
143 54
144 55
145 55
146 55
147 56
148 56
149 57
150 58
151 58
152 59
153 59
154 60
155 61
156 61
157 62
158 62
159 63
160 63
161 64
162 64
163 65
164 65
165 65
166 65
167 66
168 66
169 66
170 66
171 66
172 66
173 66
174 66
175 66
176 66
177 66
178 66
179 65
180 65
