30 85
31 86
31 87
32 88
32 89
33 90
33 91
34 92
34 93
35 94
35 95
36 96
36 97
37 98
37 99
38 100
38 101
39 102
39 103
40 104
40 105
41 106
41 107
42 108
42 109
43 110
44 111
44 112
45 113
46 114
46 115
47 116
48 117
48 118
49 119
50 120
51 121
52 122
53 123
54 124
55 125
56 126
57 126
58 127
59 127
60 128
61 128
62 128
63 129
64 129
65 129
66 129
67 129
68 129
69 128
70 128
71 128
72 128
73 127
74 127
75 126
76 126
77 126
78 125
79 125
80 124
81 124
82 123
83 123
84 122
85 122
86 121
87 121
88 121
89 120
90 120
91 119
92 119
93 119
94 118
95 118
96 118
97 117
98 117
99 117
100 116
101 116
102 116
103 116
104 116
105 116
106 116
107 116
108 116
109 116
110 116
111 116
112 116
113 116
114 116
115 116
116 116
117 117
118 117
119 117
120 118
121 118
122 118
123 118
124 119
125 119
126 120
127 120
128 120
129 121
130 121
131 122
132 122
133 123
134 123
135 123
136 124
137 124
138 125
139 125
140 126
141 126
142 127
143 128
144 128
145 129
146 129
147 130
148 130
149 131
150 132
151 132
152 133
153 134
154 135
155 135
156 136
157 137
158 138
159 139
160 139
161 140
162 141
163 142
164 143
165 144
166 144
167 145
168 146
169 147
170 148
171 149
172 149
173 150
174 151
175 152
176 153
177 153
178 154
179 155
180 155
181 156
182 157
183 157
184 158
185 158
186 159
187 160
188 160
189 161
190 161
191 162
192 162
193 162
194 163
195 163
196 163
197 164
198 164
199 164
200 164
201 165
202 165
203 165
204 165
205 165
206 165
207 165
208 165
209 165
210 165
211 165
212 165
213 165
214 164
215 164
216 164
217 164
218 163
219 163
220 163
221 162
222 162
223 162
224 161
225 161
226 160
227 160
228 160
229 159
230 159
231 159
232 158
233 158
234 157
235 157
236 157
237 157
238 156
239 156
240 156
241 155
242 155
243 155
244 155
245 155
246 154
247 154
248 154
249 154
250 154
251 154
252 154
253 154
254 154
255 154
256 154
257 154
258 154
259 154
260 155
261 155
262 155
263 155
264 155
265 155
266 155
267 156
268 156
269 156
270 156
271 156
272 156
273 155
274 155
275 155
276 155
277 155
278 154
279 154
280 153
281 153
282 152
283 152
284 151
285 151
286 150
287 150
288 149
289 148
290 147
291 147
292 146
293 145
294 144
295 143
296 143
297 142
298 141
299 140
300 139
301 138
302 137
303 136
304 135
305 134
306 133
307 132
308 131
309 130
310 129
311 128
312 127
313 126
314 125
315 124
316 123
316 122
317 121
318 120
319 119
320 118
321 117
322 116
323 115
323 114
324 113
325 112
326 111
327 110
328 109
329 108
329 107
330 106
331 105
332 104
333 103
334 102
335 101
336 100
337 99
337 98
338 97
339 96
340 95
341 94
342 93
343 92
344 91
345 90
346 89
347 88
348 87
349 87
350 86
351 85
352 84
353 83
354 82
355 82
356 81
357 80
358 79
359 79
360 78
361 77
362 77
363 76
364 76
365 75
366 74
367 74
368 73
369 73
370 73
371 72
372 72
373 71
374 71
375 71
376 70
377 70
378 70
379 70
380 70
381 69
382 69
383 69
384 69
385 69
386 69
387 69
388 69
389 69
390 69
391 69
392 69
393 69
394 69
395 69
396 69
397 70
398 70
399 70
400 70
401 71
402 71
403 71
404 71
405 72
406 72
407 72
408 73
409 73
410 73
411 74
412 74
413 75
414 75
415 76
416 76
417 77
418 77
419 78
420 78
421 79
422 79
423 80
424 80
425 81
426 81
427 82
428 83
429 83
430 84
431 84
432 85
433 86
434 86
435 87
436 88
437 88
438 89
439 90
440 91
441 91
442 92
443 93
444 93
445 94
446 95
447 96
448 96
449 97
450 98
451 99
452 100
453 100
454 101
455 102
456 103
457 104
458 105
459 106
460 106
461 107
462 108
463 109
464 110
465 111
466 112
467 113
468 114
469 115
470 116
471 117
472 118
473 119
474 120
475 121
476 122
477 123
478 124
479 125
480 126
481 127
482 128
483 129
484 130
485 131
486 132
487 133
488 134
489 135
490 136
491 137
492 138
493 139
494 140
495 141
496 142
497 143
498 144
499 145
500 146
501 147
502 148
503 149
504 150
505 150
506 151
507 152
508 153
509 154
510 155
511 155
512 156
513 157
514 158
515 159
516 159
517 160
518 161
519 161
520 162
521 163
522 163
523 164
524 165
525 165
526 166
527 166
528 167
529 168
530 168
531 169
532 169
533 170
534 170
535 171
536 171
537 172
538 172
539 173
540 173
541 174
542 174
543 174
544 175
545 175
546 176
547 176
548 176
549 177
550 177
551 177
552 177
553 178
554 178
555 178
556 178
557 179
558 179
559 179
560 179
561 179
562 179
563 179
564 179
565 180
566 180
567 180
568 180
569 180
570 179
571 179
572 179
573 179
574 179
575 179
576 179
577 178
578 178
579 178
580 177
581 177
582 177
583 176
584 176
585 175
586 175
587 174
588 174
589 173
590 173
591 172
592 172
593 171
594 171
595 170
596 169
597 169
598 168
599 168
600 167
601 166
602 166
603 165
604 165
605 164
606 163
607 163
608 163
609 162
610 162
611 161
612 161
613 161
614 161
615 160
616 160
617 160
618 160
619 160
620 160
621 161
622 161
623 161
624 161
625 162
626 162
627 163
628 163
629 164
630 165
631 165
632 166
633 166
634 167
635 168
636 168
637 168
638 169
639 169
640 169
641 169
642 169
643 169
644 169
645 169
646 169
647 169
648 170
649 170
650 170
651 170
652 170
653 170
654 171
655 171
656 171
657 172
658 172
659 173
660 173
661 174
662 174
663 175
664 175
665 176
666 176
667 177
668 177
669 178
670 178
671 179
672 180
673 180
674 181
675 182
