16 8
16 9
17 10
17 11
17 12
17 13
17 14
18 15
18 16
18 17
18 18
18 19
19 20
19 21
19 22
19 23
19 24
20 25
20 26
20 27
20 28
20 29
21 30
21 31
21 32
21 33
21 34
22 35
22 36
22 37
22 38
23 39
23 40
23 41
23 42
23 43
24 44
24 45
24 46
24 47
24 48
25 49
25 50
25 51
25 52
26 53
26 54
26 55
26 56
26 57
27 58
27 59
27 60
27 61
28 62
28 63
28 64
28 65
29 66
29 67
29 68
29 69
30 70
30 71
30 72
30 73
31 74
31 75
31 76
31 77
32 78
32 79
32 80
32 81
33 82
33 83
33 84
34 85
34 86
34 87
35 88
35 89
35 90
35 91
36 92
36 93
36 94
37 95
37 96
37 97
38 98
38 99
38 100
39 101
39 102
39 103
40 104
40 105
41 106
41 107
41 108
42 109
42 110
43 111
43 112
44 113
44 114
44 115
45 116
45 117
46 118
46 119
47 120
47 121
48 122
49 123
49 124
50 125
50 126
51 127
52 128
52 129
53 130
54 131
55 132
55 133
56 134
57 135
58 136
59 137
60 138
61 139
62 140
63 141
64 142
65 143
66 143
67 144
68 145
69 145
70 146
71 147
72 147
73 148
74 148
75 149
76 149
77 150
78 150
79 151
80 151
81 151
82 152
83 152
84 152
85 153
86 153
87 153
88 153
89 154
90 154
91 154
92 154
93 155
94 155
95 155
96 155
97 155
98 155
99 156
100 156
101 156
102 156
103 156
104 156
105 156
106 156
107 156
108 156
109 157
110 157
111 157
112 157
113 157
114 157
115 157
116 157
117 157
118 157
119 157
120 158
121 158
122 158
123 158
124 158
125 158
126 158
127 158
128 158
129 158
130 158
131 159
132 159
133 159
134 159
135 159
136 159
137 159
138 159
139 159
140 159
141 159
142 159
143 159
144 160
145 160
146 160
147 160
148 160
149 160
150 160
151 160
152 160
153 160
154 160
155 160
156 160
157 160
158 160
159 160
160 160
161 160
162 160
163 160
164 160
165 160
166 160
167 160
168 160
169 160
170 160
171 160
172 160
173 160
174 160
175 160
176 160
177 160
178 160
179 160
180 161
181 161
182 161
183 161
184 161
185 161
186 161
187 161
188 161
189 161
190 161
191 161
192 161
193 161
194 161
195 161
196 161
197 161
198 161
199 161
200 161
201 161
202 161
203 161
204 161
205 161
206 161
207 161
208 160
209 160
210 160
211 160
212 159
213 159
214 159
215 158
216 158
217 157
218 157
219 156
220 156
221 155
222 155
223 154
224 153
225 153
226 152
227 152
228 151
229 150
230 150
231 149
232 149
233 148
234 148
235 147
236 147
237 147
238 147
239 146
240 146
241 146
242 146
243 146
244 146
245 146
246 146
247 146
248 146
249 146
250 146
251 146
252 146
253 147
254 147
255 147
256 148
257 148
258 148
259 149
260 149
261 150
262 150
263 151
264 151
265 152
266 152
267 153
268 153
269 154
270 154
271 155
272 155
273 156
274 156
275 157
276 158
277 158
278 159
279 159
280 160
281 160
282 161
283 161
284 162
285 163
286 163
287 164
288 164
289 165
290 165
291 166
292 166
293 167
294 168
295 168
296 169
297 169
298 170
299 170
300 171
301 171
302 172
303 172
304 173
305 173
306 174
307 174
308 174
309 175
310 175
311 176
312 176
313 177
314 177
315 178
316 178
317 179
318 179
319 180
320 180
321 181
322 181
323 181
324 182
325 182
326 183
327 183
328 184
329 184
330 185
331 185
