38 13
39 14
40 15
40 16
41 17
42 18
42 19
43 20
44 21
44 22
45 23
46 24
46 25
47 26
48 27
48 28
49 29
50 30
50 31
51 32
52 33
53 34
53 35
54 36
55 37
55 38
56 39
57 40
57 41
58 42
59 43
59 44
60 45
61 46
61 47
62 48
63 49
64 50
64 51
65 52
66 53
66 54
67 55
68 56
69 57
69 58
70 59
71 60
71 61
72 62
73 63
74 64
75 65
75 66
76 67
77 68
78 69
78 70
79 71
80 72
81 73
82 74
83 75
84 76
85 77
86 78
87 79
88 80
89 81
90 82
91 83
92 84
93 85
94 85
95 86
96 87
97 87
98 88
99 89
100 89
101 90
102 90
103 91
104 91
105 92
106 92
107 93
108 93
109 94
110 94
111 95
112 96
113 96
114 97
115 97
116 98
117 98
118 99
119 100
120 100
121 101
122 102
123 103
124 103
125 104
126 105
127 105
128 106
129 107
130 108
131 108
132 109
133 110
134 110
135 111
136 112
137 112
138 113
139 113
140 113
141 114
142 114
143 114
144 115
145 115
146 115
147 115
148 116
149 116
150 116
151 116
152 116
153 117
154 117
155 117
156 117
157 118
158 118
159 118
160 119
161 119
162 119
163 120
164 120
165 121
166 122
167 122
168 123
169 124
170 124
171 125
172 126
173 126
174 127
175 128
176 129
177 129
178 130
179 131
180 131
181 132
182 133
183 133
184 134
185 134
186 134
187 135
188 135
189 135
190 136
191 136
192 136
193 136
194 137
195 137
196 137
197 137
