6 22
7 23
8 23
9 24
10 25
11 26
12 26
13 27
14 28
15 28
16 29
17 30
18 31
19 31
20 32
21 33
22 33
23 34
24 35
25 35
26 36
27 37
28 37
29 37
30 38
31 38
32 38
33 39
34 39
35 39
36 39
37 39
38 39
39 39
40 40
41 40
42 40
43 40
44 40
45 40
46 40
47 40
48 40
49 41
50 41
51 42
52 43
52 44
53 45
54 46
54 47
55 48
55 49
56 50
57 51
57 52
58 53
58 54
59 55
60 56
60 57
61 58
62 59
62 60
63 61
64 62
65 63
66 64
67 65
68 65
69 66
70 67
71 67
72 68
73 68
74 69
75 69
76 69
77 69
78 70
79 70
80 70
81 70
82 69
83 69
84 69
85 69
86 69
87 68
88 68
89 67
90 67
91 67
92 66
93 66
94 65
95 65
96 64
97 64
98 63
99 63
100 62
101 62
102 61
103 61
104 60
105 60
106 59
107 59
108 58
109 58
110 57
111 57
112 56
113 56
114 56
115 55
116 55
117 55
118 54
119 54
120 54
121 54
122 54
123 53
124 53
125 53
126 53
127 53
128 53
129 53
130 53
131 53
132 53
133 54
134 54
135 54
136 54
137 55
138 55
139 55
140 56
141 56
142 57
143 58
144 58
145 59
146 60
147 61
148 62
149 63
150 63
151 64
152 65
153 66
154 67
155 68
156 68
157 69
158 70
159 70
160 71
161 71
162 72
163 72
164 73
165 73
166 73
167 73
168 73
169 73
170 73
171 73
172 73
173 73
174 73
175 73
176 72
177 72
178 72
179 72
180 72
181 72
182 72
183 72
184 72
185 72
186 72
187 72
188 72
189 72
190 72
191 73
192 73
193 73
194 74
195 74
196 74
197 75
198 75
199 76
200 76
201 77
202 78
203 78
204 79
205 79
206 80
207 81
208 81
209 82
210 82
211 83
212 84
213 84
214 85
215 86
216 86
217 87
218 87
219 88
220 89
