25 44
26 45
27 46
28 47
28 48
29 49
29 50
30 51
31 52
32 53
32 54
33 55
34 56
34 57
35 58
36 59
36 60
37 61
38 62
38 63
39 64
40 65
40 66
41 67
42 68
42 69
43 70
44 71
44 72
45 73
46 74
47 75
47 76
48 77
49 78
49 79
50 80
51 81
51 82
52 83
53 84
54 85
54 86
55 87
56 88
57 89
57 90
58 91
59 92
60 93
60 94
61 95
62 96
63 97
64 98
64 99
65 100
66 101
67 102
68 103
69 104
69 105
70 106
71 107
72 108
73 109
74 110
75 111
76 112
77 113
78 114
79 115
80 116
81 117
82 118
83 119
84 120
85 121
86 122
87 123
88 124
89 125
90 126
91 127
92 127
93 128
94 129
95 130
96 131
97 132
98 132
99 133
100 134
101 135
102 135
103 136
104 137
105 137
106 138
107 139
108 139
109 140
110 141
111 141
112 142
113 142
114 143
115 143
116 144
117 144
118 145
119 145
120 146
121 146
122 146
123 147
124 147
125 147
126 147
127 147
128 147
129 148
130 148
131 148
132 147
133 147
134 147
135 147
136 147
137 147
138 146
139 146
140 146
141 145
142 145
143 144
144 144
145 143
146 143
147 142
148 142
149 141
150 140
151 139
152 139
153 138
154 137
155 136
156 135
157 134
158 133
159 132
160 131
161 130
162 129
163 128
164 127
165 126
165 125
166 124
167 123
168 122
169 121
169 120
170 119
171 118
172 117
172 116
173 115
174 114
175 113
175 112
176 111
177 110
177 109
178 108
179 107
180 106
181 105
181 104
182 103
183 102
184 101
185 100
186 99
186 98
187 97
188 96
189 95
190 94
191 93
192 92
193 91
194 90
195 89
196 88
197 87
198 86
199 86
200 85
201 84
202 83
203 82
204 81
205 81
206 80
207 79
208 78
209 78
210 77
211 76
212 76
213 75
214 74
215 74
216 73
217 73
218 72
219 72
220 71
221 71
222 70
223 70
224 69
225 69
226 68
227 68
228 67
229 67
230 67
231 66
232 66
233 66
234 65
235 65
236 65
237 65
238 64
239 64
240 64
241 64
242 64
243 64
244 64
245 64
246 64
247 64
248 64
249 65
250 65
251 65
252 65
253 66
254 66
255 67
256 67
257 68
258 69
259 70
260 70
261 71
262 72
262 73
263 74
264 75
265 76
265 77
266 78
267 79
267 80
268 81
268 82
269 83
269 84
270 85
270 86
271 87
271 88
272 89
272 90
273 91
273 92
274 93
274 94
275 95
275 96
275 97
276 98
276 99
277 100
277 101
278 102
278 103
278 104
279 105
279 106
280 107
280 108
281 109
281 110
281 111
282 112
282 113
283 114
283 115
284 116
284 117
284 118
285 119
285 120
286 121
286 122
287 123
287 124
288 125
288 126
289 127
289 128
290 129
290 130
291 131
291 132
292 133
292 134
293 135
293 136
294 137
294 138
295 139
295 140
296 141
296 142
297 143
297 144
298 145
299 146
299 147
300 148
301 149
301 150
302 151
303 152
303 153
304 154
305 155
306 156
307 157
308 158
309 158
310 159
311 159
312 160
313 160
314 159
315 159
316 158
317 157
318 156
319 155
320 154
321 153
321 152
322 151
323 150
323 149
324 148
324 147
325 146
326 145
326 144
327 143
327 142
328 141
328 140
329 139
329 138
330 137
330 136
331 135
331 134
332 133
333 132
333 131
334 130
334 129
335 128
336 127
336 126
337 125
338 124
339 123
340 122
341 122
342 121
343 121
344 121
345 121
346 121
347 122
348 122
349 123
350 124
351 124
352 125
353 126
354 127
354 128
355 129
356 130
357 131
358 132
359 133
360 134
361 135
362 136
363 137
364 138
365 139
366 140
367 141
368 142
369 142
370 143
371 144
372 145
373 146
374 146
375 147
376 148
377 148
378 149
379 150
380 150
381 151
382 152
383 152
384 153
385 154
386 154
387 155
388 155
389 156
390 156
391 157
392 157
393 158
394 158
395 159
396 159
397 159
398 160
399 160
400 160
401 160
402 160
403 160
404 160
405 159
406 159
407 159
408 158
409 158
410 157
411 156
412 155
413 155
414 154
415 153
416 152
417 151
418 150
419 149
420 148
421 147
422 146
423 145
423 144
424 143
425 142
426 141
427 140
428 139
428 138
429 137
430 136
431 135
432 134
432 133
433 132
434 131
435 130
436 129
437 128
438 127
439 126
440 125
441 124
442 123
443 122
444 121
445 121
446 120
447 119
448 119
449 118
450 118
451 118
452 117
453 117
454 117
455 116
456 116
457 116
458 116
459 116
460 116
461 116
462 115
463 115
464 115
465 115
466 115
467 115
468 115
469 115
470 115
471 115
472 115
473 115
474 115
475 115
476 115
477 115
478 115
479 115
480 115
481 115
482 115
483 115
484 116
485 116
486 116
487 116
488 116
489 116
490 116
491 116
492 116
493 116
