15 7
15 8
16 9
16 10
17 11
17 12
18 13
18 14
18 15
19 16
19 17
20 18
20 19
20 20
21 21
21 22
22 23
22 24
23 25
23 26
23 27
24 28
24 29
25 30
25 31
26 32
26 33
27 34
27 35
27 36
28 37
28 38
29 39
29 40
30 41
30 42
31 43
31 44
32 45
32 46
33 47
33 48
34 49
34 50
35 51
35 52
36 53
36 54
37 55
37 56
38 57
38 58
39 59
40 60
40 61
41 62
41 63
42 64
43 65
43 66
44 67
45 68
45 69
46 70
47 71
47 72
48 73
49 74
49 75
50 76
51 77
52 78
52 79
53 80
54 81
54 82
55 83
56 84
57 85
57 86
58 87
59 88
59 89
60 90
61 91
61 92
62 93
63 94
63 95
64 96
65 97
65 98
66 99
66 100
67 101
68 102
68 103
69 104
69 105
70 106
71 107
71 108
72 109
73 110
73 111
74 112
74 113
75 114
76 115
77 116
77 117
78 118
79 119
80 120
80 121
81 122
82 123
83 124
84 125
85 126
86 127
87 128
88 129
89 130
90 130
91 131
92 132
93 133
94 133
95 134
96 134
97 135
98 135
99 136
100 136
101 137
102 137
103 137
104 138
105 138
106 138
107 139
108 139
109 139
110 139
111 139
112 139
113 139
114 139
115 139
116 139
117 139
118 139
119 139
120 139
121 139
122 139
123 139
124 139
125 139
126 138
127 138
128 138
129 138
130 138
131 138
132 138
133 138
134 138
135 138
136 138
137 138
138 138
139 138
140 138
141 138
142 139
143 139
144 139
145 140
146 140
147 141
148 141
149 142
150 143
151 143
152 144
153 145
154 146
155 147
156 148
157 149
158 150
159 151
160 152
160 153
161 154
162 155
163 156
164 157
164 158
