7 0
8 1
9 1
10 1
11 2
12 2
13 2
14 3
15 3
16 3
17 4
18 4
19 5
20 5
21 6
22 6
23 7
24 8
25 8
26 9
27 10
28 11
29 12
30 13
30 14
31 15
32 16
33 17
33 18
34 19
34 20
35 21
35 22
36 23
36 24
37 25
37 26
38 27
38 28
39 29
39 30
40 31
40 32
40 33
41 34
41 35
42 36
42 37
43 38
43 39
44 40
44 41
45 42
45 43
46 44
46 45
47 46
47 47
48 48
48 49
49 50
50 51
50 52
51 53
52 54
52 55
53 56
54 57
55 58
56 59
56 60
57 61
58 61
59 62
60 63
61 64
62 64
63 65
64 65
65 66
66 66
67 67
68 67
69 67
70 67
71 67
72 67
73 67
74 67
75 66
76 66
77 66
78 65
79 65
80 64
81 63
82 63
83 62
84 61
85 60
86 59
87 58
87 57
88 56
89 55
90 54
90 53
91 52
92 51
93 50
94 49
95 49
96 48
97 48
98 48
99 48
100 48
101 48
102 48
103 49
104 49
105 49
106 50
107 50
108 51
109 52
110 52
111 53
112 53
113 54
114 54
115 55
116 55
117 55
118 56
119 56
120 56
121 57
122 57
123 58
124 58
125 58
126 59
127 59
128 59
129 60
130 60
131 60
132 61
133 61
134 62
135 62
136 62
137 63
138 63
139 64
140 64
141 65
142 65
143 65
144 66
145 66
146 66
147 67
148 67
149 67
150 67
151 67
152 67
153 67
154 67
155 67
156 66
157 66
158 66
159 66
160 65
161 65
162 65
163 64
164 64
165 64
166 63
167 63
168 63
169 63
170 62
171 62
172 62
173 62
174 61
175 61
176 61
177 61
178 61
179 61
180 61
181 61
182 61
183 61
184 61
185 62
186 62
187 63
188 63
189 64
190 65
190 66
191 67
192 68
193 69
194 70
194 71
195 72
196 73
197 74
198 75
199 76
200 77
201 78
202 79
203 79
204 80
205 81
206 81
207 82
208 82
209 82
210 82
211 83
212 83
213 83
214 83
215 83
216 83
217 83
218 83
219 83
220 83
221 83
222 83
223 83
224 83
225 83
226 83
227 83
228 82
229 82
230 82
231 82
232 81
233 81
234 80
235 80
236 79
237 78
238 77
239 76
240 75
241 74
241 73
242 72
243 71
244 70
244 69
245 68
246 67
247 66
248 65
248 64
249 63
250 63
251 62
252 61
253 60
254 60
255 60
256 59
257 59
258 59
259 59
260 59
261 60
262 60
263 60
264 61
265 61
266 62
267 63
268 64
269 64
270 65
271 66
272 67
273 68
274 69
275 69
276 70
277 71
278 72
279 73
280 74
281 75
282 75
283 76
284 77
285 78
286 78
287 79
288 79
289 80
290 80
291 81
292 81
293 81
294 81
295 81
296 81
297 80
298 80
299 79
300 78
301 77
302 76
303 75
303 74
304 73
305 72
306 72
307 72
308 72
309 72
310 73
311 74
311 75
312 76
313 77
314 78
314 79
315 80
316 81
317 82
318 83
319 84
320 84
321 85
322 85
323 86
324 86
325 86
326 86
327 87
328 87
