26 54
27 55
28 56
29 57
29 58
30 59
31 60
32 61
33 62
33 63
34 64
35 65
36 66
37 67
38 68
38 69
39 70
40 71
41 72
42 73
43 74
44 75
44 76
45 77
46 78
47 79
48 80
49 81
50 82
50 83
51 84
52 85
53 86
54 87
55 88
56 89
57 90
58 91
59 92
60 93
61 94
62 95
63 96
64 97
65 98
66 99
67 100
68 101
69 102
70 103
71 104
72 105
73 106
74 106
75 107
76 108
77 109
78 110
79 111
80 111
81 112
82 113
83 114
84 114
85 115
86 116
87 117
88 117
89 118
90 119
91 119
92 120
93 121
94 121
95 122
96 122
97 123
98 124
99 124
100 125
101 125
102 126
103 126
104 127
105 128
106 128
107 129
108 129
109 130
110 130
111 131
112 131
113 131
114 132
115 132
116 133
117 133
118 134
119 134
120 135
121 135
122 135
123 136
124 136
125 136
126 137
127 137
128 138
129 138
130 138
131 139
132 139
133 139
134 139
135 140
136 140
137 140
138 141
139 141
140 141
141 141
142 142
143 142
144 142
145 142
146 142
147 143
148 143
149 143
150 143
151 143
152 143
153 144
154 144
155 144
156 144
157 144
158 144
159 144
160 145
161 145
162 145
163 145
164 145
165 145
166 146
167 146
168 146
169 146
170 146
171 147
172 147
173 147
174 147
175 148
176 148
177 148
178 149
179 149
180 149
181 150
182 150
183 150
184 151
185 151
186 152
187 152
188 153
189 153
190 154
191 154
192 155
193 155
194 156
195 156
196 157
197 158
198 158
199 159
200 159
201 160
202 160
203 161
204 161
205 162
206 162
207 163
208 163
209 163
210 164
211 164
212 164
213 165
214 165
215 165
216 165
217 165
218 164
219 164
220 164
221 163
222 163
223 162
224 162
225 161
226 160
227 159
228 158
229 157
230 156
231 155
232 154
233 153
234 152
235 151
235 150
236 149
237 149
