7 10
8 11
9 12
10 13
11 14
11 15
12 16
13 17
14 18
15 19
16 20
16 21
17 22
18 23
19 24
20 25
21 26
22 27
23 28
24 29
25 30
26 31
27 32
28 33
29 34
30 35
31 36
32 37
33 38
34 39
35 40
36 41
37 42
38 43
39 44
40 45
41 46
42 47
43 48
44 49
45 50
46 51
47 52
48 52
49 53
50 54
51 55
52 56
53 57
53 58
54 59
55 60
56 61
57 62
58 63
59 64
60 65
61 66
62 67
63 68
64 69
65 70
66 71
67 72
68 73
69 74
70 75
71 76
72 77
73 78
74 79
75 80
76 81
77 82
78 83
79 84
80 85
81 86
82 87
83 87
84 88
85 89
86 90
87 90
88 91
89 92
90 93
91 93
92 94
93 95
94 95
95 96
96 97
97 97
98 98
99 99
100 99
101 100
102 101
103 101
104 102
105 102
106 103
107 103
108 103
109 104
110 104
111 104
112 105
113 105
114 105
115 105
116 105
117 105
118 105
119 105
120 105
121 105
122 105
123 105
124 105
125 104
126 104
127 104
128 104
129 103
130 103
131 103
132 103
133 102
134 102
135 102
136 101
137 101
138 101
139 100
140 100
141 100
142 100
143 99
144 99
145 99
146 99
147 98
148 98
149 98
150 98
151 97
152 97
153 97
154 97
155 97
156 96
157 96
158 96
159 96
160 96
161 95
162 95
163 95
164 95
165 95
166 95
167 95
168 95
169 95
170 94
171 94
172 94
173 94
174 94
175 94
176 94
177 94
178 94
179 94
180 94
181 94
182 94
183 94
184 94
185 95
186 95
187 95
188 95
189 95
190 95
191 96
192 96
193 96
194 96
195 97
196 97
197 97
198 98
199 98
200 99
201 99
202 99
203 100
204 100
205 101
206 101
207 102
208 102
209 103
210 103
211 103
212 104
213 104
214 105
215 105
216 106
217 107
