9 55
10 56
11 57
12 57
13 58
14 59
15 60
16 61
17 62
18 63
19 64
20 65
21 65
22 66
23 67
24 68
25 69
26 70
27 71
27 72
28 73
29 74
30 75
31 76
32 77
33 78
34 79
35 80
36 81
37 82
38 83
39 84
40 85
41 86
42 87
43 88
44 89
45 90
46 91
47 92
48 92
49 93
50 94
51 94
52 95
53 96
54 96
55 97
56 98
57 98
58 99
59 100
60 100
61 101
62 101
63 102
64 102
65 103
66 103
67 104
68 105
69 105
70 106
71 106
72 107
73 107
74 108
75 108
76 109
77 109
78 110
79 111
80 111
81 112
82 112
83 113
84 113
85 114
86 115
87 115
88 116
89 116
90 117
91 118
92 118
93 119
94 119
95 120
96 121
97 121
98 122
99 123
100 123
101 124
102 124
103 125
104 126
105 126
106 127
107 128
108 128
109 129
110 130
111 130
112 131
113 132
114 132
115 133
116 134
117 134
118 135
119 135
120 136
121 137
122 137
123 138
124 139
125 139
126 140
127 140
128 141
129 142
130 142
131 143
132 143
133 144
134 144
135 145
136 145
137 146
138 147
139 147
140 148
141 148
142 149
143 149
144 150
145 150
146 150
147 151
148 151
149 152
150 152
151 153
152 153
153 154
154 154
155 154
156 155
157 155
158 156
159 156
160 156
161 157
162 157
163 158
164 158
165 158
166 159
167 159
168 159
169 160
170 160
171 160
172 160
173 161
174 161
175 161
176 161
177 161
178 161
179 161
180 162
181 162
182 162
183 161
184 161
185 161
186 161
187 161
188 160
189 160
190 159
191 159
192 158
193 157
194 156
195 155
196 155
197 154
198 153
199 152
200 151
201 150
202 149
203 148
204 147
205 146
206 145
207 144
208 143
208 142
209 141
210 140
211 139
212 138
212 137
213 136
213 135
214 134
215 133
215 132
216 131
216 130
217 129
218 128
218 127
219 126
219 125
220 124
220 123
221 122
222 121
222 120
223 119
224 118
224 117
225 116
226 115
226 114
227 113
228 112
229 111
230 110
230 109
231 108
232 107
233 106
234 105
235 105
236 104
237 103
238 102
239 102
240 101
241 101
242 100
243 100
244 99
245 99
246 99
247 98
248 98
249 98
250 98
251 98
252 98
253 98
254 98
255 98
256 98
257 98
258 98
259 98
260 98
261 98
262 98
263 98
264 98
265 98
266 98
267 98
268 98
269 98
270 98
271 98
272 98
273 98
274 99
275 99
276 99
277 99
278 99
279 99
280 99
281 99
282 99
283 99
284 99
285 99
286 99
287 100
288 100
289 100
290 100
291 100
292 100
293 100
294 100
295 101
296 101
297 101
298 101
299 101
300 102
301 102
302 102
303 102
304 103
305 103
306 103
307 103
308 104
309 104
310 104
311 105
312 105
313 105
314 106
315 106
316 107
317 107
318 107
319 108
320 108
321 108
322 109
323 109
324 110
325 110
326 110
327 111
328 111
329 111
330 112
331 112
332 112
333 112
334 112
335 113
336 113
337 113
338 113
339 113
340 114
341 114
342 114
343 114
344 114
345 114
346 114
347 115
348 115
349 115
350 115
351 115
352 116
353 116
354 116
355 116
356 116
357 116
358 116
359 116
360 115
361 115
362 115
363 115
364 114
365 114
366 114
367 113
368 113
369 112
370 112
371 111
372 111
373 110
374 110
375 109
376 109
377 108
378 107
379 107
380 106
381 106
382 105
383 104
384 104
