21 18
22 19
23 20
24 21
25 22
26 23
27 24
28 25
29 26
30 27
31 28
32 29
33 30
34 31
35 32
36 33
37 34
38 35
39 36
40 37
41 38
42 39
43 40
44 41
45 42
46 43
47 44
48 45
48 46
49 47
50 48
51 49
52 50
53 51
53 52
54 53
55 54
56 55
57 56
57 57
58 58
59 59
60 60
60 61
61 62
62 63
63 64
63 65
64 66
65 67
66 68
66 69
67 70
68 71
69 72
69 73
70 74
71 75
72 76
72 77
73 78
74 79
74 80
75 81
76 82
76 83
77 84
78 85
78 86
79 87
80 88
80 89
81 90
81 91
82 92
83 93
83 94
84 95
85 96
85 97
86 98
87 99
87 100
88 101
89 102
90 103
90 104
91 105
92 106
92 107
93 108
94 109
95 110
96 111
96 112
97 113
98 114
99 115
100 116
101 117
102 118
102 119
103 120
104 121
105 122
106 123
107 124
108 125
109 126
110 127
111 128
112 129
113 130
114 131
115 131
116 132
117 133
118 134
119 135
120 136
121 136
122 137
123 138
124 138
125 139
126 139
127 140
128 140
129 141
130 141
131 142
132 142
133 142
134 143
135 143
136 143
137 143
138 143
139 143
140 143
141 143
142 143
143 143
144 143
145 143
146 142
147 142
148 142
149 142
150 142
151 142
152 141
153 141
154 141
155 141
156 141
157 140
158 140
159 140
160 140
161 140
162 140
163 139
164 139
165 139
166 139
167 139
168 138
169 138
170 138
171 138
172 137
173 137
174 137
175 137
176 136
177 136
178 136
179 135
180 135
181 134
182 134
183 134
184 133
185 133
186 132
187 131
188 131
189 130
190 129
191 129
192 128
193 127
194 126
195 126
196 125
197 124
198 123
199 123
200 122
201 121
202 120
203 119
204 119
205 118
206 117
207 117
208 116
209 115
210 115
211 114
212 114
213 113
214 113
215 112
216 112
217 112
218 111
219 111
220 110
221 110
222 110
223 109
224 109
225 109
226 109
227 108
228 108
229 108
230 108
231 107
232 107
233 107
234 107
235 107
236 106
237 106
238 106
239 106
240 106
241 106
242 106
243 106
244 106
245 106
246 106
247 106
248 106
249 106
250 106
251 106
252 106
253 106
254 106
255 107
256 107
257 107
258 108
259 108
260 108
261 109
262 109
263 110
264 110
265 111
266 111
267 112
268 113
269 113
270 114
271 115
272 116
273 116
274 117
275 118
276 119
277 120
278 121
279 122
280 122
281 123
282 124
283 125
284 126
285 126
286 127
287 127
288 128
289 128
290 129
291 129
292 129
293 129
294 129
295 129
296 129
297 129
298 128
299 128
300 128
301 127
302 126
303 126
304 125
305 125
306 124
307 123
308 123
309 122
310 122
311 121
312 121
313 120
314 120
315 120
316 119
317 119
318 119
319 119
320 119
321 119
322 120
323 120
324 120
325 121
326 121
327 121
328 122
329 123
330 123
331 124
332 124
333 125
334 126
335 126
336 127
337 128
338 128
339 129
340 130
341 130
342 131
343 132
344 132
345 133
346 134
347 134
348 135
349 135
350 136
351 136
352 137
353 138
354 138
355 139
356 139
357 139
358 140
359 140
360 141
361 141
362 141
363 142
364 142
365 142
366 142
367 142
368 142
369 143
370 143
371 142
372 142
373 142
374 142
375 142
376 142
377 141
378 141
379 141
380 141
381 140
382 140
383 140
384 139
385 139
386 138
387 138
388 138
389 137
390 137
391 136
392 136
393 135
394 135
395 135
396 134
397 134
398 133
399 133
400 132
401 132
402 132
403 131
404 131
405 131
406 130
407 130
408 130
409 129
410 129
411 129
412 129
413 129
414 128
415 128
416 128
417 128
418 128
419 128
420 128
421 128
422 128
423 128
424 128
425 128
426 128
427 128
428 129
429 129
430 129
431 129
432 129
433 129
434 129
435 130
436 130
437 130
438 130
439 130
440 130
441 130
442 131
443 131
444 131
445 131
446 131
447 131
448 131
449 132
450 132
451 132
452 132
453 132
454 132
455 132
456 132
457 132
458 133
459 133
460 133
461 133
462 133
463 133
