17 51
17 52
18 53
19 54
19 55
20 56
20 57
21 58
22 59
22 60
23 61
23 62
24 63
25 64
25 65
26 66
26 67
27 68
28 69
28 70
29 71
29 72
30 73
31 74
31 75
32 76
32 77
33 78
33 79
34 80
35 81
35 82
36 83
36 84
37 85
38 86
38 87
39 88
39 89
40 90
40 91
41 92
42 93
42 94
43 95
43 96
44 97
44 98
45 99
46 100
46 101
47 102
47 103
48 104
48 105
49 106
50 107
50 108
51 109
51 110
52 111
52 112
53 113
53 114
54 115
55 116
55 117
56 118
56 119
57 120
57 121
58 122
59 123
59 124
60 125
60 126
61 127
61 128
62 129
63 130
63 131
64 132
64 133
65 134
65 135
66 136
67 137
67 138
68 139
68 140
69 141
70 142
70 143
71 144
71 145
72 146
73 147
73 148
74 149
74 150
75 151
76 152
76 153
77 154
78 155
78 156
79 157
80 158
80 159
81 160
82 161
82 162
83 163
84 164
84 165
85 166
86 167
87 168
87 169
88 170
89 171
90 172
90 173
91 174
92 175
93 176
94 177
95 178
95 179
96 180
97 181
98 182
99 183
100 184
101 185
102 186
103 186
104 187
105 188
106 189
107 189
108 190
109 191
110 191
111 192
112 192
113 193
114 193
115 194
116 194
117 194
118 195
119 195
120 196
121 196
122 196
123 196
124 197
125 197
126 197
127 198
128 198
129 198
130 199
131 199
132 199
133 199
134 200
135 200
136 200
137 201
138 201
139 202
140 202
141 202
142 203
143 203
144 204
145 204
146 205
147 205
148 206
149 206
150 206
151 207
152 207
153 208
154 208
155 209
156 209
157 210
158 210
159 210
160 211
161 211
162 212
163 212
164 212
165 213
166 213
167 213
168 214
169 214
170 214
171 215
172 215
173 215
174 215
175 216
176 216
177 216
178 216
179 217
180 217
181 217
182 218
183 218
184 218
185 218
186 218
187 219
188 219
189 219
190 219
191 220
192 220
193 220
194 220
195 221
196 221
197 221
198 221
199 221
200 222
201 222
202 222
203 222
204 222
205 222
206 222
207 222
208 223
209 223
210 223
211 223
212 223
213 223
214 223
215 223
216 222
217 222
218 222
219 222
220 222
221 222
222 221
223 221
224 221
225 221
226 220
227 220
228 220
229 219
230 219
231 218
232 218
233 217
234 217
235 216
236 216
237 215
238 215
239 214
240 213
241 213
242 212
243 211
244 211
245 210
246 209
247 209
248 208
249 207
250 207
251 206
252 205
253 205
254 204
255 203
256 203
257 202
258 201
259 200
260 200
261 199
262 198
263 198
264 197
265 196
266 196
267 195
268 194
269 194
270 193
271 192
272 192
273 191
274 191
275 190
276 189
277 189
278 188
279 188
280 187
281 186
282 186
283 185
284 185
285 184
286 184
287 183
288 183
289 182
290 182
291 181
292 181
293 180
294 180
295 179
296 179
297 179
298 178
299 178
300 177
301 177
302 177
303 176
304 176
305 176
306 175
307 175
308 175
309 174
310 174
311 174
312 173
313 173
314 173
315 172
316 172
317 172
318 171
319 171
320 171
321 171
322 170
323 170
324 170
325 169
326 169
327 169
328 169
329 168
330 168
331 168
