12 5
13 6
14 6
15 7
16 8
17 8
18 9
19 9
20 10
21 11
22 11
23 12
24 13
25 13
26 14
27 14
28 15
29 16
30 16
31 17
32 18
33 18
34 19
35 20
36 20
37 21
38 21
39 22
40 23
41 23
42 24
43 25
44 25
45 26
46 27
47 27
48 28
49 29
50 29
51 30
52 31
53 31
54 32
55 33
56 34
57 34
58 35
59 36
60 37
61 37
62 38
63 39
64 40
65 41
66 42
67 43
68 44
69 45
70 46
71 47
72 48
73 49
73 50
74 51
75 52
76 53
76 54
77 55
77 56
78 57
79 58
79 59
80 60
80 61
81 62
81 63
82 64
83 65
83 66
84 67
84 68
85 69
85 70
86 71
86 72
87 73
87 74
87 75
88 76
88 77
89 78
89 79
90 80
90 81
91 82
91 83
92 84
92 85
93 86
93 87
94 88
94 89
95 90
95 91
96 92
97 93
97 94
98 95
98 96
99 97
100 98
100 99
101 100
102 101
102 102
103 103
104 104
105 105
105 106
106 107
107 108
108 109
109 110
110 111
111 112
112 113
113 114
114 115
115 116
116 117
117 118
118 119
119 120
120 121
121 122
122 123
123 123
124 124
125 125
126 125
127 126
128 127
129 128
130 128
131 129
132 129
133 130
134 130
135 131
136 131
137 132
138 132
139 133
140 133
141 134
142 134
143 135
144 135
145 135
146 136
147 136
148 136
149 136
150 137
151 137
152 137
153 137
154 137
155 137
156 138
157 138
158 138
159 138
160 138
161 138
162 138
163 138
164 138
165 138
166 138
167 137
168 137
169 137
170 137
171 137
172 137
173 136
174 136
175 136
176 136
177 135
178 135
179 135
180 134
181 134
182 134
183 133
184 133
185 133
186 132
187 132
188 131
189 131
190 131
191 130
192 130
193 129
194 129
195 128
196 128
197 127
198 127
199 126
200 126
201 126
202 125
203 125
204 124
205 124
206 124
207 123
208 123
209 122
210 122
211 122
212 122
213 121
214 121
215 121
216 121
217 121
218 121
219 121
220 121
221 121
222 121
223 121
224 121
225 121
226 121
227 121
228 122
229 122
230 122
231 123
232 123
233 123
234 124
235 124
236 125
237 125
238 125
239 126
240 126
241 127
242 127
243 128
244 128
245 128
246 129
247 129
248 129
249 130
250 130
251 130
252 130
253 131
254 131
255 131
256 131
257 131
258 131
259 131
260 131
261 131
262 131
263 131
264 131
265 130
266 130
267 130
268 130
269 129
270 129
271 128
272 128
273 127
274 127
275 126
276 126
277 125
278 125
279 124
280 123
281 123
282 122
283 122
284 121
285 120
286 120
287 119
288 119
289 118
290 118
291 117
292 117
293 116
294 116
295 116
296 116
297 115
298 115
299 115
300 115
301 115
302 115
303 115
304 115
305 115
306 116
307 116
308 116
309 117
310 117
311 118
312 118
313 119
314 120
315 120
316 121
317 122
318 122
319 123
320 124
321 124
322 125
323 126
324 127
325 127
326 128
327 128
328 129
329 129
330 130
331 130
332 131
333 131
334 132
335 132
336 133
337 133
338 133
339 133
340 134
341 134
342 134
343 134
344 135
345 135
346 135
347 135
348 135
349 135
350 135
351 135
352 135
353 135
354 135
355 134
356 134
357 134
358 134
359 133
360 133
361 132
362 132
363 131
364 131
365 130
366 130
367 129
368 128
369 128
370 127
371 126
372 125
373 124
374 124
375 123
376 122
377 121
378 120
379 119
380 118
381 117
382 116
383 115
384 114
385 113
386 112
387 111
388 110
389 109
390 108
391 107
392 106
393 105
394 104
395 103
396 102
397 101
398 101
399 100
400 99
401 98
402 98
403 97
404 96
405 96
406 95
407 95
408 94
409 94
410 93
411 93
412 92
413 92
414 91
415 91
416 90
417 90
418 90
419 89
420 89
421 89
422 88
423 88
424 88
425 87
426 87
427 87
428 87
429 87
430 86
431 86
432 86
433 86
434 86
435 86
436 86
437 86
438 86
439 86
440 86
441 86
442 86
443 86
444 86
445 86
446 86
447 86
448 86
449 86
450 86
451 86
452 86
453 86
454 87
455 87
456 87
457 87
458 87
459 88
460 88
461 88
462 88
463 88
464 89
465 89
466 89
467 89
468 90
469 90
470 90
471 90
472 91
473 91
474 91
475 92
476 92
477 92
478 92
479 93
480 93
481 93
482 94
483 94
484 94
485 95
486 95
487 95
488 96
489 96
490 96
491 96
492 97
493 97
494 97
495 98
496 98
497 98
498 98
499 99
500 99
501 99
502 100
503 100
504 100
505 100
506 101
507 101
508 101
509 101
510 102
511 102
512 102
513 102
514 103
515 103
516 103
517 103
518 103
519 104
520 104
521 104
522 104
523 104
524 104
525 105
526 105
527 105
528 105
529 105
530 105
531 105
532 106
533 106
534 106
535 106
536 106
537 106
538 106
