9 57
10 58
11 58
12 59
13 60
14 61
15 62
16 63
17 64
18 64
19 65
20 66
21 67
22 68
23 69
24 69
25 70
26 71
27 72
28 73
29 74
30 74
31 75
32 76
33 77
34 78
35 78
36 79
37 80
38 81
39 81
40 82
41 83
42 84
43 85
44 85
45 86
46 87
47 88
48 88
49 89
50 90
51 90
52 91
53 92
54 92
55 93
56 94
57 94
58 95
59 95
60 95
61 96
62 96
63 96
64 96
65 97
66 97
67 97
68 97
69 97
70 97
71 97
72 97
73 97
74 97
75 97
76 97
77 97
78 97
79 97
80 97
81 97
82 97
83 96
84 96
85 96
86 96
87 96
88 96
89 96
90 96
91 96
92 96
93 96
94 97
95 97
96 97
97 97
98 97
99 97
100 97
101 98
102 98
103 98
104 98
105 98
106 98
107 98
108 98
109 98
110 98
111 98
112 98
113 98
114 98
115 98
116 97
117 97
118 97
119 97
120 97
121 97
122 97
123 97
124 97
125 96
126 96
127 96
128 96
129 96
130 96
131 96
132 96
133 96
134 96
135 96
136 97
137 97
138 97
139 97
140 97
141 97
142 98
143 98
144 98
145 99
146 99
147 99
148 100
149 100
150 100
151 101
152 101
153 102
154 102
155 102
156 103
157 103
158 103
159 104
160 104
161 104
162 104
163 105
164 105
165 105
166 105
167 106
168 106
169 106
170 106
171 107
172 107
173 107
174 107
175 107
176 107
177 108
178 108
179 108
180 108
181 108
182 108
183 108
184 109
185 109
186 109
187 109
188 109
189 109
190 110
191 110
192 110
193 110
194 110
195 110
196 111
197 111
198 111
199 111
200 111
201 111
202 112
203 112
204 112
205 112
206 112
207 112
208 113
209 113
210 113
211 113
212 113
213 113
214 113
215 113
216 113
217 113
218 113
219 113
220 113
221 113
222 113
223 113
224 113
225 113
226 113
227 112
228 112
229 112
230 112
231 112
