28 15
28 16
29 17
29 18
29 19
30 20
30 21
31 22
31 23
31 24
32 25
32 26
32 27
33 28
33 29
33 30
34 31
34 32
35 33
35 34
35 35
36 36
36 37
36 38
37 39
37 40
37 41
38 42
38 43
38 44
39 45
39 46
39 47
40 48
40 49
40 50
41 51
41 52
41 53
42 54
42 55
42 56
43 57
43 58
43 59
44 60
44 61
44 62
45 63
45 64
45 65
46 66
46 67
46 68
46 69
47 70
47 71
48 72
48 73
48 74
49 75
49 76
49 77
50 78
50 79
50 80
51 81
51 82
52 83
52 84
52 85
53 86
53 87
54 88
54 89
55 90
55 91
56 92
56 93
57 94
57 95
58 96
58 97
59 98
59 99
60 100
60 101
61 102
62 103
62 104
63 105
64 106
65 107
66 108
67 109
68 110
69 111
70 112
71 112
72 113
73 113
74 114
75 114
76 114
77 114
78 114
79 114
80 114
81 113
82 113
83 113
84 112
85 112
86 111
87 111
88 110
89 110
90 109
91 109
92 108
93 108
94 107
95 107
96 106
97 106
98 106
99 105
100 105
101 104
102 104
103 103
104 103
105 103
106 102
107 102
108 102
109 101
110 101
111 101
112 101
113 101
114 101
115 100
116 100
117 100
118 100
119 100
120 100
121 100
122 100
123 100
124 100
125 100
126 100
127 100
128 100
129 100
130 100
131 100
132 100
133 99
134 99
135 99
136 99
137 99
138 99
139 99
140 98
141 98
142 98
143 98
144 98
145 98
146 97
147 97
148 97
149 97
150 97
151 96
152 96
153 96
154 96
155 96
156 96
157 96
158 95
159 95
160 95
161 95
162 95
163 95
164 95
165 95
166 95
167 95
168 95
169 95
170 95
171 95
172 96
173 96
174 96
175 96
176 96
177 96
178 96
179 96
180 97
181 97
182 97
183 97
184 97
185 97
186 98
187 98
188 98
189 98
190 98
191 98
192 99
193 99
194 99
195 99
196 99
197 100
198 100
199 100
200 100
201 100
202 100
203 101
204 101
205 101
206 101
207 101
208 101
209 102
210 102
211 102
212 102
213 102
214 102
215 102
216 102
217 102
218 102
219 103
220 103
221 103
222 103
223 103
224 103
225 103
226 103
227 103
228 102
229 102
230 102
231 102
232 102
233 102
234 102
235 102
236 102
237 101
238 101
239 101
240 101
241 101
242 101
243 100
244 100
245 100
246 100
247 100
248 99
249 99
250 99
251 99
252 98
253 98
254 98
255 98
256 98
257 98
258 97
259 97
260 97
261 97
262 97
263 96
264 96
265 96
266 95
267 95
268 95
269 94
270 94
271 93
272 93
273 92
274 92
275 91
276 90
277 89
278 88
279 87
280 86
281 85
282 84
283 83
284 82
284 81
285 80
286 79
287 78
288 77
289 76
290 75
291 74
292 73
293 73
294 72
295 72
296 71
297 71
298 71
299 71
300 71
301 71
302 72
303 72
304 72
305 73
306 73
307 74
308 74
309 75
310 76
311 76
312 77
313 78
314 79
315 80
316 81
317 82
318 83
319 84
319 85
320 86
321 87
322 88
323 89
323 90
324 91
325 92
325 93
326 94
327 95
328 96
328 97
329 98
330 99
331 100
332 101
332 102
333 103
334 104
335 105
336 106
337 107
338 108
339 108
340 109
341 110
342 111
343 111
344 112
345 113
346 113
347 114
348 114
349 115
350 115
351 115
352 116
353 116
354 116
355 117
356 117
357 117
358 118
359 118
360 118
361 118
362 118
363 119
364 119
365 119
366 119
367 119
368 119
369 119
370 119
371 119
372 119
373 119
374 120
375 120
376 120
377 120
378 120
379 120
380 120
381 120
382 120
383 120
384 120
385 120
386 120
387 120
388 120
