31 66
32 66
33 66
34 67
35 67
36 68
37 68
38 69
39 69
40 70
41 70
42 71
43 71
44 72
45 72
46 73
47 73
48 74
49 74
50 75
51 75
52 75
53 76
54 76
55 77
56 77
57 77
58 78
59 78
60 78
61 79
62 79
63 79
64 80
65 80
66 80
67 80
68 81
69 81
70 81
71 81
72 81
73 82
74 82
75 82
76 82
77 82
78 82
79 82
80 82
81 82
82 82
83 82
84 82
85 82
86 82
87 82
88 82
89 82
90 81
91 81
92 81
93 81
94 81
95 81
96 81
97 80
98 80
99 80
100 80
101 80
102 79
103 79
104 79
105 79
106 79
107 78
108 78
109 78
110 78
111 77
112 77
113 77
114 77
115 76
116 76
117 76
118 76
119 75
120 75
121 75
122 75
123 74
124 74
125 74
126 73
127 73
128 73
129 72
130 72
131 72
132 71
133 71
134 71
135 70
136 70
137 69
138 69
139 69
140 68
141 68
142 67
143 67
144 67
145 66
146 66
147 66
148 65
149 65
150 65
151 65
152 64
153 64
154 64
155 64
156 64
157 63
158 63
159 63
160 63
161 63
162 63
163 63
164 63
165 63
166 63
167 63
168 63
169 63
170 64
171 64
172 64
173 64
174 64
175 64
176 64
177 64
178 64
179 64
180 64
181 64
182 64
183 64
184 64
185 64
186 65
187 65
188 65
189 65
190 65
191 65
192 65
193 65
194 65
195 66
196 66
197 66
198 66
199 67
200 67
201 67
202 67
203 68
204 68
205 69
206 69
207 69
208 70
209 70
210 71
211 72
212 72
213 73
214 74
215 75
216 76
217 77
218 78
219 79
220 80
221 81
222 82
223 83
224 84
225 85
225 86
226 87
227 88
228 89
228 90
229 91
230 92
231 93
231 94
232 95
233 96
233 97
234 98
235 99
235 100
236 101
237 102
237 103
238 104
239 105
239 106
240 107
241 108
241 109
242 110
243 111
243 112
244 113
245 114
245 115
