8 27
9 28
9 29
10 30
11 31
12 32
13 33
14 34
15 35
16 36
17 37
18 38
19 39
20 40
21 41
22 42
23 43
24 44
25 45
26 46
27 47
28 48
29 49
30 50
31 51
32 52
33 53
34 54
35 55
36 56
37 57
38 58
39 58
40 59
41 60
42 61
43 62
44 62
45 63
46 64
47 65
48 65
49 66
50 67
51 68
52 68
53 69
54 69
55 70
56 71
57 71
58 72
59 72
60 73
61 73
62 73
63 74
64 74
65 75
66 75
67 75
68 76
69 76
70 76
71 77
72 77
73 77
74 78
75 78
76 78
77 79
78 79
79 79
80 80
81 80
82 80
83 81
84 81
85 82
86 82
87 83
88 83
89 84
90 84
91 85
92 86
93 86
94 87
95 88
96 88
97 89
98 90
99 91
100 91
101 92
102 93
103 94
104 95
105 96
106 97
107 97
108 98
109 99
110 100
111 101
112 102
113 103
114 103
115 104
116 105
117 106
118 107
119 107
120 108
121 109
122 109
123 110
124 111
125 111
126 112
127 113
128 113
129 114
130 114
131 115
132 115
133 116
134 116
135 116
136 117
137 117
138 118
139 118
140 118
141 119
142 119
143 119
144 119
145 120
146 120
147 120
148 120
149 121
150 121
151 121
152 121
153 122
154 122
155 122
