5 39
6 40
6 41
7 42
7 43
8 44
8 45
9 46
9 47
10 48
10 49
11 50
11 51
12 52
12 53
13 54
13 55
14 56
15 57
15 58
16 59
17 60
18 61
19 61
20 61
21 61
22 61
23 61
24 62
25 62
26 62
27 62
28 62
29 62
30 63
31 63
32 64
33 64
34 64
35 65
36 66
37 66
38 67
39 67
40 68
41 68
42 69
43 70
44 70
45 71
46 71
47 72
48 72
49 73
50 73
51 74
52 74
53 75
54 75
55 76
56 76
57 76
58 77
59 77
60 77
61 78
62 78
63 78
64 78
65 78
66 78
67 79
68 79
69 79
70 79
71 79
72 79
73 79
74 79
75 79
76 79
77 79
78 80
79 80
80 80
81 80
82 80
83 80
84 80
85 80
86 80
87 80
88 80
89 79
90 79
91 78
92 78
93 77
94 77
95 76
96 76
97 75
98 75
99 74
100 74
101 73
102 73
103 72
104 72
105 71
106 71
107 70
108 70
109 70
110 69
111 69
112 68
113 68
114 68
115 67
116 67
117 67
118 66
119 66
120 66
121 66
122 66
123 65
124 65
125 65
126 65
127 66
128 66
129 66
130 66
131 67
132 68
133 68
134 69
135 70
136 71
137 72
138 73
139 74
140 74
141 75
142 76
143 77
144 77
145 78
146 79
147 79
148 80
149 80
150 81
151 81
152 82
153 82
154 82
155 82
156 83
157 83
158 83
159 83
160 83
161 83
162 83
163 83
164 83
165 83
166 83
167 83
168 83
169 84
170 84
171 84
172 84
173 84
174 84
175 84
176 84
177 84
178 83
179 83
180 83
181 83
182 83
183 82
184 82
185 82
186 82
187 82
188 82
189 82
190 82
191 82
192 82
193 81
194 81
195 81
196 81
197 81
198 81
199 81
200 80
201 80
202 80
203 80
204 80
205 80
206 80
207 79
208 79
209 79
210 79
211 79
212 80
213 80
214 80
215 80
216 80
217 81
218 81
219 81
220 82
221 82
222 83
223 83
224 84
225 84
226 85
227 85
228 85
229 86
230 86
231 87
232 87
233 88
234 88
235 88
236 89
237 89
238 89
239 89
240 89
241 89
242 89
243 88
244 88
245 87
246 86
247 86
248 85
249 84
250 83
251 82
252 81
253 80
254 79
255 78
256 77
257 76
258 75
259 74
260 74
261 73
262 72
263 71
264 71
265 70
266 70
267 70
268 69
269 69
270 69
271 69
272 69
273 69
274 68
275 68
276 68
277 68
278 68
279 68
280 68
281 67
282 67
283 67
284 67
285 67
286 67
287 66
288 66
289 66
