13 23
14 24
15 24
16 25
17 26
18 27
19 28
20 28
21 29
22 30
23 31
24 32
25 32
26 33
27 34
28 34
29 35
30 36
31 36
32 37
33 37
34 38
35 38
36 39
37 39
38 39
39 40
40 40
41 40
42 41
43 41
44 41
45 42
46 42
47 42
48 42
49 43
50 43
51 43
52 43
53 43
54 44
55 44
56 44
57 44
58 44
59 45
60 45
61 45
62 45
63 45
64 46
65 46
66 46
67 46
68 47
69 47
70 47
71 48
72 48
73 49
74 49
75 49
76 50
77 51
78 51
79 52
80 53
81 53
82 54
83 55
84 56
85 56
86 57
87 58
88 59
89 60
90 61
90 62
91 63
92 64
93 65
94 66
95 67
95 68
96 69
97 70
98 71
98 72
99 73
100 74
100 75
101 76
102 77
102 78
103 79
104 80
104 81
105 82
106 83
106 84
107 85
108 86
108 87
109 88
109 89
110 90
110 91
111 92
112 93
112 94
113 95
113 96
114 97
115 98
115 99
116 100
116 101
117 102
117 103
118 104
119 105
119 106
120 107
120 108
121 109
121 110
122 111
123 112
123 113
124 114
124 115
125 116
125 117
126 118
127 119
127 120
128 121
128 122
129 123
130 124
130 125
131 126
131 127
132 128
133 129
134 130
134 131
135 132
136 133
136 134
137 135
138 136
139 137
140 138
141 139
142 140
143 141
144 142
145 143
146 143
147 144
148 145
149 145
150 145
151 146
152 146
153 146
154 146
155 147
156 147
157 147
158 147
159 147
160 146
161 146
162 146
163 146
164 146
165 146
166 146
167 145
168 145
169 145
170 145
171 145
172 145
173 145
174 144
175 144
176 144
177 144
178 144
179 144
180 144
181 144
182 144
183 144
184 144
185 144
186 144
187 144
188 144
189 144
190 144
191 144
192 144
193 144
194 144
195 144
196 144
197 144
198 144
199 145
200 145
201 145
202 145
203 145
204 145
205 146
206 146
207 146
208 146
209 146
210 147
211 147
212 147
213 147
214 148
215 148
216 148
217 149
218 149
219 149
220 149
221 150
222 150
223 150
224 151
225 151
226 151
227 152
228 152
229 152
230 153
231 153
232 154
233 154
234 154
235 155
236 155
237 156
238 156
239 156
240 157
241 157
242 158
243 158
244 158
245 159
246 159
247 160
248 160
249 161
250 161
251 162
252 162
253 162
254 163
255 163
256 164
257 164
258 165
259 165
260 166
261 166
262 167
263 167
264 168
265 168
266 169
267 169
268 169
269 170
270 170
271 171
272 171
273 172
274 172
275 173
276 173
277 174
278 174
279 175
280 175
281 176
282 176
283 176
284 177
285 177
286 178
287 178
288 179
289 179
290 180
291 180
292 180
293 181
294 181
295 182
296 182
297 183
298 183
299 184
300 184
301 184
302 185
303 185
304 186
305 186
306 186
307 187
308 187
309 188
310 188
311 188
312 189
313 189
314 190
315 190
316 190
317 191
318 191
319 191
320 192
321 192
322 192
323 193
324 193
325 193
326 194
327 194
328 194
329 195
330 195
331 195
332 196
333 196
334 196
335 196
336 197
337 197
338 197
339 198
340 198
341 198
342 199
343 199
344 199
345 199
346 200
347 200
348 200
349 200
350 201
351 201
352 201
353 202
354 202
