16 65
17 66
18 67
19 68
20 69
20 70
21 71
22 72
23 73
24 74
25 75
25 76
26 77
27 78
28 79
29 80
30 81
30 82
31 83
32 84
33 85
34 86
34 87
35 88
36 89
37 90
38 91
38 92
39 93
40 94
41 95
41 96
42 97
43 98
43 99
44 100
45 101
46 102
46 103
47 104
48 105
48 106
49 107
50 108
50 109
51 110
52 111
52 112
53 113
54 114
54 115
55 116
56 117
56 118
57 119
58 120
58 121
59 122
60 123
60 124
61 125
62 126
62 127
63 128
64 129
64 130
65 131
66 132
66 133
67 134
68 135
69 136
70 137
70 138
71 139
72 140
73 141
74 142
74 143
75 144
76 145
77 146
78 147
79 148
80 149
81 150
82 150
83 151
84 152
85 153
86 154
87 154
88 155
89 156
90 156
91 157
92 157
93 157
94 158
95 158
96 158
97 158
98 159
99 159
100 159
101 159
102 158
103 158
104 158
105 158
106 157
107 157
108 157
109 156
110 156
111 155
112 155
113 154
114 154
115 153
116 152
117 151
118 151
119 150
120 149
121 148
122 148
123 147
124 146
125 145
126 144
127 143
128 142
129 141
130 141
131 140
132 139
133 138
134 137
135 137
136 136
137 135
138 134
139 134
140 133
141 133
142 132
143 132
144 131
145 131
146 130
147 130
148 130
149 129
150 129
151 129
152 128
153 128
154 128
155 128
156 128
157 127
158 127
159 127
160 127
161 127
162 127
163 127
164 127
165 127
166 127
167 127
168 127
169 127
170 127
171 127
172 128
173 128
174 128
175 128
176 128
177 129
178 129
179 129
180 129
181 130
182 130
183 130
184 131
185 131
186 132
187 132
188 132
189 133
190 133
191 134
192 134
193 134
194 135
195 135
196 135
197 136
198 136
199 137
200 137
201 137
202 138
203 138
204 138
205 139
206 139
207 139
208 139
209 140
210 140
211 140
212 140
213 141
214 141
215 141
216 141
217 141
218 142
219 142
220 142
221 142
222 142
223 143
224 143
225 143
226 143
227 143
228 144
229 144
230 144
231 144
232 145
233 145
234 145
235 145
236 146
237 146
238 146
239 147
240 147
241 148
242 148
243 148
244 149
245 149
246 150
247 150
248 151
249 151
250 151
251 152
252 152
253 153
254 153
255 154
256 154
257 155
258 155
259 156
260 156
261 157
262 157
263 158
264 158
265 159
266 159
267 160
268 160
269 160
270 161
271 161
272 162
273 162
274 162
275 163
276 163
277 163
278 164
279 164
280 164
281 165
282 165
283 165
284 165
285 166
286 166
287 166
288 166
289 166
290 167
291 167
292 167
293 167
294 167
295 167
296 167
297 167
298 167
299 167
300 166
301 166
302 166
303 166
304 165
305 165
306 164
307 164
308 163
309 163
310 162
311 161
312 161
313 160
314 159
315 158
316 157
317 156
318 155
319 154
320 153
321 152
322 151
323 150
324 149
325 148
325 147
326 146
327 145
328 144
329 143
329 142
330 141
331 140
332 139
333 138
333 137
334 136
335 135
336 134
336 133
337 132
338 131
339 130
340 129
340 128
341 127
342 126
343 125
344 124
344 123
345 122
346 121
347 120
348 119
349 118
350 117
351 116
351 115
352 114
353 113
354 112
355 111
356 110
357 109
358 108
359 108
360 107
361 106
362 105
363 104
364 104
365 103
366 102
367 102
368 101
369 100
370 100
371 99
372 99
373 98
374 98
375 97
376 97
377 96
378 96
379 96
380 95
381 95
382 95
383 94
384 94
385 94
386 94
387 93
388 93
389 93
390 93
391 93
392 92
393 92
394 92
395 92
396 92
397 91
398 91
399 91
400 91
401 90
402 90
403 90
404 90
405 90
406 89
407 89
408 89
409 88
410 88
411 88
412 88
413 87
414 87
415 87
416 87
417 87
418 87
419 86
420 86
421 86
422 86
423 86
424 86
425 86
426 86
427 87
428 87
429 87
430 87
431 87
432 88
433 88
434 88
435 89
436 89
437 89
438 90
439 90
440 91
441 91
442 92
443 92
444 93
445 94
446 94
447 95
448 95
449 96
450 97
451 98
452 99
453 100
454 100
455 101
456 102
456 103
457 104
458 105
459 106
460 107
460 108
461 109
462 110
463 111
464 112
464 113
465 114
466 115
466 116
467 117
468 118
469 119
469 120
470 121
471 122
472 123
473 124
474 125
474 126
475 127
476 128
477 129
478 130
479 131
480 131
481 132
482 133
483 134
484 134
485 135
486 135
487 136
488 136
489 136
490 136
491 136
492 136
493 135
494 135
495 134
496 133
497 133
498 132
499 131
500 130
501 129
502 128
503 127
504 126
505 125
506 124
507 123
508 122
509 121
510 120
511 119
512 118
513 117
514 116
515 115
516 114
517 113
518 113
519 112
520 111
521 110
522 109
523 108
524 108
525 107
526 106
527 105
528 104
529 103
530 102
531 101
532 100
533 99
534 98
534 97
535 96
536 95
537 94
538 93
538 92
539 91
540 90
541 89
542 88
543 87
