14 74
15 74
16 74
17 74
18 74
19 74
20 74
21 74
22 75
23 75
24 75
25 75
26 75
27 75
28 75
29 75
30 75
31 75
32 76
33 76
34 76
35 76
36 76
37 76
38 76
39 76
40 76
41 76
42 76
43 76
44 76
45 76
46 76
47 76
48 75
49 75
50 75
51 75
52 75
53 75
54 75
55 74
56 74
57 74
58 74
59 74
60 73
61 73
62 73
63 72
64 72
65 72
66 72
67 71
68 71
69 71
70 70
71 70
72 70
73 69
74 69
75 68
76 68
77 68
78 67
79 67
80 67
81 66
82 66
83 65
84 65
85 65
86 64
87 64
88 63
89 63
90 63
91 62
92 62
93 62
94 62
95 61
96 61
97 61
98 61
99 60
100 60
101 60
102 60
103 60
104 60
105 60
106 60
107 60
108 60
109 60
110 60
111 61
112 61
113 61
114 62
115 62
116 62
117 63
118 63
119 64
120 64
121 65
122 66
123 67
124 67
125 68
126 69
127 70
128 71
129 72
130 73
131 74
132 75
133 76
134 77
135 78
136 79
137 80
138 81
139 82
140 83
140 84
141 85
142 86
143 87
144 88
145 89
146 90
147 91
148 92
149 93
150 94
151 95
152 96
153 97
154 98
155 99
156 100
157 100
158 101
159 102
160 103
161 104
162 105
163 106
164 107
165 107
166 108
167 109
168 110
169 111
170 112
171 112
172 113
173 114
174 115
175 116
176 116
177 117
178 118
179 119
180 119
181 120
182 121
183 122
184 122
185 123
186 124
187 125
188 125
189 126
190 127
191 128
192 128
193 129
194 130
195 130
196 131
197 132
198 133
199 133
200 134
201 135
202 135
203 136
204 137
205 137
206 138
207 138
208 139
209 139
210 140
211 140
212 140
213 141
214 141
215 141
216 141
217 141
218 141
219 140
220 140
221 140
222 139
223 138
224 138
225 137
226 136
227 136
228 135
229 134
230 133
231 132
232 131
233 130
234 129
235 128
236 127
237 126
238 125
239 124
240 123
240 122
241 121
242 121
243 120
244 119
245 118
246 117
247 116
248 115
249 114
250 114
251 113
252 112
253 112
254 111
255 110
256 110
257 109
258 109
259 108
260 108
261 107
262 107
263 106
264 106
265 106
266 105
267 105
268 104
269 104
270 103
271 103
272 103
273 102
274 102
275 101
276 101
277 100
278 100
279 100
280 99
281 99
282 98
283 98
284 98
285 97
286 97
287 96
288 96
289 95
290 95
291 95
292 94
293 94
294 93
295 93
296 93
297 92
298 92
299 91
300 91
301 91
302 90
303 90
304 89
305 89
306 89
307 88
308 88
309 88
310 87
311 87
312 87
313 86
314 86
315 86
316 85
317 85
318 85
319 84
320 84
321 84
322 83
323 83
324 83
325 83
326 82
327 82
328 82
329 81
330 81
331 81
332 80
333 80
334 80
335 79
336 79
337 79
338 78
339 78
340 78
341 77
342 77
343 77
344 76
345 76
346 76
347 75
348 75
349 75
350 74
351 74
352 74
353 73
354 73
355 73
356 72
357 72
358 72
359 71
360 71
361 71
362 70
363 70
364 70
365 69
366 69
367 69
368 68
369 68
370 68
371 68
372 67
373 67
374 67
375 67
376 67
377 66
378 66
379 66
380 66
381 66
382 66
383 66
384 66
385 66
386 66
387 66
388 67
389 67
390 67
391 68
392 68
393 69
394 69
395 70
396 71
397 71
398 72
399 73
400 74
401 75
402 76
403 77
403 78
404 79
405 80
406 81
406 82
407 83
408 84
409 85
409 86
410 87
411 88
411 89
412 90
412 91
413 92
414 93
414 94
415 95
415 96
416 97
417 98
417 99
418 100
418 101
419 102
419 103
420 104
421 105
421 106
422 107
422 108
423 109
423 110
424 111
424 112
425 113
426 114
426 115
427 116
427 117
428 118
428 119
429 120
429 121
430 122
430 123
431 124
431 125
432 126
432 127
433 128
433 129
434 130
434 131
435 132
435 133
436 134
437 135
437 136
438 137
438 138
439 139
439 140
440 141
440 142
441 143
441 144
442 145
442 146
443 147
444 148
444 149
445 150
445 151
446 152
446 153
447 154
448 155
448 156
449 157
450 158
450 159
451 160
452 161
452 162
453 163
454 164
455 165
456 166
457 167
458 168
459 169
460 170
461 171
462 172
463 172
464 173
465 173
466 174
467 174
468 175
469 175
470 175
471 176
472 176
473 176
474 176
475 176
476 176
477 176
478 176
479 176
480 176
481 176
482 175
483 175
484 175
485 175
486 174
487 174
488 174
489 173
490 173
491 172
492 172
493 172
494 171
495 171
496 170
497 170
498 169
499 168
500 168
501 167
502 166
503 166
504 165
505 164
506 164
507 163
508 162
509 161
510 160
511 160
512 159
513 158
514 157
515 156
516 155
517 154
518 153
519 152
520 151
521 151
522 150
523 149
524 148
525 147
526 146
526 145
527 144
528 143
529 142
530 141
531 140
532 139
533 138
534 137
535 136
536 135
536 134
537 133
538 132
539 131
540 130
541 129
542 128
543 127
544 126
545 125
546 124
546 123
547 122
548 121
549 120
550 119
551 118
552 118
553 117
554 116
555 115
556 114
557 113
558 112
559 112
560 111
561 110
562 110
563 109
564 108
565 108
566 107
567 107
568 106
569 106
570 106
571 105
572 105
573 105
574 105
575 104
576 104
577 104
578 104
579 104
580 104
581 104
582 105
583 105
584 105
585 106
586 106
587 106
588 107
589 107
590 108
591 109
592 109
593 110
594 111
595 111
596 112
597 113
598 114
599 115
600 116
601 116
602 117
603 118
604 119
605 120
606 121
607 122
608 123
609 124
610 125
611 126
612 127
613 127
614 128
615 129
616 130
617 131
618 132
619 133
620 134
621 135
622 136
623 137
624 138
625 139
626 140
627 141
628 142
629 143
630 144
631 145
632 146
