16 35
17 36
18 37
19 38
19 39
20 40
21 41
21 42
22 43
23 44
23 45
24 46
25 47
25 48
26 49
27 50
27 51
28 52
29 53
29 54
30 55
31 56
31 57
32 58
32 59
33 60
34 61
34 62
35 63
36 64
36 65
37 66
37 67
38 68
38 69
39 70
40 71
40 72
41 73
41 74
42 75
42 76
43 77
44 78
44 79
45 80
45 81
46 82
46 83
47 84
47 85
48 86
48 87
49 88
50 89
50 90
51 91
51 92
52 93
52 94
53 95
53 96
54 97
54 98
55 99
55 100
56 101
56 102
57 103
57 104
58 105
58 106
59 107
59 108
60 109
60 110
61 111
61 112
61 113
62 114
62 115
63 116
63 117
64 118
64 119
65 120
65 121
66 122
66 123
67 124
67 125
68 126
68 127
69 128
69 129
70 130
70 131
71 132
71 133
72 134
72 135
73 136
73 137
74 138
74 139
75 140
75 141
76 142
76 143
77 144
78 145
78 146
79 147
79 148
80 149
81 150
81 151
82 152
83 153
84 154
84 155
85 156
86 157
87 158
88 159
89 160
90 161
91 162
92 163
93 164
94 165
95 166
96 166
97 167
98 168
99 168
100 169
101 169
102 169
103 170
104 170
105 170
106 170
107 171
108 171
109 171
110 171
111 171
112 171
113 171
114 171
115 171
116 171
117 171
118 170
119 170
120 170
121 170
122 169
123 169
124 169
125 168
126 168
127 167
128 167
129 166
130 166
131 165
132 165
133 164
134 163
135 163
136 162
137 162
138 161
139 160
140 160
141 159
142 158
143 157
144 157
145 156
146 155
147 155
148 154
149 153
150 152
151 152
152 151
153 150
154 150
155 149
156 148
157 148
158 147
159 146
160 146
161 145
162 144
163 144
164 143
165 142
166 142
167 141
168 140
169 140
170 139
171 139
172 138
173 138
174 137
175 137
176 136
177 136
178 135
179 135
180 134
181 134
182 133
183 133
184 132
185 132
186 132
187 131
188 131
189 130
190 130
191 130
192 129
193 129
194 129
195 128
196 128
197 128
198 128
199 128
200 127
201 127
202 127
203 127
204 127
205 127
206 127
207 127
208 127
209 127
210 127
211 127
212 127
213 127
214 127
215 128
216 128
217 128
218 128
219 128
220 129
221 129
222 129
223 129
224 130
225 130
226 130
227 130
228 131
229 131
230 131
231 131
232 132
233 132
234 132
235 132
236 132
237 133
238 133
239 133
240 133
241 133
242 133
243 133
244 133
245 133
246 133
247 133
248 133
249 133
250 133
251 133
252 133
253 133
254 133
255 133
256 132
257 132
258 132
259 132
260 131
261 131
262 131
263 130
264 130
265 129
266 129
267 128
268 128
269 127
270 127
271 126
272 126
273 125
274 124
275 124
276 123
277 122
278 122
279 121
280 120
281 119
282 119
283 118
284 117
285 116
286 116
287 115
288 114
289 113
290 112
291 111
292 110
293 110
294 109
295 108
296 107
297 106
298 105
299 104
300 103
301 102
302 102
303 101
304 100
305 99
306 98
307 97
308 96
309 95
310 95
311 94
312 93
313 92
314 91
315 91
316 90
317 89
318 89
319 88
320 88
321 88
322 88
323 88
324 88
325 88
326 88
327 88
328 89
329 89
330 90
331 91
332 92
333 93
333 94
334 95
335 96
335 97
336 98
337 99
337 100
338 101
338 102
339 103
339 104
340 105
340 106
341 107
341 108
342 109
342 110
343 111
343 112
344 113
345 114
345 115
346 116
346 117
347 118
347 119
348 120
349 121
349 122
350 123
351 124
352 125
353 126
354 127
355 127
356 127
357 127
358 126
359 126
360 125
361 124
361 123
362 122
363 121
363 120
364 119
365 118
365 117
366 116
367 115
367 114
368 113
369 112
369 111
370 110
370 109
371 108
372 107
373 106
373 105
374 104
375 103
376 102
377 101
378 100
379 99
380 98
381 97
382 97
383 96
384 95
385 95
386 94
387 94
388 94
389 93
390 93
391 93
392 92
393 92
394 92
395 92
396 91
397 91
398 91
399 91
400 91
401 91
402 91
403 91
404 91
405 91
406 91
407 91
408 91
409 91
410 91
411 91
412 91
413 91
414 91
415 91
416 91
417 91
418 91
419 91
420 91
421 91
422 91
423 91
424 91
425 91
426 91
427 91
428 91
429 91
430 91
