30 72
31 73
31 74
32 75
32 76
32 77
33 78
33 79
34 80
34 81
34 82
35 83
35 84
36 85
36 86
37 87
37 88
37 89
38 90
38 91
39 92
39 93
40 94
40 95
40 96
41 97
41 98
42 99
42 100
43 101
43 102
44 103
44 104
44 105
45 106
45 107
46 108
46 109
47 110
47 111
48 112
48 113
49 114
49 115
50 116
50 117
51 118
51 119
52 120
52 121
53 122
53 123
54 124
54 125
55 126
55 127
56 128
57 129
57 130
58 131
58 132
59 133
60 134
60 135
61 136
61 137
62 138
63 139
63 140
64 141
65 142
65 143
66 144
67 145
67 146
68 147
69 148
69 149
70 150
71 151
72 152
72 153
73 154
74 155
75 156
76 157
77 158
77 159
78 160
79 161
80 162
81 163
82 164
83 164
84 165
85 166
86 167
87 167
88 168
89 168
90 169
91 169
92 169
93 170
94 170
95 170
96 170
97 170
98 170
99 169
100 169
101 169
102 168
103 168
104 167
105 167
106 166
107 166
108 165
109 164
110 164
111 163
112 162
113 161
114 160
115 159
116 158
117 157
118 156
119 155
120 154
121 153
122 152
122 151
123 150
124 149
125 148
126 147
126 146
127 145
128 144
129 143
130 142
131 141
132 140
133 139
133 138
134 137
135 136
136 136
137 135
138 134
139 133
140 132
141 131
142 131
143 130
144 129
145 129
146 128
147 127
148 127
149 127
150 126
151 126
152 125
153 125
154 125
155 125
156 124
157 124
158 124
159 124
160 124
161 124
162 124
163 124
164 124
165 124
166 125
167 125
168 125
169 125
170 126
171 126
172 127
173 127
174 128
175 128
176 129
177 129
178 130
179 131
180 131
181 132
182 132
183 133
184 134
185 134
186 135
187 136
188 137
189 137
190 138
191 139
192 139
193 140
194 140
195 141
196 142
197 142
198 143
199 143
200 144
201 144
202 145
203 145
204 146
205 147
206 147
207 148
208 148
209 149
210 149
211 150
212 150
213 151
214 151
215 152
216 153
217 153
218 154
219 154
220 155
221 156
222 156
223 157
224 158
225 159
226 159
227 160
228 161
229 162
230 163
231 164
232 164
233 165
234 166
235 167
236 168
237 169
238 170
239 171
240 172
241 173
242 174
243 175
244 175
245 176
246 177
247 178
248 178
249 179
250 179
251 180
252 180
253 181
254 181
255 181
256 181
257 181
258 180
259 180
260 179
261 179
262 178
263 178
264 177
265 176
266 175
267 175
268 174
269 173
270 172
271 171
272 170
273 169
274 168
275 167
276 166
277 165
278 164
279 163
280 162
281 161
282 161
283 160
284 159
285 158
286 157
287 156
288 155
289 155
290 154
291 153
292 152
293 152
294 151
295 150
296 150
297 149
298 149
299 148
300 148
301 147
302 147
303 146
304 146
305 146
306 145
307 145
308 145
309 144
310 144
311 144
312 144
313 144
314 143
315 143
316 143
317 143
318 143
319 143
320 143
321 143
322 143
323 143
324 143
325 143
326 143
327 143
328 143
329 143
330 143
331 143
332 143
333 144
334 144
335 144
336 144
337 144
338 145
339 145
340 145
341 145
342 146
343 146
344 146
345 147
346 147
347 147
348 148
349 148
350 148
351 149
352 149
353 150
354 150
355 150
356 151
357 151
358 152
359 152
360 153
361 153
362 154
363 154
364 154
365 155
366 155
367 156
368 156
369 157
370 157
371 158
372 158
373 159
374 159
375 159
376 160
377 160
378 161
379 161
380 161
381 162
382 162
383 162
384 163
385 163
386 163
387 163
388 163
389 164
390 164
391 164
392 164
393 164
394 164
395 164
396 164
397 164
398 163
399 163
400 163
401 163
402 162
403 162
404 162
405 161
406 161
407 160
408 160
409 159
410 159
411 158
412 157
413 157
414 156
415 155
416 154
417 154
418 153
419 152
420 151
421 150
422 150
423 149
424 148
425 147
426 146
427 146
428 145
429 144
430 143
431 143
432 142
433 141
434 140
435 140
436 139
437 138
438 138
439 137
440 136
441 136
442 135
443 134
444 134
445 133
446 133
447 132
448 132
449 131
450 131
451 130
452 130
453 129
454 129
455 128
456 128
457 127
458 127
459 127
460 126
461 126
462 126
463 125
464 125
465 125
466 124
467 124
468 124
469 123
470 123
471 123
472 123
473 122
474 122
475 122
476 122
477 122
478 121
479 121
480 121
481 121
482 121
483 121
484 120
485 120
486 120
487 120
488 120
489 120
490 120
491 119
492 119
493 119
494 119
495 119
496 119
497 119
498 119
499 118
500 118
501 118
502 118
503 118
504 118
505 118
506 118
507 118
508 117
509 117
510 117
511 117
512 117
513 117
514 117
515 117
516 117
517 117
518 116
519 116
520 116
521 116
522 116
523 116
524 116
525 116
526 116
527 115
528 115
529 115
530 115
531 115
532 115
533 115
534 114
535 114
536 114
537 114
538 114
539 114
540 113
541 113
542 113
543 113
544 113
545 112
546 112
547 112
548 112
549 111
550 111
551 111
552 111
553 110
554 110
555 110
556 109
557 109
558 109
559 109
560 108
561 108
562 108
563 108
564 107
565 107
566 107
567 107
568 107
569 106
570 106
571 106
572 106
573 106
574 105
575 105
576 105
577 105
578 104
579 104
580 104
581 104
582 103
583 103
584 103
585 103
586 102
587 102
588 102
589 101
590 101
591 100
592 100
593 100
594 99
595 99
596 98
597 98
598 98
599 97
600 97
601 96
602 96
603 95
604 95
605 94
606 94
607 93
608 93
609 92
610 92
611 91
612 91
