29 27
30 27
31 28
32 29
33 29
34 30
35 31
36 32
37 33
38 33
39 34
40 35
41 36
42 36
43 37
44 38
45 38
46 39
47 40
48 40
49 41
50 41
51 42
52 42
53 42
54 43
55 43
56 43
57 43
58 44
59 44
60 44
61 44
62 44
63 44
64 45
65 45
66 45
67 46
68 46
69 47
70 47
71 48
72 49
73 49
74 50
75 51
76 52
77 53
78 54
79 55
79 56
80 57
81 58
82 59
82 60
83 61
84 62
85 63
86 64
86 65
87 66
88 67
89 68
90 69
91 70
92 71
93 71
94 72
95 73
96 73
97 74
98 74
99 74
100 75
101 75
102 75
103 75
104 75
105 76
106 76
107 75
108 75
109 75
110 75
111 75
112 74
113 74
114 74
115 73
116 73
117 72
118 72
119 71
120 71
121 70
122 70
123 70
124 69
125 69
126 69
127 69
128 69
129 69
130 69
131 69
132 69
133 69
134 69
135 70
136 70
137 71
138 71
139 72
140 72
141 73
142 74
143 74
144 75
145 76
146 77
147 78
148 79
148 80
149 81
150 82
151 83
151 84
152 85
153 86
154 87
154 88
155 89
156 90
157 91
157 92
158 93
159 94
160 95
160 96
161 97
162 98
163 99
164 100
165 101
166 102
167 103
168 104
169 105
170 106
171 106
172 107
173 108
174 108
175 108
176 108
177 108
178 108
179 108
180 107
181 107
182 106
183 105
184 105
185 104
186 103
187 102
188 101
189 100
190 99
191 98
192 98
193 97
194 97
195 97
196 97
197 97
198 97
199 97
200 98
201 98
202 98
203 99
204 99
205 99
206 100
207 100
208 100
209 101
210 101
211 101
212 102
213 102
214 102
215 102
216 102
217 102
218 103
219 103
220 103
221 103
222 103
223 103
224 103
225 103
226 104
227 104
228 104
229 104
230 104
231 104
