26 46
27 47
28 48
29 49
30 50
31 51
32 52
33 53
34 54
35 55
35 56
36 57
37 58
38 59
39 60
40 61
40 62
41 63
42 64
43 65
43 66
44 67
45 68
45 69
46 70
47 71
47 72
48 73
49 74
49 75
50 76
50 77
51 78
52 79
52 80
53 81
53 82
54 83
55 84
55 85
56 86
57 87
57 88
58 89
59 90
59 91
60 92
61 93
61 94
62 95
63 96
64 97
64 98
65 99
66 100
67 101
67 102
68 103
69 104
70 105
71 106
72 107
72 108
73 109
74 110
75 111
76 112
77 113
78 114
79 115
80 116
81 117
82 118
83 119
84 120
85 121
86 122
87 122
88 123
89 123
90 124
91 124
92 123
93 123
94 122
95 121
96 121
97 120
97 119
98 118
99 117
100 116
100 115
101 114
102 113
102 112
103 111
104 110
104 109
105 108
106 107
107 106
108 105
109 104
110 103
111 103
112 103
113 103
114 103
115 103
116 103
117 104
118 104
119 105
120 106
121 106
122 107
123 108
124 109
125 109
126 110
127 111
128 111
129 112
130 113
131 113
132 114
133 114
134 115
135 116
136 116
137 117
138 117
139 118
140 118
141 119
142 119
143 120
144 120
145 120
146 121
147 121
148 122
149 122
150 122
151 123
152 123
153 124
154 124
155 124
156 125
157 125
158 125
159 126
160 126
161 126
162 127
163 127
164 127
165 128
166 128
167 128
168 129
169 129
170 129
171 129
172 130
173 130
174 130
175 131
176 131
177 131
178 131
179 132
180 132
181 132
182 132
183 133
184 133
185 133
186 133
187 133
188 133
189 133
190 133
191 133
192 132
193 132
194 132
195 131
196 131
197 131
198 130
199 129
200 129
201 128
202 127
203 127
204 126
205 125
206 124
207 124
208 123
209 122
210 121
211 120
212 119
213 119
214 118
215 117
216 116
217 115
218 114
219 113
220 112
220 111
221 110
222 109
223 108
224 107
224 106
225 105
226 104
227 103
228 102
228 101
229 100
230 99
231 98
232 97
233 96
234 95
235 94
236 93
237 92
238 91
239 90
240 89
241 88
242 88
243 87
244 86
245 86
246 85
247 85
248 84
249 83
250 83
251 83
252 82
253 82
254 82
255 81
256 81
257 81
258 81
259 81
260 80
261 80
262 80
263 80
264 80
265 81
266 81
267 81
268 81
269 81
270 81
271 82
272 82
273 82
274 83
275 83
276 84
277 84
278 85
279 85
280 86
281 86
282 87
283 88
284 88
285 89
286 90
287 90
288 91
289 92
290 93
291 94
292 94
293 95
294 96
295 97
296 97
297 98
298 98
299 99
300 99
301 99
302 99
303 98
304 98
305 97
306 97
307 96
308 95
309 94
310 93
311 92
312 91
313 90
314 89
315 88
316 87
316 86
317 85
318 84
319 83
320 82
321 82
322 81
323 80
324 79
325 78
326 77
327 77
328 76
329 75
330 75
331 74
332 74
333 73
334 73
335 73
336 72
337 72
338 72
339 71
340 71
341 71
342 71
343 71
344 71
345 71
346 71
347 71
348 71
349 71
350 71
351 72
352 72
353 72
354 72
355 72
356 73
357 73
358 73
359 74
360 74
361 74
362 75
363 75
364 75
365 76
366 76
367 77
368 77
369 77
370 78
371 78
372 79
373 79
374 79
375 80
376 80
377 81
378 81
379 82
380 82
381 82
382 83
383 83
384 84
385 84
386 84
387 85
388 85
389 85
390 86
391 86
392 86
393 86
394 87
395 87
396 87
397 87
398 87
399 87
400 87
401 87
402 87
403 87
404 87
405 87
406 87
407 87
408 87
409 87
410 87
411 87
412 87
413 87
414 87
415 87
416 87
417 87
418 87
419 87
420 87
421 87
422 87
423 87
424 87
425 87
426 87
427 87
428 87
429 87
430 87
431 87
432 87
433 87
434 87
435 87
436 87
437 87
