26 20
27 20
28 21
29 22
30 22
31 23
32 24
33 24
34 25
35 26
36 26
37 27
38 28
39 28
40 29
41 30
42 31
43 31
44 32
45 33
46 34
47 34
48 35
49 36
50 37
51 38
52 39
53 39
54 40
55 41
56 42
57 43
58 44
59 45
60 46
61 47
62 48
63 49
64 50
65 51
66 52
66 53
67 54
68 55
69 56
70 57
70 58
71 59
72 60
73 61
73 62
74 63
75 64
76 65
76 66
77 67
78 68
79 69
79 70
80 71
81 72
82 73
83 74
83 75
84 76
85 77
86 78
87 79
88 79
89 80
90 81
91 82
92 82
93 83
94 83
95 83
96 84
97 84
98 84
99 84
100 84
101 84
102 84
103 84
104 84
105 84
106 84
107 84
108 83
109 83
110 83
111 83
112 83
113 82
114 82
115 82
116 82
117 81
118 81
119 81
120 81
121 81
122 80
123 80
124 80
125 80
126 80
127 80
128 79
129 79
130 79
131 79
132 79
133 79
134 79
135 78
136 78
137 78
138 78
139 78
140 78
141 77
142 77
143 77
144 77
145 77
146 77
147 76
148 76
149 76
150 76
151 76
152 75
153 75
154 75
155 75
156 75
157 74
158 74
159 74
160 74
161 74
162 73
163 73
164 73
165 73
166 73
167 72
168 72
169 72
170 72
171 72
172 72
173 72
174 71
175 71
176 71
177 71
178 71
179 71
180 71
181 71
182 71
183 71
184 71
185 71
186 71
187 71
188 71
189 72
190 72
191 72
192 72
193 73
194 73
195 74
196 74
197 75
198 75
199 76
200 76
201 77
202 78
203 78
204 79
205 80
206 80
207 81
208 82
209 83
210 84
211 84
212 85
213 86
214 87
215 88
216 89
217 89
218 90
219 91
220 92
221 93
222 94
223 95
224 96
225 97
226 98
227 99
228 100
229 101
230 102
231 103
231 104
232 105
233 106
234 107
235 108
236 109
237 110
238 111
239 112
240 112
241 113
242 114
243 115
244 116
245 117
246 118
247 119
248 119
249 120
250 121
251 122
252 123
253 124
254 124
255 125
256 126
256 127
