17 54
18 55
19 56
19 57
20 58
21 59
21 60
22 61
22 62
23 63
24 64
24 65
25 66
26 67
27 68
27 69
28 70
29 71
30 72
31 73
32 74
33 75
34 76
35 76
36 77
37 78
38 78
39 79
40 79
41 80
42 80
43 81
44 81
45 82
46 82
47 83
48 83
49 84
50 84
51 85
52 86
53 86
54 87
55 87
56 88
57 88
58 88
59 89
60 89
61 90
62 90
63 90
64 91
65 91
66 91
67 91
68 91
69 92
70 92
71 92
72 92
73 92
74 92
75 92
76 92
77 92
78 92
79 92
80 92
81 92
82 92
83 92
84 92
85 92
86 91
87 91
88 91
89 91
90 91
91 91
92 91
93 90
94 90
95 90
96 90
97 90
98 90
99 90
100 90
101 90
102 90
103 90
104 90
105 90
106 90
107 90
108 90
109 90
110 90
111 90
112 90
113 90
114 90
115 91
116 91
117 91
118 91
119 91
120 91
121 91
122 91
123 91
124 90
125 90
126 90
127 90
128 90
129 90
130 90
131 90
132 90
133 90
134 90
135 90
136 90
137 90
138 90
139 90
140 90
141 90
142 90
143 89
144 89
145 89
146 89
147 89
148 89
149 88
150 88
151 88
152 88
153 88
154 88
155 88
156 88
157 88
158 88
159 88
160 88
161 88
162 88
163 88
164 89
165 89
166 89
167 89
168 89
169 90
170 90
171 90
172 91
173 91
174 91
175 92
176 92
177 92
178 93
179 93
180 93
181 94
182 94
183 95
184 95
185 96
186 96
187 97
188 97
189 98
190 98
191 99
192 99
193 100
194 100
195 101
196 101
197 102
198 102
199 102
200 103
201 103
202 104
203 104
204 104
205 104
206 104
207 105
208 105
209 105
210 105
211 104
212 104
213 104
214 104
215 104
216 103
217 103
218 103
219 102
220 102
221 102
222 102
223 101
224 101
225 101
226 101
227 100
228 100
229 100
230 100
231 99
232 99
233 99
234 99
235 99
236 98
237 98
238 98
239 98
240 98
241 97
242 97
243 97
244 96
245 96
246 96
247 96
248 95
249 95
250 95
251 94
252 94
253 94
254 93
255 93
256 92
257 92
258 92
259 91
260 91
261 91
262 90
263 90
264 89
265 89
266 89
267 88
268 88
269 87
270 87
271 87
272 86
273 86
274 86
275 85
276 85
277 85
278 84
279 84
280 84
281 84
282 83
283 83
284 83
285 83
286 83
287 83
288 83
289 83
290 84
291 84
292 84
293 85
294 85
295 86
296 87
297 87
298 88
299 89
299 90
300 91
301 92
302 93
302 94
303 95
304 96
304 97
305 98
306 99
306 100
307 101
307 102
308 103
309 104
309 105
310 106
311 107
311 108
312 109
313 110
314 111
314 112
315 113
316 114
317 115
318 116
319 117
320 117
321 118
322 118
323 119
324 119
325 120
326 120
327 120
328 120
329 120
330 119
331 119
332 119
333 118
334 118
335 117
336 117
337 116
338 116
339 116
340 115
341 115
342 115
343 114
344 114
345 114
346 114
347 114
348 114
349 113
350 113
351 113
352 113
353 113
354 113
355 113
356 113
357 113
358 113
359 114
360 114
361 114
362 114
363 114
364 114
365 114
366 114
367 114
368 114
369 114
370 114
371 114
372 114
373 114
374 114
375 114
376 114
377 114
378 114
379 113
380 113
381 113
382 113
383 112
384 112
385 111
386 111
387 111
388 110
389 110
390 109
391 109
392 108
393 107
394 107
395 106
