5 31
5 32
6 33
7 34
7 35
8 36
9 37
9 38
10 39
11 40
11 41
12 42
13 43
13 44
14 45
15 46
16 47
16 48
17 49
18 50
19 51
20 52
21 53
22 54
23 55
24 56
25 57
26 58
27 59
28 59
29 60
30 61
31 61
32 62
33 62
34 62
35 63
36 63
37 63
38 63
39 64
40 64
41 64
42 64
43 64
44 64
45 64
46 65
47 65
48 66
49 67
50 68
51 69
52 70
53 71
54 72
55 73
56 74
56 75
57 76
58 77
59 78
60 79
61 79
62 80
63 81
64 82
65 82
66 82
67 83
68 83
69 83
70 82
71 82
72 82
73 81
74 81
75 80
76 79
77 78
78 77
79 76
80 75
81 75
82 74
83 74
84 73
85 73
86 73
87 73
88 73
89 73
90 74
91 74
92 74
93 73
94 73
95 73
96 72
97 72
98 71
99 70
100 70
101 69
102 69
103 68
104 68
105 67
106 67
107 67
108 67
109 67
110 66
111 66
112 66
113 66
114 66
115 67
116 67
117 67
118 67
119 67
120 68
121 68
122 68
123 69
124 69
125 69
126 70
127 70
128 71
129 71
130 72
131 73
132 73
133 74
134 75
135 75
136 76
137 77
138 78
139 79
140 79
141 80
142 81
143 82
144 82
145 83
146 84
147 85
148 85
149 86
150 86
151 87
152 88
153 88
154 89
155 89
156 89
157 90
158 90
159 90
160 90
161 91
162 91
163 91
164 91
165 91
166 91
167 91
168 91
169 91
170 91
171 91
172 91
173 91
174 91
175 91
176 91
177 91
178 91
179 91
180 91
181 91
182 91
183 90
184 90
185 90
186 90
187 90
188 89
189 89
190 88
191 88
192 87
193 87
194 86
195 85
196 84
197 83
198 82
199 81
200 80
200 79
201 78
202 77
202 76
203 75
204 74
204 73
205 72
206 71
206 70
207 69
208 68
208 67
209 66
210 65
210 64
211 63
212 62
213 61
214 60
215 59
216 58
217 57
218 57
219 56
220 55
221 55
222 54
223 54
224 53
225 53
226 52
227 52
228 52
229 51
230 51
231 51
232 51
233 50
234 50
235 50
236 50
237 50
238 50
239 50
240 50
241 50
242 50
243 50
244 50
245 51
246 51
247 51
248 51
249 51
250 52
251 52
252 52
253 53
254 53
255 54
256 54
257 55
258 56
259 56
260 57
261 58
262 59
263 60
264 61
265 62
266 63
267 63
268 64
269 65
270 65
271 66
272 66
273 67
274 68
275 68
276 69
277 69
278 70
279 70
280 71
281 71
282 72
283 72
284 72
285 72
286 72
287 72
288 72
289 73
290 73
291 73
292 73
293 73
294 73
295 74
296 74
297 75
298 75
299 76
300 76
301 77
302 77
303 78
304 79
305 79
306 80
307 81
308 81
309 82
310 82
311 83
312 83
313 84
314 84
315 85
316 85
317 86
318 86
319 86
320 87
321 87
322 87
323 87
324 87
325 88
