7 32
8 33
9 33
10 33
11 33
12 34
13 34
14 34
15 35
16 35
17 36
18 36
19 36
20 37
21 37
22 38
23 39
24 39
25 40
26 41
27 42
28 43
29 44
30 45
31 46
32 47
33 48
34 49
34 50
35 51
36 52
37 53
38 54
39 55
40 56
41 56
42 57
43 57
44 57
45 57
46 57
47 57
48 57
49 57
50 57
51 56
52 56
53 56
54 56
55 55
56 55
57 55
58 55
59 54
60 54
61 54
62 53
63 53
64 53
65 53
66 52
67 52
68 52
69 52
70 52
71 52
72 51
73 51
74 51
75 51
76 51
77 51
78 51
79 52
80 52
81 52
82 52
83 52
84 53
85 53
86 53
87 54
88 54
89 54
90 55
91 55
92 56
93 56
94 57
95 57
96 58
97 58
98 59
99 59
100 60
101 60
102 60
103 61
104 61
105 61
106 61
107 61
108 61
109 61
110 61
111 61
112 61
113 61
114 61
115 60
116 60
117 60
118 60
119 60
120 60
121 60
122 60
123 60
124 60
125 61
126 61
127 62
128 62
129 63
130 64
131 64
132 65
133 66
134 67
135 68
136 69
137 70
138 71
139 72
140 73
141 74
142 74
143 75
144 76
145 77
146 78
147 78
148 79
149 80
150 80
151 81
152 81
153 81
154 82
155 82
156 82
157 83
158 83
159 83
160 83
161 83
162 83
163 83
164 83
165 83
166 83
167 82
168 82
169 82
170 81
171 81
172 80
173 80
174 79
175 79
176 78
177 78
178 77
179 76
180 75
181 75
182 74
183 73
184 72
185 72
186 71
187 70
188 69
189 69
190 68
191 67
192 66
193 65
194 64
195 64
196 63
197 63
