5 25
6 26
6 27
7 28
7 29
8 30
8 31
8 32
9 33
9 34
10 35
10 36
11 37
11 38
12 39
12 40
13 41
13 42
14 43
14 44
15 45
15 46
16 47
17 48
17 49
18 50
19 51
19 52
20 53
21 54
22 55
23 56
24 57
25 58
26 59
27 60
28 60
29 61
30 61
31 62
32 63
33 63
34 63
35 64
36 64
37 64
38 65
39 65
40 65
41 65
42 66
43 66
44 67
45 67
46 68
47 68
48 69
49 70
50 71
50 72
51 73
52 74
53 75
54 76
54 77
55 78
56 79
57 80
58 80
59 81
60 82
61 82
62 82
63 82
64 82
65 82
66 82
67 81
68 81
69 80
70 80
71 79
72 79
73 78
74 78
75 77
76 77
77 76
78 76
79 76
80 75
81 75
82 75
83 75
84 74
85 74
86 74
87 74
88 74
89 74
90 74
91 74
92 75
93 75
94 75
95 75
96 76
97 76
98 76
99 77
100 77
101 78
102 78
103 79
104 79
105 80
106 80
107 81
108 81
109 82
110 82
111 83
112 83
113 83
114 84
115 84
116 84
117 85
118 85
119 85
120 86
121 86
122 86
123 87
124 87
125 87
126 88
127 88
128 88
129 88
130 89
131 89
132 89
133 89
134 89
135 88
136 88
137 88
138 87
139 87
140 86
141 86
142 85
143 84
144 83
145 82
146 81
147 80
148 79
149 78
150 77
151 76
152 75
152 74
153 73
154 72
