11 11
12 12
12 13
13 14
14 15
15 16
15 17
16 18
17 19
17 20
18 21
19 22
20 23
20 24
21 25
22 26
23 27
24 28
24 29
25 30
26 31
27 32
28 33
29 34
30 35
31 36
32 37
33 38
34 39
35 39
36 40
37 41
38 41
39 42
40 42
41 43
42 43
43 43
44 44
45 44
46 44
47 44
48 44
49 44
50 43
51 43
52 43
53 43
54 43
55 42
56 42
57 42
58 41
59 41
60 41
61 40
62 40
63 40
64 39
65 39
66 39
67 39
68 39
69 39
70 39
71 39
72 39
73 39
74 39
75 39
76 40
77 40
78 41
79 41
80 42
81 43
82 44
83 45
84 46
84 47
85 48
86 49
86 50
87 51
88 52
89 53
89 54
90 55
91 56
92 57
93 58
93 59
94 60
95 61
96 62
97 63
98 64
99 64
100 65
101 66
102 67
103 68
104 69
105 69
106 70
107 71
108 72
109 72
110 73
111 73
112 74
113 74
114 74
115 75
116 75
117 75
118 75
119 74
120 74
121 74
122 73
123 73
124 73
125 73
126 73
127 73
128 72
129 72
130 72
131 73
132 73
133 73
134 73
135 73
136 73
137 74
138 74
139 74
140 74
141 75
142 75
143 75
144 76
145 76
146 76
147 76
148 77
149 77
150 77
151 77
152 77
153 77
154 76
155 76
156 76
157 76
158 76
159 76
160 75
161 75
162 75
163 75
