11 21
12 22
12 23
13 24
14 25
15 26
16 27
17 28
18 29
19 30
20 31
20 32
21 33
22 34
23 35
24 36
25 37
26 38
26 39
27 40
28 41
29 42
30 43
30 44
31 45
32 46
33 47
34 48
34 49
35 50
36 51
37 52
38 53
38 54
39 55
40 56
41 57
42 58
42 59
43 60
44 61
45 62
46 63
47 64
47 65
48 66
49 67
50 68
51 69
52 70
53 71
54 72
54 73
55 74
56 75
57 76
58 77
59 78
60 78
61 79
62 80
63 81
64 82
65 83
66 84
67 84
68 85
69 86
70 86
71 87
72 88
73 88
74 89
75 90
76 90
77 91
78 91
79 92
80 92
81 93
82 93
83 94
84 94
85 95
86 95
87 96
88 96
89 96
90 97
91 97
92 98
93 98
94 98
95 99
96 99
97 100
98 100
99 100
100 101
101 101
102 101
103 102
104 102
105 103
106 103
107 103
108 104
109 104
110 104
111 105
112 105
113 105
114 106
115 106
116 106
117 107
118 107
119 107
120 108
121 108
122 108
123 108
124 109
125 109
126 109
127 109
128 109
129 110
130 110
131 110
132 110
133 110
134 110
135 111
136 111
137 111
138 111
139 111
140 111
141 111
142 111
143 112
144 112
145 112
146 112
147 112
148 112
149 112
150 112
151 113
152 113
153 113
154 113
155 113
156 113
157 114
158 114
159 114
160 114
161 115
162 115
163 115
164 116
165 116
166 116
167 117
168 117
169 118
170 118
171 119
172 119
173 120
174 120
175 121
176 121
177 122
178 123
179 123
180 124
181 125
182 125
183 126
184 127
185 127
186 128
187 129
188 130
189 131
190 131
191 132
192 133
193 134
194 135
195 136
196 136
197 137
198 138
199 139
200 140
201 141
202 142
203 143
204 144
205 145
206 146
207 147
208 148
209 149
210 149
211 150
212 151
213 152
214 153
215 154
216 155
217 156
218 157
219 158
220 159
221 160
222 161
223 162
224 162
225 163
226 164
227 165
228 166
229 166
230 167
231 168
232 168
233 169
234 170
235 170
236 171
237 171
238 172
239 172
240 173
241 173
242 173
243 173
244 174
245 174
246 174
247 174
248 174
249 174
250 174
251 174
252 174
253 174
254 174
255 174
256 173
257 173
258 173
259 173
260 172
261 172
262 172
263 172
264 171
265 171
266 171
267 171
268 170
269 170
270 170
271 169
272 169
273 169
274 169
275 168
276 168
277 168
278 168
279 168
280 168
281 167
282 167
283 167
284 167
285 167
286 167
287 167
288 167
289 167
290 167
291 167
292 167
293 167
294 167
295 167
296 167
297 167
298 167
299 167
300 168
301 168
302 168
303 168
304 168
305 168
306 169
307 169
308 169
309 169
310 170
311 170
312 170
313 171
314 171
315 171
316 172
317 172
318 172
319 173
320 173
321 173
322 174
323 174
324 175
325 175
326 175
327 176
328 176
329 177
330 177
331 177
332 178
333 178
334 179
335 179
336 179
337 180
338 180
339 181
340 181
341 182
342 182
343 183
344 183
345 183
346 184
347 184
348 185
349 185
350 186
351 186
352 186
353 187
354 187
355 188
356 188
357 188
358 189
359 189
360 189
361 190
362 190
363 191
364 191
365 191
366 192
367 192
368 192
369 192
370 193
371 193
372 193
373 194
374 194
375 194
376 194
377 195
378 195
379 195
380 196
381 196
382 196
383 196
384 196
385 197
386 197
387 197
388 197
389 197
390 198
391 198
392 198
393 198
394 198
395 198
396 198
397 199
398 199
399 199
400 199
401 199
402 199
403 199
404 199
405 199
406 199
407 199
408 199
409 200
410 200
411 200
412 200
413 200
414 200
415 200
416 200
417 200
418 200
419 200
420 199
421 199
422 199
423 199
424 199
425 199
426 199
427 199
428 199
429 199
430 199
431 199
432 199
433 199
434 198
435 198
436 198
437 198
438 198
439 198
440 198
441 198
442 197
443 197
444 197
445 197
446 197
447 197
448 197
449 196
450 196
451 196
452 196
453 196
454 195
455 195
456 195
457 195
458 195
459 194
460 194
461 194
462 194
463 194
464 193
465 193
466 193
467 193
468 193
469 192
470 192
471 192
472 192
473 191
474 191
475 191
476 191
477 190
478 190
479 190
480 190
481 189
482 189
483 189
484 188
485 188
486 188
487 188
488 187
489 187
490 187
491 186
492 186
493 186
494 185
495 185
496 185
497 184
498 184
499 184
500 183
501 183
502 183
503 182
504 182
505 182
506 181
507 181
508 180
509 180
510 180
511 179
512 179
513 178
514 178
515 178
516 177
517 177
518 176
519 176
520 175
521 175
522 174
523 174
524 173
525 173
526 172
527 172
528 171
529 171
530 170
531 169
532 169
533 168
534 167
535 166
536 166
537 165
538 164
539 163
540 162
541 161
542 160
543 159
544 158
545 157
545 156
546 155
547 154
548 153
549 152
550 151
551 150
552 149
553 148
554 147
555 146
556 145
557 144
558 144
559 143
560 143
561 142
562 142
563 142
564 141
565 141
566 141
567 141
568 142
569 142
570 142
571 143
572 143
573 144
574 144
575 145
576 146
577 146
578 146
579 147
580 147
581 147
582 148
583 148
584 147
585 147
586 147
587 147
588 146
589 146
590 146
591 145
592 145
593 144
594 144
595 143
596 143
597 142
598 142
599 142
600 141
601 141
602 140
603 140
604 140
605 140
606 140
607 139
608 139
609 139
610 139
611 139
612 139
613 139
614 139
615 140
616 140
617 140
618 140
619 141
620 141
621 142
622 142
623 143
624 143
625 144
626 145
627 146
628 146
629 147
630 148
631 149
632 150
632 151
633 152
634 153
635 154
636 155
637 156
637 157
638 158
639 159
640 160
640 161
641 162
642 163
642 164
643 165
644 166
644 167
645 168
646 169
646 170
647 171
648 172
648 173
649 174
650 175
650 176
651 177
652 178
652 179
653 180
654 181
654 182
655 183
655 184
656 185
657 186
657 187
658 188
658 189
659 190
660 191
660 192
661 193
661 194
662 195
663 196
663 197
664 198
664 199
665 200
666 201
666 202
667 203
667 204
668 205
669 206
