29 48
30 48
31 48
32 49
33 49
34 49
35 50
36 50
37 50
38 51
39 51
40 51
41 52
42 52
43 52
44 53
45 53
46 53
47 54
48 54
49 54
50 55
51 55
52 56
53 56
54 56
55 57
56 57
57 58
58 58
59 59
60 59
61 60
62 60
63 61
64 61
65 62
66 63
67 63
68 64
69 65
70 65
71 66
72 67
73 67
74 68
75 69
76 70
77 71
78 72
79 73
80 74
81 75
82 76
83 77
84 78
85 79
86 80
87 81
88 82
89 83
89 84
90 85
91 86
92 87
93 88
94 89
95 90
96 91
97 91
98 92
99 93
100 94
101 94
102 95
103 96
104 96
105 96
106 97
107 97
108 97
109 98
110 98
111 98
112 98
113 98
114 98
115 98
116 98
117 98
118 98
119 98
120 98
121 98
122 98
123 98
124 98
125 97
126 97
127 97
128 97
129 97
130 97
131 97
132 96
133 96
134 96
135 96
136 96
137 96
138 96
139 96
140 96
141 96
142 95
143 95
144 95
145 95
146 95
147 95
148 96
149 96
150 96
151 96
152 96
153 96
154 96
155 96
156 97
157 97
158 97
159 97
160 98
161 98
162 99
163 99
164 100
165 100
166 101
167 101
168 102
169 103
170 104
171 105
172 106
173 107
174 108
175 109
176 110
176 111
177 112
178 113
178 114
179 115
180 116
180 117
181 118
182 119
182 120
183 121
183 122
184 123
184 124
185 125
185 126
186 127
186 128
187 129
187 130
188 131
188 132
189 133
189 134
190 135
190 136
191 137
191 138
192 139
192 140
193 141
193 142
194 143
194 144
