9 50
10 50
11 51
12 51
13 52
14 52
15 53
16 53
17 54
18 54
19 55
20 55
21 56
22 56
23 57
24 57
25 58
26 58
27 59
28 59
29 60
30 61
31 61
32 62
33 62
34 63
35 63
36 64
37 65
38 65
39 66
40 66
41 67
42 68
43 68
44 69
45 70
46 70
47 71
48 72
49 72
50 73
51 74
52 74
53 75
54 76
55 76
56 77
57 78
58 78
59 79
60 80
61 81
62 81
63 82
64 83
65 84
66 84
67 85
68 86
69 86
70 87
71 88
72 89
73 90
74 90
75 91
76 92
77 93
78 93
79 94
80 95
81 96
82 96
83 97
84 98
85 99
86 100
87 100
88 101
89 102
90 103
91 103
92 104
93 105
94 106
95 106
96 107
97 108
98 108
99 109
100 110
101 111
102 111
103 112
104 113
105 113
106 114
107 114
108 115
109 116
110 116
111 117
112 117
113 118
114 119
115 119
116 120
117 120
118 121
119 121
120 121
121 122
122 122
123 123
124 123
125 123
126 124
127 124
128 124
129 125
130 125
131 125
132 125
133 126
134 126
135 126
136 126
137 126
138 126
139 126
140 126
141 126
142 126
143 126
144 126
145 125
146 125
147 125
148 125
149 125
150 124
151 124
152 124
153 124
154 123
155 123
156 123
157 123
158 122
159 122
160 122
161 121
162 121
163 121
164 121
165 120
166 120
167 120
168 119
169 119
170 119
171 119
172 118
173 118
174 118
175 117
176 117
177 117
