28 29
29 30
30 31
31 32
32 33
33 34
33 35
34 36
35 37
36 38
37 39
38 40
38 41
39 42
40 43
41 44
42 45
43 46
44 47
44 48
45 49
46 50
47 51
48 52
49 53
50 54
51 55
52 56
53 57
54 58
55 59
55 60
56 61
57 62
58 63
59 64
60 65
61 66
62 67
63 68
64 69
65 70
66 71
67 72
68 73
69 74
70 75
71 76
72 77
73 78
74 79
75 80
76 81
77 82
78 83
79 84
80 85
81 86
82 87
83 88
84 89
85 90
86 91
87 92
88 93
89 94
90 95
91 96
92 97
93 98
94 99
95 99
96 100
97 101
98 102
99 103
100 104
101 105
102 106
103 107
104 107
105 108
106 109
107 110
108 111
109 111
110 112
111 113
112 114
113 114
114 115
115 116
116 117
117 117
118 118
119 119
120 119
121 120
122 121
123 122
124 122
125 123
126 124
127 124
128 125
129 126
130 126
131 127
132 128
133 129
134 129
135 130
136 131
137 132
138 133
139 133
140 134
141 135
142 136
143 137
144 138
145 139
146 140
147 141
148 142
149 143
150 144
151 145
152 145
153 146
154 147
155 148
156 148
157 148
158 149
159 148
160 148
161 148
162 147
163 146
164 146
165 145
166 144
167 143
168 142
169 141
170 140
171 139
172 138
172 137
173 136
174 135
175 134
176 133
177 132
177 131
178 130
179 129
180 128
181 127
181 126
182 125
183 124
184 123
184 122
185 121
186 120
187 119
187 118
188 117
189 116
190 115
191 114
191 113
192 112
193 111
194 110
194 109
195 108
196 108
