7 35
8 36
9 37
9 38
10 39
10 40
11 41
12 42
12 43
13 44
13 45
14 46
15 47
15 48
16 49
16 50
17 51
18 52
18 53
19 54
19 55
20 56
21 57
21 58
22 59
22 60
23 61
24 62
24 63
25 64
25 65
26 66
27 67
27 68
28 69
29 70
29 71
30 72
31 73
31 74
32 75
32 76
33 77
34 78
34 79
35 80
36 81
37 82
37 83
38 84
39 85
39 86
40 87
41 88
42 89
42 90
43 91
44 92
45 93
45 94
46 95
47 96
48 97
49 98
50 99
51 100
52 101
53 102
54 103
55 103
56 104
57 104
58 105
59 105
60 105
61 105
62 105
63 105
64 105
65 105
66 104
67 104
68 103
69 103
70 103
71 102
72 102
73 101
74 101
75 100
76 100
77 99
78 99
79 98
80 98
81 98
82 97
83 97
84 96
85 96
86 95
87 95
88 95
89 94
90 94
91 93
92 93
93 93
94 92
95 92
96 92
97 91
98 91
99 91
100 91
101 90
102 90
103 90
104 90
105 90
106 90
107 90
108 90
109 90
110 90
111 90
112 90
113 90
114 90
115 90
116 90
117 90
118 90
119 90
120 90
121 90
122 90
123 90
124 90
125 90
126 90
127 90
128 89
129 89
130 89
131 89
132 89
133 89
134 89
135 89
136 89
137 89
138 89
139 89
140 89
141 89
142 89
143 89
144 89
145 89
146 89
147 90
148 90
149 90
150 91
151 91
152 92
153 93
154 94
155 94
156 95
157 96
158 97
159 98
160 99
161 100
162 101
163 102
164 103
165 104
166 105
167 106
168 107
169 107
170 108
171 109
172 110
173 111
174 112
175 112
176 113
177 114
178 114
179 115
180 116
181 116
182 117
183 117
184 117
185 118
186 118
187 119
188 119
189 119
190 119
191 120
192 120
193 120
194 120
195 120
196 120
197 120
198 120
199 120
200 120
201 120
202 120
203 120
204 120
205 119
206 119
207 119
208 119
209 118
210 118
211 118
212 117
213 117
214 117
215 116
216 116
217 116
218 115
219 115
220 115
221 115
222 114
223 114
224 114
225 113
226 113
227 113
228 113
229 112
230 112
231 112
232 111
233 111
234 111
235 110
236 110
237 110
238 110
239 109
240 109
241 109
242 108
243 108
244 108
245 107
246 107
247 107
248 106
249 106
250 106
251 105
252 105
253 105
254 104
255 104
256 104
257 103
258 103
259 102
260 102
261 102
262 101
263 101
264 101
265 100
266 100
267 99
268 99
269 99
270 98
271 98
272 97
273 97
274 96
275 96
276 96
277 95
278 95
279 95
280 94
281 94
282 94
283 93
284 93
285 93
286 93
287 93
288 93
289 93
290 93
291 93
292 93
293 93
294 94
295 94
296 95
297 95
298 96
299 96
300 97
301 98
302 99
303 100
304 101
305 101
306 102
307 103
308 104
309 105
310 106
311 106
312 107
313 107
314 107
315 108
316 108
317 108
318 108
319 108
320 109
321 109
322 109
323 110
324 110
325 111
326 111
327 111
328 111
329 111
330 111
331 110
332 109
333 108
334 107
335 106
336 105
337 104
