14 42
15 42
16 43
17 44
18 45
19 46
20 47
21 48
22 49
23 50
24 51
25 52
26 53
27 54
28 55
29 55
30 56
31 57
32 58
33 59
34 59
35 60
36 61
37 61
38 62
39 62
40 63
41 63
42 63
43 64
44 64
45 64
46 64
47 64
48 65
49 65
50 65
51 65
52 65
53 65
54 65
55 64
56 64
57 64
58 64
59 64
60 63
61 63
62 63
63 62
64 62
65 62
66 61
67 61
68 60
69 60
70 60
71 59
72 59
73 58
74 58
75 57
76 57
77 56
78 56
79 55
80 55
81 55
82 54
83 54
84 53
85 53
86 53
87 52
88 52
89 52
90 52
91 51
92 51
93 51
94 51
95 51
96 51
97 51
98 51
99 51
100 51
101 51
102 51
103 51
104 51
105 51
106 51
107 51
108 52
109 52
110 52
111 52
112 53
113 53
114 53
115 53
116 53
117 54
118 54
119 54
120 54
121 54
122 55
123 55
124 55
125 55
126 55
127 55
128 56
129 56
130 56
131 56
132 56
133 56
134 56
135 57
136 57
137 57
138 57
139 57
140 57
141 57
142 57
143 57
144 57
145 57
146 57
147 57
148 57
149 57
150 57
151 57
152 57
153 57
154 57
155 57
156 57
157 57
158 57
159 57
160 57
161 57
162 57
163 57
164 57
165 57
166 57
167 57
168 57
169 57
170 56
171 56
172 56
173 56
174 56
175 56
176 56
177 56
178 56
179 56
180 56
181 56
182 56
183 56
184 56
185 56
186 56
187 56
188 56
189 56
190 56
191 56
192 57
193 57
194 57
195 57
196 57
197 58
198 58
199 58
200 58
201 59
202 59
203 60
204 60
205 60
206 61
207 61
208 62
209 63
210 63
211 64
212 65
213 65
214 66
215 67
216 68
217 69
218 70
219 70
220 71
221 72
222 73
223 73
224 74
225 75
226 75
227 76
228 76
229 77
230 77
231 77
232 78
233 78
234 79
235 79
236 80
237 80
238 80
239 81
240 81
241 82
242 82
243 82
244 83
245 83
246 83
247 84
248 84
249 84
250 85
251 85
252 85
253 86
254 86
255 86
256 86
257 86
258 87
259 87
260 87
261 87
262 87
263 87
264 87
265 87
266 87
267 87
268 87
269 87
270 87
271 87
272 87
273 87
274 87
275 87
276 87
277 86
278 86
279 86
280 86
281 85
282 85
283 85
284 85
285 84
286 84
287 84
288 83
289 83
290 82
291 82
292 82
293 81
294 81
295 80
296 80
297 79
298 79
299 79
300 78
301 78
302 77
303 77
304 76
305 76
306 75
307 75
308 75
309 74
310 74
311 74
312 73
313 73
314 72
315 72
316 72
317 71
318 71
319 71
320 71
321 70
322 70
323 70
324 70
325 70
326 69
327 69
328 69
329 69
330 69
331 69
332 69
333 69
334 69
335 69
336 69
337 69
338 69
339 69
340 69
341 69
342 69
343 69
344 70
345 70
346 70
347 70
348 70
349 71
350 71
351 71
352 71
353 72
354 72
355 72
356 73
357 73
358 73
359 74
360 74
361 74
362 75
363 75
364 76
365 77
366 77
367 78
368 79
369 80
370 81
371 82
372 83
373 84
374 85
375 86
375 87
376 88
377 89
378 90
378 91
379 92
380 93
380 94
381 95
382 96
382 97
383 98
384 99
385 100
385 101
386 102
387 103
387 104
388 105
389 106
390 107
391 108
392 109
392 110
393 111
394 112
395 113
396 114
397 115
398 116
399 117
400 118
401 119
402 120
403 121
404 122
405 123
406 124
406 125
