36 18
37 19
37 20
37 21
38 22
38 23
39 24
39 25
40 26
40 27
41 28
41 29
42 30
42 31
43 32
43 33
44 34
44 35
45 36
45 37
46 38
46 39
47 40
47 41
48 42
48 43
49 44
50 45
50 46
51 47
52 48
52 49
53 50
54 51
54 52
55 53
56 54
57 55
58 56
59 57
60 58
60 59
61 60
62 61
63 62
64 63
65 64
66 65
67 66
68 67
69 68
70 69
71 70
72 71
73 72
74 73
75 74
76 75
77 76
78 77
79 78
79 79
80 80
81 81
82 82
83 83
84 84
85 85
86 86
87 87
87 88
88 89
89 90
90 91
91 92
92 93
92 94
93 95
94 96
95 97
96 98
97 99
97 100
98 101
99 102
100 103
101 104
102 105
102 106
103 107
104 108
105 109
106 110
106 111
107 112
108 113
109 114
110 115
111 116
111 117
112 118
113 119
114 120
115 121
115 122
116 123
117 124
118 125
119 126
119 127
120 128
121 129
122 130
123 131
123 132
124 133
125 134
126 135
127 136
127 137
128 138
129 139
130 140
130 141
131 142
132 143
133 144
134 145
134 146
135 147
136 148
137 149
137 150
138 151
139 152
140 153
140 154
141 155
142 156
142 157
143 158
144 159
145 160
145 161
146 162
147 163
147 164
148 165
149 166
150 167
150 168
151 169
152 170
152 171
153 172
154 173
154 174
155 175
156 176
156 177
157 178
158 179
158 180
159 181
160 182
161 183
162 184
162 185
163 186
164 187
165 188
166 189
167 190
168 191
169 192
170 193
171 193
172 194
173 195
174 195
175 196
176 196
177 197
178 197
179 198
180 198
181 198
182 199
183 199
184 200
185 200
186 200
187 201
188 201
189 202
190 202
191 202
192 203
193 203
194 203
195 204
196 204
197 205
198 205
199 205
200 206
201 206
202 206
203 207
204 207
205 208
206 208
207 208
208 209
209 209
210 209
211 210
212 210
213 210
214 211
215 211
216 211
217 212
218 212
219 212
220 212
221 213
222 213
223 213
224 213
225 214
226 214
227 214
228 214
229 214
230 215
231 215
232 215
233 215
234 215
235 215
236 215
237 215
238 215
239 215
240 215
241 215
242 215
243 215
244 215
245 215
246 215
247 215
248 215
249 215
250 215
251 215
252 215
253 215
254 214
255 214
256 214
257 214
258 214
259 214
260 213
261 213
262 213
263 213
264 213
265 212
266 212
267 212
268 211
269 211
270 211
271 211
272 210
273 210
274 210
275 209
276 209
277 209
278 208
279 208
280 208
281 207
282 207
283 207
284 206
285 206
286 205
287 205
288 205
289 204
290 204
291 203
292 203
293 203
294 202
295 202
296 202
297 201
298 201
299 200
300 200
301 200
302 199
303 199
304 199
305 199
306 198
307 198
308 198
309 198
310 197
311 197
312 197
313 197
314 197
315 196
316 196
317 196
318 196
319 196
320 196
321 195
322 195
323 195
324 195
325 194
326 194
327 194
328 193
329 193
330 192
331 192
332 191
333 191
334 190
335 189
336 188
337 188
338 187
339 186
340 185
341 184
342 183
343 182
344 181
345 180
346 179
347 178
348 177
349 177
350 176
351 175
352 174
353 173
354 172
355 172
356 171
357 170
358 170
359 169
360 169
361 168
362 167
363 167
364 167
365 166
366 166
367 165
368 165
369 165
370 165
371 164
372 164
373 164
374 164
375 164
376 163
377 163
378 163
379 163
380 163
381 163
382 163
383 163
384 163
385 164
386 164
387 164
388 164
389 164
390 164
391 165
392 165
393 165
394 166
395 166
396 166
397 167
398 167
399 167
400 168
401 168
402 168
403 169
404 169
405 170
406 170
407 170
408 171
409 171
410 172
411 172
412 172
413 173
414 173
415 174
416 174
417 174
418 175
419 175
420 175
421 175
422 176
423 176
424 176
425 176
426 176
427 176
428 176
429 176
430 176
431 176
432 176
433 176
434 176
435 176
436 175
437 175
438 175
439 175
440 174
441 174
442 173
443 173
444 173
445 172
446 172
447 171
448 170
449 170
450 169
451 168
452 168
453 167
454 166
455 165
456 165
457 164
458 163
459 162
460 161
461 160
462 160
463 159
464 158
465 157
466 156
467 155
468 154
469 153
470 152
471 152
472 151
473 150
474 149
475 148
476 148
477 147
478 146
479 146
480 145
481 144
482 144
483 143
484 143
485 143
486 142
487 142
488 142
489 142
490 142
491 142
492 142
493 142
494 142
495 142
496 143
497 143
498 143
499 143
500 144
501 144
502 144
503 145
504 145
505 145
506 146
507 146
508 146
509 146
510 146
511 146
512 147
513 147
514 147
515 147
516 146
517 146
518 146
519 146
520 146
521 146
522 146
523 146
524 145
525 145
526 145
527 145
528 145
529 144
530 144
531 144
532 144
533 144
534 144
535 143
536 143
537 143
538 143
539 143
540 142
541 142
542 142
543 142
544 142
545 142
546 142
547 141
548 141
549 141
550 141
551 141
552 141
553 141
554 141
555 141
556 141
557 141
558 141
559 141
560 141
561 141
562 141
563 141
564 141
565 141
566 141
567 141
568 141
569 141
570 141
571 141
572 141
573 142
574 142
575 142
576 142
577 142
578 142
579 142
580 143
581 143
582 143
583 143
584 144
585 144
586 144
587 144
588 145
589 145
590 145
591 146
592 146
593 146
594 147
595 147
596 147
597 148
598 148
599 149
600 149
601 149
602 150
603 150
604 151
605 151
606 152
607 152
608 153
609 153
610 154
611 154
612 155
613 155
614 156
615 156
616 157
617 157
618 158
619 158
620 159
621 159
622 160
623 160
624 161
625 161
626 162
627 162
628 163
629 163
630 163
631 164
632 164
633 165
634 165
635 166
636 166
637 167
638 167
639 168
640 168
641 168
642 169
643 169
644 170
645 170
646 170
647 171
648 171
649 172
650 172
651 172
652 173
653 173
654 173
655 174
656 174
657 174
658 175
659 175
660 176
661 176
662 176
663 177
664 177
665 177
666 178
667 178
668 178
669 179
670 179
671 179
672 180
673 180
674 180
675 181
676 181
677 181
678 182
679 182
680 182
681 183
682 183
683 183
684 183
685 184
686 184
687 184
688 185
689 185
690 185
691 185
692 186
693 186
694 186
695 186
696 187
697 187
698 187
699 187
700 188
701 188
702 188
703 188
704 188
705 188
706 189
707 189
708 189
709 189
710 189
711 189
712 189
713 189
714 189
715 189
716 189
717 189
718 189
719 189
720 189
721 189
722 189
723 189
724 188
725 188
726 188
727 187
728 187
729 186
730 186
731 185
732 184
733 183
734 182
735 181
736 180
737 179
738 178
739 177
739 176
740 175
741 174
742 173
742 172
743 171
744 170
744 169
745 168
746 167
746 166
747 165
748 164
748 163
749 162
750 161
750 160
751 159
752 158
753 157
754 156
755 155
756 154
757 153
758 152
759 151
760 150
761 149
762 148
763 148
764 147
