20 54
21 54
22 55
23 56
24 57
25 58
26 59
27 60
28 60
29 61
30 62
31 63
32 64
33 65
34 66
35 67
36 68
37 69
38 70
39 71
40 72
41 73
42 74
43 75
44 76
45 77
46 78
47 79
48 80
49 81
49 82
50 83
51 84
52 85
53 86
53 87
54 88
55 89
56 90
56 91
57 92
58 93
58 94
59 95
60 96
60 97
61 98
61 99
62 100
63 101
63 102
64 103
64 104
65 105
65 106
66 107
67 108
67 109
68 110
68 111
69 112
69 113
70 114
70 115
71 116
71 117
72 118
72 119
73 120
73 121
74 122
74 123
75 124
76 125
76 126
77 127
77 128
78 129
79 130
79 131
80 132
81 133
82 134
83 135
84 136
85 137
86 137
87 138
88 138
89 137
90 137
91 136
92 135
93 134
94 133
95 132
95 131
96 130
97 129
97 128
98 127
98 126
99 125
100 124
100 123
101 122
101 121
102 120
103 119
103 118
104 117
105 116
106 115
106 114
107 113
108 112
109 112
110 111
111 110
112 110
113 110
114 109
115 109
116 109
117 109
118 109
119 109
120 110
121 110
122 110
123 110
124 111
125 111
126 112
127 112
128 113
129 113
130 114
131 114
132 115
133 115
134 116
135 117
136 117
137 118
138 118
139 119
140 120
141 120
142 121
143 122
144 122
145 123
146 124
147 124
148 125
149 126
150 126
151 127
152 128
153 128
154 129
155 130
156 131
157 131
158 132
159 133
160 133
161 134
162 135
163 135
164 136
165 137
166 137
167 138
168 139
169 139
170 140
171 141
172 141
173 142
174 142
175 143
176 144
177 144
178 145
179 145
180 146
181 147
182 147
183 148
184 148
185 149
186 149
187 150
188 150
189 151
190 151
191 151
192 152
193 152
194 153
195 153
196 153
197 154
198 154
199 154
200 154
201 155
202 155
203 155
204 155
205 155
206 155
207 155
208 156
209 156
210 156
211 156
212 156
213 155
214 155
215 155
216 155
217 155
218 155
219 155
220 154
221 154
222 154
223 153
224 153
225 153
226 152
227 152
228 152
229 152
230 151
231 151
232 151
233 151
234 151
235 151
236 151
237 151
238 152
239 152
240 152
241 153
242 154
243 154
244 155
245 155
246 156
247 157
248 158
249 158
250 159
251 160
252 160
253 161
254 162
255 162
256 163
257 164
258 164
259 165
260 165
261 165
262 166
263 166
264 166
265 167
266 167
267 167
268 167
269 167
270 167
271 167
272 167
273 167
274 166
275 166
276 166
277 166
278 166
279 166
280 165
281 165
282 165
283 165
284 165
285 165
286 164
287 164
288 164
289 164
290 164
291 164
292 163
293 163
294 163
295 163
296 163
297 163
298 163
299 163
300 162
301 162
302 162
303 162
304 162
305 162
306 162
307 162
308 162
309 162
310 162
311 162
312 162
313 161
314 161
315 161
316 161
317 161
318 161
319 161
320 161
321 161
322 161
323 161
324 161
325 161
326 161
327 161
328 161
329 161
330 161
331 161
332 161
333 161
334 161
335 161
336 162
337 162
338 162
339 162
340 162
341 162
342 162
343 162
344 162
345 163
346 163
347 163
348 163
349 164
350 164
351 164
352 164
353 165
354 165
355 165
356 165
357 165
358 166
359 166
360 166
361 166
362 165
363 165
364 165
365 164
366 164
367 163
368 162
369 161
370 160
371 160
372 159
373 158
