39 42
40 43
41 44
42 45
43 46
44 47
45 48
46 49
47 50
48 51
49 52
50 53
51 54
52 55
53 56
54 57
55 57
56 58
57 59
58 60
59 61
60 62
61 63
62 64
63 64
64 65
65 66
66 67
67 67
68 68
69 69
70 70
71 70
72 71
73 72
74 72
75 73
76 73
77 74
78 75
79 75
80 76
81 76
82 77
83 77
84 78
85 78
86 79
87 79
88 80
89 80
90 81
91 81
92 82
93 82
94 83
95 83
96 84
97 84
98 85
99 85
100 86
101 86
102 87
103 87
104 88
105 89
106 89
107 90
108 90
109 91
110 92
111 92
112 93
113 94
114 94
115 95
116 96
117 97
118 97
119 98
120 99
121 100
122 101
123 101
124 102
125 103
126 104
127 105
128 106
129 107
130 108
131 109
132 109
133 110
134 111
135 112
136 113
137 114
138 115
139 116
140 117
141 118
142 119
143 120
144 121
145 122
146 123
147 124
148 125
149 126
150 127
150 128
151 129
152 130
153 131
154 132
155 133
156 134
157 135
158 136
159 137
160 138
161 139
162 140
163 141
164 142
164 143
165 144
166 145
167 146
168 147
169 148
170 149
171 150
172 151
173 152
174 153
175 154
176 155
177 156
177 157
178 158
179 159
180 160
181 161
182 162
183 163
184 164
185 165
186 166
187 167
188 168
189 169
190 170
191 171
192 172
193 173
194 174
195 174
196 175
197 176
198 177
199 178
200 179
201 179
202 180
203 181
204 181
205 182
206 183
207 183
208 184
209 184
210 185
211 186
212 186
213 186
214 187
215 187
216 188
217 188
218 188
219 189
220 189
221 189
222 190
223 190
224 190
225 191
226 191
227 191
228 191
229 192
230 192
231 192
232 192
233 193
234 193
235 193
236 193
237 194
238 194
239 194
240 195
241 195
242 195
243 195
244 196
245 196
246 196
247 197
248 197
249 197
250 198
251 198
252 198
253 198
254 199
255 199
256 199
257 200
258 200
259 200
260 200
261 201
262 201
263 201
264 202
265 202
266 202
267 202
268 203
269 203
270 203
271 203
272 203
273 203
274 204
275 204
276 204
277 204
278 204
279 204
280 204
281 205
282 205
283 205
284 205
285 205
286 205
287 205
288 205
289 205
290 205
291 206
292 206
293 206
294 206
295 206
296 206
297 206
298 206
299 206
300 206
301 206
302 207
303 207
304 207
305 207
306 207
307 207
308 207
309 207
310 207
311 208
312 208
313 208
314 208
315 208
316 208
317 208
318 208
319 208
320 208
321 209
322 209
323 209
324 209
325 209
326 209
327 209
328 209
329 209
330 209
331 209
332 209
333 209
334 209
335 209
336 209
337 209
338 209
339 209
340 209
341 209
342 209
343 208
344 208
345 208
346 208
347 207
348 207
349 207
350 207
351 206
352 206
353 205
354 205
355 204
356 204
357 203
358 203
359 202
360 201
361 201
362 200
363 199
364 198
365 197
366 196
367 195
368 194
369 193
370 192
371 191
372 190
373 189
374 188
375 187
376 186
376 185
377 184
378 183
379 182
380 181
381 180
381 179
382 178
383 177
384 176
385 175
385 174
386 173
387 172
388 171
389 170
389 169
390 168
391 167
392 166
393 165
394 164
395 163
396 162
396 161
397 160
398 159
399 158
400 157
401 156
402 155
403 154
404 154
405 153
406 152
407 151
408 150
409 150
410 149
411 148
412 148
413 147
414 147
415 146
416 146
417 146
418 145
419 145
420 145
421 145
422 145
423 145
424 144
425 144
426 144
427 144
428 144
429 144
430 145
431 145
432 145
433 145
434 145
435 145
436 145
437 145
438 146
439 146
440 146
441 146
442 146
443 147
444 147
445 147
446 147
447 147
448 147
449 148
450 148
451 148
452 148
453 149
454 149
455 149
456 149
457 149
458 150
459 150
460 150
461 151
462 151
463 151
464 151
465 152
466 152
467 152
468 153
469 153
470 154
471 154
472 155
473 155
474 156
475 156
476 157
477 157
478 158
479 158
480 159
481 160
482 160
483 161
484 162
485 162
486 163
487 164
488 164
489 165
490 166
491 166
492 167
493 168
494 168
495 169
496 170
497 170
498 171
499 171
500 172
501 173
502 173
503 174
504 174
505 175
506 175
507 175
508 176
509 176
510 177
511 177
512 177
513 177
514 178
515 178
516 178
517 178
518 178
519 178
520 178
521 177
522 177
523 177
524 176
525 176
526 175
527 175
528 174
529 174
530 173
531 172
532 171
533 171
534 170
535 169
536 168
537 167
538 166
539 165
540 165
541 164
542 163
543 162
544 161
545 160
546 159
547 158
548 157
549 156
550 155
551 154
552 153
553 152
554 152
555 151
556 150
557 149
558 148
559 147
560 146
561 145
562 144
563 143
564 142
565 141
566 140
567 140
