12 23
13 24
14 25
15 26
16 27
17 28
18 29
19 30
20 31
21 32
22 33
23 34
24 35
25 36
26 37
27 38
28 39
29 40
30 41
31 42
32 42
33 43
34 44
35 45
36 45
37 46
38 47
39 47
40 48
41 49
42 49
43 50
44 51
45 52
46 52
47 53
48 54
49 55
50 55
51 56
52 57
53 57
54 58
55 58
56 59
57 59
58 59
59 60
60 60
61 60
62 60
63 60
64 60
65 60
66 61
67 61
68 61
69 61
70 62
71 62
72 62
73 62
74 62
75 61
76 61
77 61
78 61
79 60
80 60
81 59
82 59
83 58
84 58
85 57
86 57
87 56
88 56
89 55
90 55
91 54
92 54
93 53
94 53
95 53
96 52
97 52
98 52
99 52
100 52
101 52
102 52
103 52
104 52
105 53
106 53
107 53
108 53
109 54
110 54
111 54
112 54
113 55
114 55
115 56
116 56
117 56
118 57
119 57
120 58
121 58
122 58
123 59
124 59
125 60
126 60
127 61
128 61
129 62
130 62
131 62
132 63
133 63
134 64
135 64
136 65
137 65
138 65
139 66
140 66
141 67
142 67
143 67
144 68
145 68
146 68
147 69
148 69
149 69
150 70
151 70
152 70
153 70
154 71
155 71
156 71
157 71
158 71
159 71
160 71
161 71
162 71
163 71
164 70
165 70
166 70
167 70
168 69
169 69
170 69
171 69
172 69
173 69
174 69
175 69
176 69
177 70
178 70
179 71
180 72
181 72
182 73
182 74
183 75
184 76
185 77
186 78
186 79
187 80
188 81
189 82
189 83
190 84
191 85
192 86
193 86
194 87
195 88
196 88
197 88
198 88
199 88
200 87
201 87
202 87
203 86
204 86
205 85
206 85
207 84
208 84
209 83
210 83
211 82
212 82
213 81
214 80
215 79
216 79
217 78
218 77
219 76
220 75
221 74
222 74
223 73
224 73
225 72
226 72
227 72
228 72
229 72
230 73
231 73
232 74
233 74
234 75
235 75
236 75
237 76
238 76
239 75
240 75
241 75
242 74
243 74
244 73
245 72
246 71
247 71
248 70
249 69
250 68
251 67
252 66
253 65
254 64
255 63
256 62
257 61
258 60
259 59
260 58
261 57
262 56
263 55
264 54
265 53
266 52
267 52
268 51
269 51
270 51
271 50
272 50
273 50
274 51
275 51
276 51
277 52
278 52
279 53
280 53
281 54
282 55
283 55
284 56
285 57
286 57
287 58
288 59
289 60
290 61
291 61
292 62
293 63
294 64
295 65
296 65
297 66
298 67
299 68
300 69
301 70
302 70
303 71
304 72
305 73
306 74
307 75
308 76
309 76
310 77
311 78
312 79
313 80
314 81
315 82
