8 8
9 9
10 10
10 11
11 12
11 13
12 14
13 15
13 16
14 17
14 18
15 19
15 20
16 21
16 22
17 23
17 24
17 25
18 26
18 27
19 28
19 29
20 30
20 31
21 32
21 33
22 34
23 35
23 36
24 37
25 38
25 39
26 40
27 41
28 42
28 43
29 44
30 45
31 46
32 47
33 48
34 49
35 50
36 50
37 51
38 52
39 52
40 53
41 53
42 54
43 54
44 53
45 53
46 53
47 53
48 52
49 52
50 51
51 51
52 50
53 50
54 49
55 49
56 49
57 48
58 48
59 48
60 47
61 47
62 47
63 47
64 47
65 47
66 48
67 48
68 49
69 49
70 50
71 51
72 52
73 53
74 54
75 55
76 56
76 57
77 58
78 59
78 60
79 61
80 62
81 63
81 64
82 65
83 66
83 67
84 68
85 69
85 70
86 71
87 72
87 73
88 74
89 75
89 76
90 77
91 78
91 79
92 80
93 81
93 82
94 83
95 84
95 85
96 86
97 87
98 88
99 89
100 90
101 91
102 92
103 93
104 93
105 94
106 94
107 94
108 94
109 94
110 93
111 93
112 92
113 91
114 90
115 89
116 88
117 87
118 86
119 85
120 84
121 83
122 82
123 81
124 80
125 80
126 79
127 78
128 78
129 77
130 77
131 77
132 77
133 77
134 76
135 76
136 76
137 77
138 77
139 77
140 77
141 78
142 78
143 79
144 80
145 80
146 81
147 82
148 83
149 84
150 84
151 85
152 85
153 85
154 86
155 86
156 86
157 86
158 86
159 85
160 85
161 84
162 84
163 83
164 83
165 82
166 82
167 81
168 81
169 80
170 80
171 80
172 80
173 79
174 79
175 79
176 79
177 79
178 79
179 80
180 80
181 80
182 81
183 81
184 81
185 82
186 82
187 83
188 83
189 84
190 84
191 85
192 85
193 86
194 86
195 87
196 87
197 88
198 88
199 89
200 89
201 90
202 90
203 91
204 91
205 91
206 92
207 92
208 92
209 92
210 92
211 92
212 92
213 92
214 92
215 91
216 91
217 91
218 90
219 90
220 89
221 88
222 88
223 87
224 86
225 86
226 85
227 84
228 83
229 83
230 82
231 81
232 80
233 80
234 79
235 78
236 78
237 77
238 76
239 75
240 75
241 74
242 74
243 73
244 73
245 72
246 72
247 71
248 70
249 70
250 69
251 68
252 67
253 66
254 65
255 64
256 63
257 62
258 61
259 60
260 60
261 59
262 58
263 58
264 57
265 57
266 57
267 57
268 57
269 57
270 57
271 58
272 58
273 58
274 59
275 60
276 60
277 61
278 62
279 62
280 63
281 64
282 65
283 65
284 66
285 67
286 67
287 68
288 69
289 69
290 70
291 70
292 71
293 71
294 72
295 72
296 73
297 73
298 74
299 74
