16 25
17 26
18 27
19 28
19 29
20 30
21 31
22 32
23 33
23 34
24 35
25 36
26 37
27 38
28 39
29 40
30 41
31 42
32 43
33 44
34 44
35 45
36 46
37 46
38 47
39 47
40 48
41 48
42 49
43 49
44 49
45 49
46 50
47 50
48 50
49 50
50 50
51 50
52 50
53 50
54 49
55 49
56 49
57 49
58 48
59 48
60 48
61 48
62 47
63 47
64 47
65 47
66 46
67 46
68 46
69 46
70 46
71 46
72 46
73 46
74 46
75 46
76 46
77 46
78 46
79 46
80 45
81 45
82 45
83 45
84 45
85 45
86 45
87 45
88 45
89 45
90 45
91 45
92 45
93 45
94 44
95 44
96 44
97 44
98 44
99 44
100 44
101 43
102 43
103 43
104 43
105 43
106 43
107 43
108 43
109 43
110 43
111 43
112 43
113 43
114 43
115 43
116 44
117 44
118 44
119 45
120 45
121 46
122 46
123 47
124 47
125 48
126 49
127 50
128 51
129 52
130 53
131 54
132 55
133 56
134 57
135 58
136 59
137 60
138 61
139 62
139 63
140 64
141 65
142 66
143 67
144 68
144 69
145 70
146 71
147 72
148 73
149 74
149 75
150 76
151 77
152 78
