39 3
40 4
41 5
42 6
43 7
43 8
44 9
45 10
46 11
47 12
48 13
48 14
49 15
50 16
51 17
52 18
52 19
53 20
54 21
55 22
56 23
57 24
57 25
58 26
59 27
60 28
61 29
61 30
62 31
63 32
64 33
65 34
65 35
66 36
67 37
68 38
69 39
70 40
70 41
71 42
72 43
73 44
74 45
74 46
75 47
76 48
77 49
78 50
79 51
79 52
80 53
81 54
82 55
83 56
84 57
85 58
86 59
87 60
88 61
89 62
90 63
91 64
92 65
93 66
94 66
95 67
96 68
97 69
98 69
99 70
100 70
101 71
102 72
103 72
104 73
105 73
106 73
107 74
108 74
109 75
110 75
111 75
112 76
113 76
114 76
115 77
116 77
117 77
118 78
119 78
120 78
121 78
122 79
123 79
124 79
125 80
126 80
127 80
128 81
129 81
130 81
131 82
132 82
133 83
134 83
135 83
136 84
137 84
138 85
139 85
140 86
141 87
142 87
143 88
144 89
145 89
146 90
147 91
148 92
149 92
150 93
151 94
152 95
153 96
154 97
155 98
156 99
157 100
158 101
159 102
160 103
161 104
162 105
163 106
164 107
165 108
166 109
167 110
168 110
169 111
170 112
171 113
172 114
173 115
174 116
175 117
176 117
177 118
178 119
179 120
180 121
181 121
182 122
183 123
184 124
185 125
186 125
187 126
188 127
189 127
190 128
191 129
192 129
193 130
194 131
195 131
196 132
197 132
198 133
199 133
200 134
201 134
202 135
203 135
204 136
205 136
206 137
207 137
208 138
209 138
210 138
211 139
212 139
213 140
214 140
215 140
216 140
217 141
218 141
219 141
220 141
221 142
222 142
223 142
224 142
225 142
226 142
227 142
228 143
229 143
230 143
231 143
232 143
233 143
234 143
235 142
236 142
237 142
238 142
239 142
240 142
241 141
242 141
243 141
244 141
245 140
246 140
247 139
248 139
249 139
250 138
251 137
252 137
253 136
254 136
255 135
256 134
257 134
258 133
259 132
260 132
261 131
262 130
263 129
264 129
265 128
266 127
267 126
268 126
269 125
270 124
271 123
272 123
273 122
274 121
275 121
276 120
277 119
278 119
279 118
280 118
281 117
282 116
283 116
284 115
285 115
286 114
287 114
288 114
289 113
290 113
291 112
292 112
293 111
294 111
295 111
296 110
297 110
298 110
299 109
300 109
301 109
302 109
303 108
304 108
305 108
306 108
307 107
308 107
309 107
310 107
311 107
312 107
313 106
314 106
315 106
316 106
317 106
318 106
319 106
320 106
321 106
322 106
323 106
324 106
325 105
326 105
327 105
328 105
329 105
330 105
331 105
332 105
333 105
334 106
335 106
336 106
337 106
338 106
339 106
340 106
341 106
342 106
343 107
344 107
345 107
346 107
347 108
348 108
349 109
350 109
351 109
352 110
353 110
354 111
355 112
356 112
357 113
358 113
359 114
360 115
361 115
362 116
363 117
364 118
365 118
366 119
367 120
368 121
369 121
370 122
371 123
372 124
373 125
374 125
375 126
376 127
377 128
378 128
379 129
380 130
381 131
382 131
383 132
384 133
385 133
386 134
387 135
388 135
389 136
390 137
391 137
392 138
393 139
394 139
395 140
396 140
397 141
398 141
399 142
400 143
401 143
402 143
403 144
404 144
405 145
406 145
407 146
408 146
409 146
410 147
411 147
412 147
413 147
414 148
415 148
416 148
417 148
418 148
419 148
420 148
421 149
422 149
423 149
424 149
425 149
426 149
427 149
428 149
429 149
430 148
431 148
432 148
433 148
434 148
435 148
436 148
437 148
438 148
439 148
440 148
441 148
442 147
443 147
444 147
445 147
446 147
447 147
448 147
449 146
450 146
451 146
452 146
453 145
454 145
455 145
456 145
457 144
458 144
459 143
460 143
461 143
462 142
463 142
464 141
465 141
466 141
467 140
468 140
469 140
470 139
471 139
472 139
473 139
474 138
475 138
476 138
477 138
478 138
479 138
480 138
481 138
482 138
483 138
484 138
485 138
486 138
487 138
488 138
489 138
490 138
491 137
492 137
493 137
494 137
495 137
496 137
497 137
498 136
499 136
500 136
501 136
502 135
503 135
504 135
505 134
506 134
507 134
508 133
509 133
510 133
511 132
512 132
513 132
514 131
515 131
516 131
517 130
518 130
519 130
520 130
521 129
522 129
523 129
524 129
525 129
526 129
527 128
528 128
529 128
530 128
531 128
532 128
533 128
534 128
535 128
536 128
537 128
538 128
539 128
540 128
541 128
542 128
543 128
544 128
545 129
546 129
547 129
548 129
549 129
550 129
551 129
552 129
553 130
554 130
555 130
556 130
557 130
558 131
559 131
560 131
561 132
562 132
563 132
564 132
565 133
566 133
567 134
568 134
569 134
570 135
571 135
572 135
573 136
574 136
575 137
576 137
577 138
578 138
579 138
580 139
581 139
582 140
583 140
584 140
585 141
586 141
587 142
588 142
589 142
590 143
591 143
592 143
593 144
594 144
595 144
596 145
597 145
598 145
599 146
600 146
601 146
602 146
603 147
604 147
605 147
606 147
607 147
608 148
609 148
610 148
611 148
612 148
613 149
614 149
615 149
616 149
617 149
618 149
619 150
620 150
621 150
622 150
623 150
624 150
625 151
626 151
627 151
628 151
629 151
630 151
631 152
632 152
633 152
634 152
635 152
636 153
637 153
638 153
639 153
640 153
641 154
642 154
643 154
644 154
645 154
646 155
647 155
648 155
649 155
650 156
651 156
652 156
653 157
654 157
655 157
656 157
657 158
658 158
659 158
660 158
661 159
662 159
663 159
664 160
665 160
666 160
667 160
668 160
669 161
670 161
671 161
672 161
673 161
674 162
675 162
676 162
677 162
678 162
679 162
680 162
681 162
682 162
683 162
684 162
685 162
686 162
687 162
688 162
689 162
690 161
691 161
692 161
693 161
694 161
695 161
696 160
697 160
698 160
699 160
700 160
701 159
702 159
703 159
704 159
705 158
706 158
707 158
708 158
709 157
710 157
711 157
712 156
713 156
714 156
715 156
716 155
717 155
718 155
719 154
720 154
721 154
722 154
723 153
724 153
725 153
726 152
727 152
728 152
729 151
730 151
731 151
732 151
733 150
734 150
735 150
736 149
737 149
738 149
739 148
740 148
741 148
742 147
743 147
744 147
745 147
746 146
747 146
748 146
749 145
750 145
