11 2
12 2
13 3
14 3
15 4
16 4
17 4
18 5
19 5
20 6
21 6
22 7
23 7
24 8
25 8
26 9
27 9
28 10
29 10
30 11
31 11
32 12
33 13
34 13
35 14
36 15
37 16
38 16
39 17
40 18
41 19
42 20
43 21
44 22
45 23
46 24
47 25
48 26
49 27
50 28
50 29
51 30
52 31
53 32
54 33
54 34
55 35
56 36
57 37
57 38
58 39
59 40
59 41
60 42
60 43
61 44
62 45
62 46
63 47
63 48
64 49
64 50
65 51
65 52
65 53
66 54
66 55
67 56
67 57
68 58
68 59
68 60
69 61
69 62
70 63
70 64
70 65
71 66
71 67
72 68
72 69
72 70
73 71
73 72
74 73
74 74
75 75
75 76
76 77
76 78
77 79
78 80
78 81
79 82
80 83
81 84
82 85
83 86
84 87
85 88
86 88
87 89
88 89
89 90
90 90
91 90
92 90
93 90
94 90
95 90
96 90
97 90
98 90
99 90
100 90
101 90
102 90
103 89
104 89
105 89
106 89
107 88
108 88
109 88
110 88
111 87
112 87
113 87
114 87
115 86
116 86
117 86
118 86
119 86
120 85
121 85
122 85
123 85
124 85
125 85
126 85
127 85
128 85
129 85
130 85
131 85
132 84
133 84
134 84
135 84
136 84
137 84
138 84
139 84
140 84
141 84
142 84
143 84
144 84
