26 10
26 11
26 12
26 13
26 14
27 15
27 16
27 17
27 18
28 19
28 20
28 21
28 22
28 23
29 24
29 25
29 26
29 27
29 28
29 29
30 30
30 31
30 32
30 33
31 34
31 35
31 36
31 37
31 38
32 39
32 40
32 41
32 42
32 43
33 44
33 45
33 46
33 47
33 48
34 49
34 50
34 51
34 52
34 53
35 54
35 55
35 56
35 57
36 58
36 59
36 60
36 61
36 62
37 63
37 64
37 65
37 66
38 67
38 68
38 69
38 70
39 71
39 72
39 73
39 74
40 75
40 76
40 77
40 78
41 79
41 80
41 81
41 82
42 83
42 84
42 85
42 86
43 87
43 88
43 89
44 90
44 91
44 92
44 93
45 94
45 95
45 96
46 97
46 98
46 99
47 100
47 101
47 102
48 103
48 104
48 105
49 106
49 107
50 108
50 109
50 110
51 111
51 112
52 113
52 114
53 115
53 116
54 117
54 118
55 119
56 120
56 121
57 122
57 123
58 124
59 125
59 126
60 127
61 128
61 129
62 130
62 131
63 132
64 133
64 134
65 135
65 136
66 137
66 138
67 139
67 140
68 141
69 142
69 143
70 144
70 145
71 146
71 147
72 148
72 149
73 150
73 151
74 152
74 153
75 154
75 155
76 156
76 157
77 158
78 159
78 160
79 161
79 162
80 163
80 164
81 165
82 166
82 167
83 168
83 169
84 170
85 171
85 172
86 173
87 174
87 175
88 176
89 177
89 178
90 179
91 180
92 181
92 182
93 183
94 184
95 185
95 186
96 187
97 188
98 189
99 190
100 191
101 192
102 193
103 194
104 195
105 196
106 197
107 197
108 198
109 199
110 199
111 200
112 200
113 201
114 201
115 201
116 202
117 202
118 202
119 202
120 202
121 201
122 201
123 201
124 200
125 200
126 199
127 199
128 198
129 197
130 196
131 196
132 195
133 194
134 193
135 192
136 191
137 190
137 189
138 188
139 187
140 186
141 185
141 184
142 183
143 182
144 181
144 180
145 179
146 178
147 177
147 176
148 175
148 174
149 173
150 172
150 171
151 170
152 169
152 168
153 167
153 166
154 165
154 164
155 163
156 162
156 161
157 160
157 159
158 158
158 157
159 156
159 155
160 154
160 153
161 152
161 151
162 150
162 149
163 148
163 147
164 146
164 145
165 144
165 143
166 142
166 141
167 140
167 139
168 138
168 137
169 136
169 135
170 134
170 133
171 132
171 131
172 130
172 129
173 128
173 127
174 126
175 125
175 124
176 123
176 122
177 121
177 120
178 119
179 118
179 117
180 116
180 115
181 114
182 113
183 112
183 111
184 110
185 109
186 108
187 107
188 106
189 105
190 104
191 103
192 102
193 102
194 101
195 101
196 100
197 100
198 99
199 99
200 98
201 98
202 98
203 97
204 97
205 97
206 97
207 97
208 96
209 96
210 96
211 96
212 96
213 96
214 96
215 96
216 96
217 96
218 96
219 96
220 96
221 96
222 96
223 96
224 96
225 96
226 96
227 96
228 96
229 97
230 97
231 97
232 97
233 97
234 98
235 98
236 98
237 98
238 99
239 99
240 99
241 100
242 100
243 100
244 101
245 101
246 102
247 102
248 103
249 103
250 104
251 104
252 105
253 105
254 106
255 106
256 107
257 107
258 108
259 108
260 109
261 109
262 110
263 110
264 110
265 111
266 111
267 111
268 112
269 112
270 112
271 112
272 112
273 112
274 113
275 113
276 113
277 113
278 113
279 113
280 113
281 113
282 113
283 113
284 113
285 113
286 113
287 113
288 112
289 112
290 112
291 112
292 112
293 112
294 112
295 112
296 112
297 112
298 111
299 111
300 111
301 111
302 111
303 111
304 111
305 111
306 110
307 110
308 110
309 110
310 110
311 110
312 110
313 109
314 109
315 109
316 109
317 109
318 109
319 109
320 108
321 108
322 108
323 108
324 108
325 108
326 107
327 107
328 107
329 107
330 107
331 106
332 106
333 106
334 106
335 106
336 106
337 105
338 105
339 105
340 105
341 105
342 105
343 105
344 105
345 105
346 105
347 105
348 105
349 105
350 105
351 105
352 105
353 105
354 106
355 106
356 106
357 106
358 107
359 107
360 108
361 108
362 109
363 109
364 110
365 110
366 111
367 112
368 112
369 113
370 114
371 115
372 115
373 116
374 117
375 118
376 118
377 119
378 119
379 120
380 120
381 120
382 120
383 120
384 120
385 119
386 119
387 118
388 118
389 117
390 116
391 115
392 114
393 113
394 112
395 111
396 110
397 109
398 108
399 107
400 106
400 105
401 104
402 103
403 102
404 101
405 100
406 99
407 98
408 97
409 96
410 95
411 94
412 94
413 93
414 92
415 92
416 91
417 91
418 91
419 91
420 91
421 91
422 91
423 91
424 91
425 92
426 92
427 93
428 93
429 94
430 94
431 95
432 96
433 97
434 98
435 99
436 100
437 101
438 102
439 103
440 104
441 105
441 106
442 107
443 108
444 109
445 110
446 111
447 112
448 113
449 114
450 114
451 115
452 116
453 117
454 118
455 118
456 119
457 120
458 120
459 121
460 122
461 122
462 123
463 124
464 125
465 125
466 126
467 127
468 128
469 129
470 130
471 131
472 132
473 133
474 134
474 135
475 136
476 137
477 138
478 139
479 140
479 141
480 142
481 143
482 144
482 145
483 146
484 147
485 148
486 149
486 150
