30 86
31 87
31 88
31 89
31 90
32 91
32 92
32 93
33 94
33 95
33 96
33 97
34 98
34 99
34 100
35 101
35 102
35 103
35 104
36 105
36 106
36 107
37 108
37 109
37 110
38 111
38 112
38 113
38 114
39 115
39 116
39 117
40 118
40 119
40 120
40 121
41 122
41 123
41 124
42 125
42 126
42 127
43 128
43 129
43 130
43 131
44 132
44 133
44 134
45 135
45 136
45 137
46 138
46 139
46 140
47 141
47 142
47 143
48 144
48 145
48 146
49 147
49 148
49 149
50 150
50 151
50 152
51 153
51 154
51 155
52 156
52 157
52 158
53 159
53 160
53 161
54 162
54 163
55 164
55 165
55 166
56 167
56 168
56 169
57 170
57 171
58 172
58 173
59 174
59 175
59 176
60 177
60 178
61 179
61 180
62 181
62 182
63 183
63 184
64 185
64 186
65 187
65 188
66 189
66 190
67 191
68 192
68 193
69 194
70 195
70 196
71 197
72 198
72 199
73 200
74 201
75 202
76 203
77 204
78 205
79 206
80 207
81 208
82 209
83 210
84 211
85 211
86 212
87 213
88 213
89 214
90 214
91 215
92 215
93 215
94 216
95 216
96 216
97 217
98 217
99 217
100 217
101 217
102 217
103 217
104 217
105 217
106 217
107 217
108 217
109 217
110 216
111 216
112 216
113 216
114 215
115 215
116 215
117 215
118 214
119 214
120 214
121 213
122 213
123 213
124 212
125 212
126 212
127 212
128 211
129 211
130 211
131 210
132 210
133 210
134 209
135 209
136 209
137 209
138 208
139 208
140 208
141 208
142 208
143 208
144 207
145 207
146 207
147 207
148 207
149 207
150 207
151 207
152 207
153 207
154 207
155 207
156 207
157 207
158 207
159 206
160 206
161 206
162 206
163 206
164 206
165 206
166 206
167 206
168 206
169 206
170 206
171 206
172 206
173 205
174 205
175 205
176 205
177 205
178 205
179 204
180 204
181 204
182 203
183 203
184 203
185 202
186 202
187 201
188 201
189 200
190 200
191 199
192 199
193 198
194 197
195 196
196 195
197 195
198 194
199 193
200 192
201 191
202 190
203 189
204 188
205 187
206 186
207 185
208 184
209 183
210 182
211 181
212 181
213 180
214 179
215 178
216 178
217 177
218 176
219 176
220 175
221 175
222 175
223 174
224 174
225 174
226 174
227 173
228 173
229 173
230 173
231 173
232 173
233 173
234 173
235 173
236 173
237 173
238 174
239 174
240 174
241 174
242 174
243 174
244 174
245 174
246 174
247 174
248 175
249 175
250 175
251 175
252 175
253 175
254 175
255 175
256 175
257 175
258 175
259 175
260 174
261 174
262 174
263 174
264 174
265 174
266 173
267 173
268 173
269 173
270 173
271 172
272 172
273 172
274 171
275 171
276 171
277 171
278 170
279 170
280 170
281 169
282 169
283 169
284 168
285 168
286 168
287 167
288 167
289 167
290 167
291 166
292 166
293 166
294 165
295 165
296 165
297 165
298 164
299 164
300 164
301 163
302 163
303 163
304 163
305 163
306 162
307 162
308 162
309 162
310 162
311 161
312 161
313 161
314 161
315 161
316 161
317 161
318 160
319 160
320 160
321 160
322 160
323 160
324 160
325 160
326 160
327 160
328 160
329 159
330 159
331 159
332 159
333 159
334 159
335 159
336 159
337 159
338 159
339 159
340 159
341 159
342 159
343 159
344 159
345 159
346 158
347 158
348 158
349 158
350 158
351 158
352 158
353 158
354 158
355 158
356 158
357 158
358 158
359 158
360 158
361 158
362 158
363 157
364 157
365 157
366 157
367 157
368 157
369 157
370 157
371 157
372 157
373 157
374 157
375 157
376 157
377 157
378 157
379 157
380 157
381 157
382 157
383 157
384 157
385 157
386 157
387 157
388 157
389 157
390 157
391 157
392 157
393 157
394 157
395 158
396 158
397 158
398 158
399 158
400 159
401 159
402 159
403 159
404 159
405 160
406 160
407 160
408 160
409 160
410 161
411 161
412 161
413 161
414 161
415 161
416 160
417 160
418 160
419 160
420 159
421 159
422 158
423 158
424 157
425 156
426 156
427 155
428 154
429 154
430 153
431 152
432 151
433 151
434 150
435 149
436 148
437 147
438 147
439 146
440 145
441 144
442 144
443 143
444 142
445 141
446 141
447 140
448 139
449 139
450 138
451 137
452 137
453 136
454 135
455 135
456 134
457 133
458 133
459 132
460 132
461 131
462 131
463 130
464 130
465 129
466 129
467 128
468 128
469 128
470 127
471 127
472 126
473 126
474 126
475 126
476 125
477 125
478 125
479 125
480 125
481 125
482 124
483 124
484 124
485 124
486 124
487 124
488 124
489 124
490 124
491 124
492 124
493 124
494 124
495 124
496 124
497 124
498 124
499 124
500 124
501 124
502 124
503 124
504 124
505 124
506 124
507 124
508 124
509 124
510 124
511 124
512 124
513 124
514 124
515 124
516 124
517 125
518 125
519 125
520 125
521 125
522 125
523 126
524 126
525 126
526 127
527 127
528 127
529 128
530 128
531 129
532 129
533 129
534 130
535 130
536 131
537 132
538 132
539 133
540 134
541 134
542 135
543 136
544 136
545 137
546 138
547 138
548 139
549 140
550 141
551 142
552 142
553 143
554 144
555 145
556 146
557 147
558 148
559 149
560 150
561 150
562 151
563 152
564 153
565 154
566 155
567 156
568 157
569 158
570 159
571 160
572 161
573 162
574 163
575 164
576 165
577 166
578 167
579 168
580 169
581 170
582 171
583 171
584 172
585 173
586 174
587 175
588 175
589 176
590 177
591 177
592 178
593 179
594 179
595 180
596 180
597 180
598 181
599 181
600 181
601 181
602 181
603 181
604 181
605 181
606 181
607 181
608 181
609 181
610 181
611 180
612 180
613 180
614 179
615 179
616 178
617 178
618 177
619 177
620 176
621 175
622 175
623 174
624 173
625 172
626 172
627 171
628 170
629 169
630 168
631 167
632 166
632 165
633 164
634 163
635 162
636 161
636 160
637 159
638 158
638 157
639 156
640 155
640 154
641 153
642 152
642 151
643 150
644 149
644 148
645 147
645 146
646 145
646 144
647 143
648 142
648 141
649 140
649 139
650 138
650 137
651 136
651 135
652 134
652 133
653 132
654 131
654 130
655 129
655 128
656 127
657 126
657 125
658 124
659 123
659 122
660 121
661 120
662 119
663 118
664 118
665 117
666 117
667 116
668 116
669 116
670 116
671 116
672 117
673 117
674 117
675 118
676 118
677 119
678 119
679 120
680 121
681 122
682 122
683 123
684 124
685 125
686 126
687 127
688 128
689 129
690 130
691 131
692 132
693 133
694 134
694 135
695 136
696 137
697 138
698 139
699 140
700 141
700 142
701 143
702 144
703 145
704 146
705 147
705 148
706 149
707 150
708 151
709 152
709 153
710 154
711 155
712 156
713 157
713 158
714 159
715 160
716 161
717 162
717 163
718 164
719 165
720 166
720 167
721 168
722 169
723 170
723 171
724 172
725 173
725 174
