8 58
9 58
10 57
11 57
12 57
13 57
14 57
15 57
16 57
17 57
18 57
19 57
20 57
21 57
22 57
23 57
24 57
25 58
26 58
27 58
28 59
29 59
30 59
31 60
32 60
33 61
34 61
35 62
36 62
37 63
38 64
39 64
40 65
41 66
42 66
43 67
44 68
45 68
46 69
47 70
48 71
49 71
50 72
51 73
52 73
53 74
54 75
55 76
56 76
57 77
58 78
59 78
60 79
61 80
62 81
63 81
64 82
65 83
66 83
67 84
68 84
69 85
70 86
71 86
72 87
73 87
74 88
75 88
76 89
77 89
78 89
79 90
80 90
81 90
82 90
83 90
84 90
85 90
86 90
87 90
88 89
89 89
90 89
91 88
92 87
93 87
94 86
95 85
96 84
97 83
98 82
99 81
100 80
101 79
101 78
102 77
103 76
104 75
105 74
106 74
107 73
108 72
109 72
110 72
111 72
112 71
113 71
114 71
115 71
116 71
117 71
118 71
119 71
120 71
121 71
122 71
123 71
124 70
125 70
126 70
127 70
128 70
129 70
130 70
131 69
132 69
133 69
134 69
135 69
136 69
137 69
138 68
139 68
140 68
141 68
142 68
143 68
144 68
145 68
146 68
147 68
148 68
149 68
150 68
151 68
152 68
153 68
154 68
155 68
156 68
157 68
158 68
159 68
160 68
161 68
162 68
163 68
164 69
165 69
166 69
167 69
168 69
169 69
170 69
171 69
172 69
173 70
174 70
175 70
176 70
177 70
178 70
179 70
180 70
181 70
182 71
183 71
184 71
185 71
186 71
187 71
188 71
189 71
190 71
191 71
192 72
193 72
194 72
195 72
196 72
197 72
198 72
199 72
200 72
201 72
202 73
203 73
204 73
205 73
206 73
207 73
208 73
209 74
210 74
211 74
212 74
213 74
214 75
215 75
216 75
217 75
218 76
219 76
220 76
221 76
222 77
223 77
224 77
225 78
226 78
227 78
228 79
229 79
230 79
231 80
232 80
233 80
234 81
235 81
236 82
237 82
238 82
239 83
240 83
241 84
242 84
243 85
244 85
245 85
246 86
247 86
248 87
249 87
250 88
251 88
252 89
253 89
254 90
255 90
256 90
257 91
258 91
259 91
260 92
261 92
262 92
263 93
264 93
265 93
266 93
267 93
268 93
269 93
270 93
271 93
272 93
273 93
274 93
275 93
276 93
277 93
278 93
279 93
280 93
281 94
282 94
283 94
284 94
285 94
286 94
287 94
288 95
289 95
290 95
291 96
292 96
293 96
294 96
295 97
296 97
297 97
298 97
299 98
300 98
301 98
302 98
303 98
304 98
305 99
306 99
307 99
308 99
309 99
310 99
311 98
312 98
313 98
314 98
315 98
316 98
317 97
318 97
319 97
320 97
321 96
322 96
323 96
324 95
325 95
326 95
327 94
328 94
329 93
330 93
331 93
332 92
333 92
334 91
335 91
336 91
337 90
338 90
339 89
340 89
