9 49
10 49
11 49
12 49
13 50
14 50
15 50
16 50
17 50
18 50
19 50
20 50
21 50
22 51
23 51
24 51
25 52
26 52
27 53
28 53
29 54
30 55
31 55
32 56
33 57
34 58
35 59
36 59
37 60
38 61
39 62
40 63
41 63
42 64
43 65
44 65
45 66
46 67
47 67
48 68
49 68
50 69
51 69
52 70
53 70
54 71
55 71
56 72
57 72
58 73
59 73
60 74
61 74
62 75
63 75
64 76
65 76
66 76
67 77
68 77
69 78
70 78
71 78
72 79
73 79
74 80
75 80
76 80
77 81
78 81
79 81
80 82
81 82
82 83
83 83
84 84
85 84
86 84
87 85
88 85
89 86
90 86
91 87
92 87
93 88
94 89
95 89
96 90
97 91
98 91
99 92
100 93
101 94
102 94
103 95
104 96
105 97
106 98
107 99
108 100
109 101
110 102
111 103
112 104
113 105
114 106
115 107
116 108
117 109
118 110
119 111
120 112
121 113
122 114
123 115
124 115
125 116
126 116
127 117
128 117
129 117
130 117
131 118
132 117
133 117
134 117
135 117
136 116
137 116
138 116
139 115
140 115
141 114
142 114
143 113
144 112
145 112
146 111
147 111
148 110
149 109
150 109
151 108
152 107
153 107
154 106
155 106
156 105
157 105
158 104
159 104
160 103
161 103
162 102
163 102
164 101
165 101
166 100
167 100
168 100
169 100
170 99
171 99
172 99
173 99
174 98
175 98
176 98
177 98
178 98
179 98
180 98
181 98
182 98
183 98
184 98
185 98
186 98
187 98
188 98
189 98
190 98
191 98
192 99
193 99
194 99
195 99
196 99
197 100
198 100
199 100
200 100
201 101
202 101
203 101
204 102
205 102
206 102
207 103
208 103
209 103
210 104
211 104
212 105
213 105
214 105
215 106
216 106
217 106
218 106
219 107
220 107
221 107
222 107
223 108
224 108
225 108
226 108
227 108
228 108
229 108
230 108
231 108
232 108
233 108
234 108
235 108
236 108
237 108
238 107
239 107
240 107
241 106
242 106
243 106
244 105
245 104
246 104
247 103
248 103
249 102
250 101
251 100
252 100
253 99
254 98
255 97
256 96
257 95
258 94
259 93
260 92
261 91
262 90
263 89
264 88
265 87
266 86
267 85
268 84
269 83
270 82
271 81
272 80
273 79
274 78
275 77
276 76
277 75
278 74
279 74
280 73
281 72
282 71
283 71
284 70
285 69
286 69
287 68
288 68
289 67
290 67
291 67
292 66
293 66
294 66
295 65
296 65
297 65
298 65
299 64
300 64
301 64
302 64
303 63
304 63
305 63
306 63
307 63
308 63
309 63
310 62
311 62
312 62
313 62
314 62
315 62
316 62
317 62
318 62
319 62
320 61
321 61
322 61
323 61
324 61
325 61
326 61
327 61
328 61
329 61
330 61
331 61
332 61
333 61
334 61
335 61
336 61
337 61
338 61
339 61
340 61
341 61
342 61
343 61
344 61
345 61
346 61
347 61
348 61
349 61
350 60
351 60
352 60
353 60
354 59
355 59
356 59
357 58
358 58
359 57
360 57
361 56
362 56
363 55
364 55
365 54
366 54
367 53
368 53
369 53
370 53
371 53
372 53
373 53
374 53
375 53
376 54
377 55
378 56
379 57
380 58
381 59
381 60
382 61
382 62
383 63
384 64
384 65
385 66
385 67
386 68
386 69
