8 30
9 31
10 32
11 33
11 34
12 35
13 36
13 37
14 38
15 39
15 40
16 41
17 42
17 43
18 44
19 45
20 46
20 47
21 48
22 49
22 50
23 51
24 52
25 53
25 54
26 55
27 56
28 57
29 58
30 59
30 60
31 61
32 62
33 63
34 64
35 65
36 66
37 67
38 68
39 69
40 70
41 70
42 71
43 71
44 72
45 72
46 71
47 71
48 71
49 70
50 70
51 70
52 69
53 69
54 69
55 68
56 68
57 68
58 68
59 68
60 68
61 67
62 67
63 67
64 67
65 66
66 66
67 65
68 65
69 64
70 64
71 63
72 63
73 63
74 62
75 62
76 62
77 62
78 62
79 62
80 63
81 63
82 63
83 64
84 64
85 65
86 65
87 66
88 66
89 66
90 67
91 67
92 67
93 66
94 66
95 66
96 65
97 65
98 64
99 64
100 63
101 62
102 61
103 60
104 59
105 58
106 57
106 56
107 55
108 54
109 53
110 52
111 51
111 50
112 49
113 48
114 47
115 46
116 45
117 45
118 44
119 43
120 42
121 42
122 41
123 40
124 40
125 39
126 39
127 38
128 38
129 38
130 37
131 37
132 37
133 37
134 37
135 37
136 37
137 37
138 37
139 37
140 37
141 37
142 37
143 38
144 38
145 38
146 39
147 39
148 40
149 40
150 40
151 41
152 41
153 41
154 42
155 42
156 42
157 42
158 43
159 43
160 43
161 43
162 43
163 43
164 43
165 44
166 44
167 44
168 44
169 44
170 44
171 44
172 44
173 44
174 45
175 45
176 45
177 45
178 45
179 46
180 46
181 46
182 47
183 47
184 48
185 48
186 49
187 49
188 50
189 50
190 51
191 52
192 52
193 53
194 53
195 54
196 54
197 55
198 55
199 55
200 56
201 56
202 56
203 56
204 56
205 57
206 57
207 57
208 57
209 57
210 57
211 56
212 56
213 56
214 56
215 56
216 56
217 56
218 56
219 56
220 56
221 56
222 56
223 56
224 56
225 56
226 56
227 56
228 56
229 56
230 56
231 56
232 56
233 56
234 56
235 56
236 55
237 55
238 55
239 54
240 54
241 53
242 53
243 52
244 52
245 51
246 50
247 49
248 49
249 48
250 47
251 46
252 46
253 45
254 44
255 43
256 43
257 42
258 42
259 41
260 41
261 40
262 40
263 40
264 40
265 39
266 39
267 39
268 40
269 40
270 40
271 40
272 41
273 41
274 42
275 43
276 43
277 44
278 45
279 46
280 47
280 48
281 49
282 50
283 51
283 52
284 53
285 54
285 55
286 56
287 57
287 58
288 59
288 60
289 61
289 62
290 63
291 64
291 65
