8 51
9 52
9 53
10 54
10 55
11 56
11 57
12 58
13 59
13 60
14 61
15 62
16 63
16 64
17 65
18 66
19 66
20 67
21 68
22 68
23 68
24 68
25 68
26 68
27 67
28 67
29 66
30 65
31 65
32 64
33 63
34 63
35 62
36 61
37 60
38 59
39 59
40 58
41 57
42 56
43 56
44 55
45 54
46 54
47 53
48 52
49 52
50 51
51 50
52 50
53 49
54 49
55 48
56 48
57 47
58 47
59 46
60 46
61 45
62 45
63 45
64 44
65 44
66 44
67 44
68 43
69 43
70 43
71 43
72 43
73 43
74 42
75 42
76 42
77 42
78 42
79 42
80 42
81 42
82 42
83 42
84 42
85 42
86 43
87 43
88 43
89 43
90 43
91 43
92 43
93 43
94 44
95 44
96 44
97 44
98 44
99 45
100 45
101 45
102 46
103 46
104 47
105 47
106 48
107 48
108 49
109 50
110 51
111 52
112 53
113 54
113 55
114 56
114 57
115 58
116 59
116 60
117 61
117 62
118 63
118 64
119 65
120 66
120 67
121 68
121 69
122 70
122 71
123 72
124 73
124 74
125 75
126 76
127 77
127 78
128 79
129 80
130 81
131 82
132 83
133 84
134 84
135 85
136 86
137 87
138 87
139 88
140 89
141 89
142 90
143 91
144 91
145 92
146 92
147 92
148 93
149 93
150 93
151 94
152 94
153 94
154 94
155 95
156 95
157 95
158 95
159 95
160 95
161 95
162 94
163 94
164 94
165 94
166 94
167 93
168 93
169 93
170 93
171 92
172 92
173 92
174 91
175 91
176 90
177 90
178 90
179 89
180 89
181 88
182 88
183 88
184 87
185 87
186 86
187 86
188 86
189 85
190 85
191 84
192 84
193 84
194 83
195 83
196 82
197 82
198 82
199 81
200 81
201 81
202 80
203 80
204 80
205 79
206 79
207 78
208 78
209 78
210 78
211 77
212 77
213 77
214 76
215 76
216 76
217 75
218 75
219 75
220 75
221 75
222 74
223 74
224 74
225 74
226 74
227 74
228 74
229 74
230 74
231 74
232 74
233 74
234 74
235 74
236 74
237 74
238 75
239 75
240 75
241 75
242 75
243 76
244 76
245 76
246 77
247 77
248 77
249 78
250 78
251 78
252 79
253 79
254 80
255 80
256 81
257 81
258 82
259 82
260 83
261 83
262 84
263 84
264 85
265 85
266 86
267 87
268 87
269 87
270 88
271 88
272 89
273 89
274 89
275 90
276 90
277 90
278 90
279 90
280 91
281 91
282 91
283 91
284 90
285 90
286 90
287 90
288 90
289 89
290 89
291 88
292 88
293 88
294 87
295 86
296 86
297 85
298 84
299 84
300 83
301 82
302 81
303 80
304 80
305 79
306 78
307 77
308 76
309 75
310 74
