28 55
29 55
30 55
31 55
32 55
33 55
34 55
35 55
36 55
37 55
38 55
39 55
40 55
41 55
42 55
43 55
44 55
45 55
46 55
47 55
48 56
49 56
50 56
51 56
52 57
53 57
54 57
55 58
56 58
57 59
58 60
59 60
60 61
61 62
62 63
63 64
64 65
65 66
66 67
67 68
68 69
68 70
69 71
70 72
71 73
72 74
72 75
73 76
74 77
75 78
76 79
76 80
77 81
78 82
79 83
80 84
81 85
81 86
82 87
83 88
84 89
85 90
86 91
87 92
88 93
89 94
90 95
91 96
92 97
93 97
94 98
95 99
96 99
97 100
98 101
99 101
100 102
101 102
102 103
103 103
104 103
105 103
106 104
107 104
108 104
109 104
110 104
111 104
112 104
113 104
114 103
115 103
116 103
117 102
118 102
119 101
120 100
121 100
122 99
123 98
124 97
125 96
125 95
126 94
127 93
128 92
128 91
129 90
130 89
130 88
131 87
132 86
132 85
133 84
133 83
134 82
135 81
135 80
136 79
137 78
137 77
138 76
139 75
140 74
141 73
142 73
143 73
144 73
145 73
146 73
147 73
148 74
149 75
150 76
151 77
151 78
152 79
153 80
153 81
154 82
154 83
155 84
156 85
156 86
157 87
157 88
158 89
158 90
159 91
160 92
160 93
161 94
162 95
162 96
163 97
163 98
164 99
165 100
166 101
166 102
167 103
168 104
168 105
169 106
170 107
171 108
172 109
172 110
173 111
174 112
175 113
176 114
177 115
178 116
179 117
180 118
181 119
182 119
183 120
184 121
185 122
186 122
187 123
188 124
189 124
190 125
191 125
192 125
193 126
194 126
195 126
196 127
197 127
198 127
199 127
200 127
201 127
202 127
203 127
204 127
205 127
206 127
207 127
208 126
209 126
210 126
211 126
212 125
213 125
214 124
215 124
216 123
217 123
218 122
219 122
220 121
221 120
222 120
223 119
224 118
225 117
226 117
227 116
228 115
229 115
230 114
231 114
232 113
233 113
234 112
235 112
236 112
237 112
238 111
239 111
240 111
241 111
242 111
243 111
244 111
