29 28
29 29
30 30
30 31
31 32
31 33
32 34
32 35
33 36
33 37
34 38
34 39
35 40
35 41
36 42
36 43
37 44
37 45
38 46
38 47
39 48
39 49
40 50
40 51
41 52
42 53
42 54
43 55
43 56
44 57
44 58
45 59
45 60
46 61
46 62
47 63
48 64
48 65
49 66
49 67
50 68
50 69
51 70
52 71
52 72
53 73
54 74
54 75
55 76
55 77
56 78
57 79
57 80
58 81
59 82
60 83
60 84
61 85
62 86
62 87
63 88
64 89
65 90
66 91
66 92
67 93
68 94
69 95
70 96
71 97
72 98
73 99
74 100
75 101
76 102
76 103
77 104
78 105
79 106
80 107
81 108
82 109
83 109
84 110
85 111
86 112
87 112
88 113
89 114
90 114
91 114
92 115
93 115
94 115
95 115
96 115
97 115
98 115
99 115
100 115
101 114
102 114
103 114
104 113
105 113
106 112
107 112
108 111
109 110
110 110
111 109
112 108
113 108
114 107
115 106
116 105
117 105
118 104
119 103
120 102
121 102
122 101
123 100
124 100
125 99
126 99
127 98
128 98
129 97
130 97
131 96
132 96
133 95
134 95
135 95
136 94
137 94
138 94
139 94
140 93
141 93
142 93
143 93
144 93
145 93
146 93
147 93
148 93
149 93
150 93
151 93
152 93
153 93
154 93
155 93
156 93
157 93
158 93
159 93
160 93
161 93
162 94
163 94
164 94
165 94
166 94
167 94
168 94
169 94
170 94
171 95
172 95
173 95
174 95
175 95
176 95
177 95
178 95
179 95
180 95
181 95
182 94
183 94
184 94
185 94
186 94
187 93
188 93
189 93
190 92
191 92
192 92
193 91
194 91
195 91
196 91
197 90
198 90
199 90
200 90
201 90
202 90
203 90
204 90
205 90
206 90
207 90
208 91
209 91
210 91
211 92
212 92
213 93
214 93
215 94
216 95
217 96
218 96
219 97
220 98
221 98
222 99
223 100
224 101
225 101
226 102
227 103
228 103
229 104
230 104
231 105
232 105
233 106
234 106
235 107
236 107
237 107
238 108
239 108
240 108
241 109
242 109
243 109
244 109
245 109
246 109
247 109
248 110
249 110
250 110
251 110
252 109
253 109
254 109
255 109
256 109
257 109
258 109
259 109
260 109
261 109
262 109
263 109
264 109
265 109
266 109
267 109
268 109
269 109
270 110
271 110
272 110
273 110
274 110
275 110
276 110
277 111
278 111
279 111
280 111
281 111
282 111
283 112
284 112
285 112
286 112
287 112
288 112
289 113
290 113
291 113
292 113
293 113
294 113
295 113
296 114
297 114
298 114
299 114
300 114
301 115
302 115
303 115
304 115
305 115
306 116
307 116
308 116
309 116
310 116
311 117
312 117
313 117
314 117
315 118
316 118
317 118
318 118
319 119
320 119
321 119
322 119
323 119
324 119
325 119
326 119
327 119
328 119
329 118
330 118
331 118
332 117
333 116
334 116
335 115
336 114
337 113
338 112
339 111
340 110
340 109
341 108
342 107
343 106
343 105
344 104
345 103
345 102
346 101
346 100
347 99
348 98
348 97
349 96
349 95
350 94
350 93
351 92
352 91
352 90
353 89
353 88
354 87
355 86
355 85
356 84
357 83
358 82
359 81
360 80
361 79
362 78
363 78
364 78
365 77
366 77
367 77
368 78
369 78
370 78
371 79
372 79
373 80
374 81
375 82
376 83
377 83
378 84
379 85
380 86
381 87
382 88
383 89
383 90
384 91
385 92
386 93
387 94
388 95
389 96
390 97
391 98
392 99
393 100
393 101
394 102
395 103
396 104
397 105
398 106
399 106
400 107
401 108
402 109
403 109
404 110
405 110
406 110
407 110
408 111
409 111
410 111
411 110
412 110
413 110
414 110
415 110
416 109
417 109
418 109
419 108
420 108
421 108
422 107
423 107
424 107
425 106
426 106
427 106
428 105
429 105
430 105
431 105
432 104
433 104
434 104
435 103
436 103
437 103
438 103
439 102
440 102
441 102
442 101
443 101
444 101
445 101
446 100
447 100
448 100
449 99
450 99
451 99
452 98
453 98
454 98
455 97
456 97
457 96
458 96
459 95
460 94
461 94
462 93
463 92
464 91
465 91
466 90
467 89
468 88
469 87
470 86
471 86
