9 7
10 8
11 9
11 10
12 11
12 12
13 13
14 14
14 15
15 16
15 17
16 18
16 19
17 20
17 21
18 22
19 23
19 24
20 25
20 26
21 27
21 28
22 29
22 30
23 31
23 32
24 33
24 34
25 35
25 36
26 37
26 38
27 39
27 40
28 41
28 42
28 43
29 44
29 45
30 46
30 47
31 48
31 49
32 50
32 51
33 52
33 53
34 54
34 55
35 56
35 57
36 58
36 59
37 60
37 61
38 62
38 63
39 64
39 65
40 66
40 67
41 68
42 69
42 70
43 71
43 72
44 73
45 74
46 75
46 76
47 77
48 78
49 79
50 80
51 81
52 82
53 83
54 84
55 85
56 86
57 86
58 87
59 88
60 89
61 89
62 90
63 91
64 91
65 92
66 92
67 93
68 93
69 94
70 95
71 95
72 96
73 96
74 97
75 97
76 98
77 98
78 99
79 99
80 100
81 100
82 101
83 101
84 102
85 102
86 102
87 103
88 103
89 104
90 104
91 104
92 105
93 105
94 105
95 105
96 106
97 106
98 106
99 106
100 106
101 106
102 107
103 107
104 106
105 106
106 106
107 106
108 106
109 106
110 105
111 105
112 105
113 104
114 104
115 104
116 103
117 103
118 103
119 103
120 103
121 103
122 103
123 103
124 103
125 103
126 103
127 103
128 103
129 104
130 104
131 104
132 104
133 105
134 105
135 106
136 106
137 106
138 107
139 107
140 107
141 108
142 108
143 109
144 109
145 109
146 109
147 109
148 109
149 109
150 109
151 109
152 109
153 109
154 109
155 109
156 108
157 108
158 108
159 108
160 107
161 107
162 107
163 106
164 106
165 105
166 105
167 105
168 104
169 104
170 104
171 103
172 103
173 102
174 102
175 102
176 101
177 101
178 101
179 100
180 100
181 100
182 99
183 99
184 99
185 99
186 98
187 98
188 98
189 98
190 97
191 97
192 97
193 97
194 97
195 96
196 96
197 96
198 96
199 96
200 95
201 95
202 95
203 95
204 95
205 95
206 95
207 95
208 95
209 95
210 94
211 94
212 94
213 94
214 94
215 95
216 95
217 95
218 95
219 95
220 95
221 95
222 95
223 96
224 96
225 96
226 96
227 96
228 97
229 97
230 97
231 98
232 98
233 98
234 98
235 99
236 99
237 99
238 99
239 99
240 99
241 99
242 99
243 99
244 99
245 99
246 99
247 98
248 98
249 97
250 97
251 96
252 95
253 95
254 94
255 93
256 92
257 91
258 90
259 90
260 89
261 88
262 87
263 87
264 86
265 86
266 85
267 85
268 85
269 84
270 84
271 84
272 84
273 84
274 84
275 84
276 85
277 85
278 85
279 85
280 85
281 86
282 86
283 86
284 86
285 87
286 87
287 87
288 87
289 88
290 88
291 88
292 88
293 88
294 88
295 88
296 88
297 88
298 88
299 88
300 88
301 88
302 89
303 89
304 89
305 89
306 89
307 89
308 89
309 89
310 89
311 89
312 89
313 89
314 89
315 89
316 89
317 89
318 90
319 90
320 90
321 90
322 90
323 91
324 91
325 91
326 92
327 92
328 92
329 93
330 93
331 93
332 94
333 94
334 95
335 95
336 96
337 96
338 97
339 97
340 98
341 98
342 99
343 100
344 100
345 101
346 101
347 102
348 103
349 103
350 104
351 104
352 105
353 105
354 106
355 106
356 107
357 107
358 107
359 108
360 108
361 108
362 109
363 109
364 109
365 109
366 109
367 109
368 109
369 109
370 109
371 109
372 109
373 109
374 109
375 108
376 108
377 108
378 108
379 108
380 108
381 107
382 107
383 107
384 107
385 107
386 107
387 107
388 107
389 107
390 108
391 108
392 108
393 109
394 109
395 109
396 110
397 110
398 110
399 111
400 111
401 111
402 112
403 112
404 112
405 112
406 112
407 112
408 112
409 111
410 111
411 111
412 110
413 110
414 109
415 109
416 108
417 107
418 106
419 105
420 104
421 103
422 102
423 101
424 100
425 99
425 98
426 97
427 96
428 95
428 94
429 93
430 92
431 91
431 90
432 89
433 88
434 87
