44 104
45 105
45 106
46 107
46 108
47 109
47 110
48 111
48 112
49 113
49 114
50 115
50 116
51 117
51 118
52 119
52 120
53 121
53 122
54 123
54 124
55 125
56 126
56 127
57 128
58 129
58 130
59 131
60 132
61 133
62 134
63 135
64 136
65 137
66 138
67 139
68 139
69 140
70 140
71 140
72 141
73 141
74 141
75 141
76 141
77 141
78 141
79 141
80 141
81 141
82 140
83 140
84 140
85 139
86 139
87 139
88 138
89 138
90 137
91 137
92 136
93 136
94 135
95 135
96 134
97 134
98 133
99 133
100 132
101 132
102 131
103 131
104 130
105 130
106 129
107 129
108 128
109 128
110 127
111 127
112 126
113 126
114 125
115 125
116 124
117 124
118 124
119 123
120 123
121 123
122 123
123 122
124 122
125 122
126 122
127 122
128 122
129 122
130 122
131 122
132 122
133 122
134 122
135 122
136 122
137 122
138 122
139 122
140 123
141 123
142 123
143 123
144 124
145 124
146 124
147 124
148 125
149 125
150 125
151 125
152 126
153 126
154 126
155 126
156 127
157 127
158 127
159 127
160 127
161 127
162 127
163 127
164 127
165 127
166 127
167 127
168 126
169 126
170 126
171 125
172 125
173 124
174 123
175 123
176 122
177 121
178 120
179 120
180 119
181 118
182 117
183 116
184 115
185 114
186 113
186 112
187 111
188 110
189 109
190 108
191 107
192 106
193 105
194 104
195 103
196 102
197 101
198 100
199 100
200 99
201 98
202 97
203 97
204 96
205 96
206 95
207 94
208 94
209 94
210 93
211 93
212 93
213 92
214 92
215 92
216 92
217 92
218 92
219 92
220 92
221 92
222 92
223 92
224 92
225 92
226 93
227 93
228 93
229 93
230 94
231 94
232 94
233 95
234 95
235 96
236 96
237 97
238 97
239 98
240 98
241 99
242 100
243 100
244 101
245 102
246 102
247 103
248 104
249 104
250 105
251 106
252 107
253 108
254 109
255 110
256 110
257 111
258 112
259 113
260 114
261 115
262 116
263 117
264 118
265 119
265 120
266 121
267 122
268 123
269 124
270 125
271 126
271 127
272 128
273 129
274 130
275 131
276 132
276 133
277 134
278 135
279 136
279 137
280 138
281 139
282 140
282 141
283 142
284 143
285 144
285 145
286 146
287 147
288 148
288 149
289 150
290 151
290 152
291 153
292 154
292 155
293 156
294 157
294 158
295 159
296 160
296 161
297 162
298 163
298 164
299 165
300 166
300 167
301 168
302 169
302 170
303 171
304 172
304 173
305 174
306 175
307 176
307 177
308 178
309 179
310 180
311 181
312 182
312 183
313 184
314 184
315 185
316 186
317 187
318 187
319 188
320 188
321 188
322 188
323 188
324 188
325 187
326 187
327 186
328 186
329 185
330 184
331 183
332 182
333 181
334 180
335 179
336 178
337 177
338 176
339 175
339 174
340 173
341 172
342 171
342 170
343 169
344 168
345 167
345 166
346 165
347 164
347 163
348 162
349 161
349 160
