27 45
28 45
29 44
30 44
31 44
32 44
33 44
34 44
35 43
36 43
37 43
38 43
39 43
40 43
41 43
42 42
43 42
44 42
45 42
46 42
47 42
48 42
49 42
50 42
51 42
52 42
53 42
54 42
55 42
56 42
57 43
58 43
59 43
60 43
61 43
62 44
63 44
64 44
65 44
66 45
67 45
68 45
69 46
70 46
71 47
72 47
73 48
74 48
75 49
76 50
77 50
78 51
79 52
80 53
81 54
82 55
83 56
84 57
85 58
86 59
87 60
87 61
88 62
89 63
89 64
90 65
91 66
92 67
92 68
93 69
94 70
94 71
95 72
95 73
96 74
97 75
97 76
98 77
99 78
99 79
100 80
100 81
101 82
102 83
102 84
103 85
103 86
104 87
105 88
105 89
106 90
106 91
107 92
108 93
108 94
109 95
109 96
110 97
111 98
111 99
112 100
113 101
113 102
114 103
115 104
115 105
116 106
117 107
117 108
118 109
119 110
119 111
120 112
121 113
122 114
122 115
123 116
124 117
125 118
125 119
126 120
127 121
128 122
128 123
129 124
130 125
131 126
132 127
132 128
133 129
134 130
135 131
136 132
137 133
138 134
138 135
139 136
140 137
141 138
142 139
143 140
144 141
145 142
146 143
147 144
148 145
149 146
150 147
151 148
152 149
153 149
154 150
155 151
156 152
157 153
158 153
159 154
160 155
161 156
162 156
163 157
164 157
165 158
166 159
167 159
168 160
169 160
170 160
171 161
172 161
173 162
174 162
175 162
176 162
177 162
178 163
179 163
180 163
181 163
182 163
183 162
184 162
185 162
186 162
187 161
188 161
189 160
190 160
191 159
192 159
193 158
194 157
195 156
196 155
197 154
198 153
199 152
200 151
201 150
202 149
203 148
204 147
205 146
206 145
206 144
207 143
208 143
