18 18
19 19
19 20
20 21
20 22
20 23
21 24
21 25
21 26
22 27
22 28
23 29
23 30
23 31
24 32
24 33
25 34
25 35
26 36
27 37
28 38
28 39
29 40
30 41
31 42
32 43
33 43
34 44
35 45
36 45
37 46
38 46
39 46
40 46
41 46
42 46
43 46
44 46
45 46
46 46
47 45
48 45
49 45
50 45
51 45
52 45
53 45
54 45
55 45
56 46
57 46
58 46
59 46
60 46
61 46
62 46
63 47
64 47
65 47
66 48
67 48
68 49
69 49
70 50
71 50
72 51
73 51
74 52
75 53
76 54
77 55
78 56
79 57
80 58
80 59
81 60
82 61
83 62
83 63
84 64
85 65
86 66
86 67
87 68
87 69
88 70
89 71
89 72
90 73
91 74
92 75
92 76
93 77
94 78
95 79
96 80
97 81
98 82
99 83
100 83
101 84
102 85
103 85
104 86
105 87
106 87
107 88
108 88
109 89
110 90
111 90
112 91
113 91
