27 11
28 11
29 11
30 11
31 11
32 11
33 11
34 12
35 12
36 12
37 12
38 12
39 12
40 12
41 12
42 12
43 12
44 12
45 12
46 12
47 13
48 13
49 13
50 13
51 13
52 14
53 14
54 14
55 14
56 15
57 15
58 15
59 16
60 16
61 17
62 17
63 18
64 18
65 19
66 19
67 20
68 21
69 21
70 22
71 23
72 24
73 25
74 26
75 26
76 27
77 28
78 29
79 30
80 31
81 32
82 33
83 34
83 35
84 36
85 37
86 38
87 39
88 40
89 41
90 42
91 43
91 44
92 45
93 46
94 47
95 48
96 49
97 50
98 51
99 52
100 53
101 54
102 55
103 56
104 57
105 58
106 59
107 60
108 61
109 61
110 62
111 63
112 63
113 64
114 64
115 64
116 65
117 65
118 65
119 66
120 66
121 66
122 66
123 66
124 66
125 66
126 66
127 66
128 65
129 65
130 65
131 65
132 65
133 64
134 64
135 64
136 64
137 63
138 63
139 63
140 62
141 62
142 61
143 61
144 61
145 60
146 60
147 59
148 59
149 59
150 58
151 58
152 57
153 57
154 57
155 56
156 56
157 56
158 56
159 55
160 55
161 55
162 55
163 55
164 55
165 55
166 55
167 55
168 56
169 56
170 56
171 57
172 58
173 59
174 59
175 60
175 61
176 62
177 63
178 64
178 65
179 66
179 67
180 68
181 69
181 70
182 71
182 72
183 73
183 74
184 75
184 76
185 77
185 78
186 79
186 80
186 81
187 82
187 83
188 84
188 85
189 86
189 87
190 88
190 89
191 90
191 91
191 92
192 93
192 94
193 95
193 96
194 97
194 98
195 99
195 100
196 101
196 102
197 103
197 104
198 105
198 106
199 107
199 108
200 109
200 110
201 111
201 112
202 113
202 114
203 115
203 116
204 117
204 118
205 119
206 120
206 121
207 122
207 123
208 124
208 125
209 126
210 127
210 128
211 129
211 130
212 131
212 132
213 133
214 134
214 135
215 136
216 137
216 138
217 139
217 140
218 141
219 142
219 143
220 144
221 145
222 146
222 147
223 148
224 149
224 150
225 151
226 152
227 153
227 154
228 155
229 156
230 157
231 158
231 159
232 160
233 161
234 162
235 163
236 164
237 165
238 166
239 167
240 168
241 169
242 169
243 170
244 171
245 172
246 172
247 173
248 173
249 174
250 174
251 174
252 174
253 174
254 174
255 174
256 174
257 174
258 173
259 173
260 172
261 172
262 171
263 170
264 169
265 168
266 167
267 166
268 165
269 164
270 163
270 162
271 161
272 160
273 159
273 158
274 157
275 156
275 155
276 154
277 153
277 152
278 151
278 150
279 149
280 148
280 147
281 146
281 145
282 144
282 143
283 142
283 141
284 140
285 139
285 138
286 137
286 136
287 135
287 134
288 133
289 132
289 131
290 130
290 129
291 128
292 127
292 126
293 125
294 124
295 123
296 122
297 122
298 122
299 122
300 122
301 122
302 122
303 123
304 124
305 125
305 126
306 127
307 128
307 129
308 130
309 131
309 132
310 133
310 134
311 135
311 136
312 137
313 138
313 139
314 140
314 141
315 142
316 143
316 144
317 145
318 146
318 147
319 148
320 149
321 150
322 151
323 152
324 153
325 154
326 155
327 156
328 157
329 157
330 158
331 158
332 159
333 159
334 160
335 160
336 160
337 160
338 160
339 161
340 161
341 161
342 161
343 161
344 160
345 160
346 160
347 160
348 160
349 160
350 159
351 159
352 159
353 158
354 158
355 157
356 157
357 156
358 156
359 155
360 155
361 154
362 154
363 153
364 152
365 152
366 151
367 150
368 149
369 148
370 148
371 147
372 146
373 145
374 144
375 143
376 142
377 141
378 140
379 139
380 138
381 137
382 136
383 135
384 134
384 133
385 132
386 131
387 130
388 129
388 128
389 127
390 126
391 125
392 124
392 123
393 122
394 121
395 120
395 119
396 118
397 117
398 116
398 115
399 114
400 113
400 112
401 111
402 110
403 109
404 108
404 107
405 106
406 105
407 104
408 103
409 102
410 101
411 100
412 99
413 98
414 98
415 97
416 97
417 96
418 96
419 95
420 95
421 95
422 95
423 95
424 95
425 95
426 95
427 96
428 96
429 96
430 97
431 97
432 98
433 99
434 99
435 100
436 101
437 102
438 103
439 103
440 104
441 105
442 106
443 107
444 108
444 109
445 110
446 111
447 112
448 113
449 114
450 115
450 116
451 117
452 118
453 119
454 120
454 121
455 122
456 123
457 124
458 125
459 126
460 127
461 128
461 129
462 130
463 131
464 132
465 133
466 134
467 135
468 136
469 137
470 138
471 138
472 139
473 140
474 140
475 141
476 141
477 141
478 142
479 142
480 141
481 141
482 141
483 141
484 141
485 140
486 140
487 139
488 139
489 139
490 138
491 138
492 137
493 137
494 136
495 136
496 135
497 135
498 134
499 134
500 133
501 133
502 132
503 131
504 131
505 130
506 130
507 129
508 129
509 128
510 128
511 127
512 126
513 126
514 125
515 125
516 124
517 124
518 123
519 122
520 122
