15 1
16 1
17 2
18 3
19 3
20 4
21 5
22 5
23 6
24 7
25 8
26 8
27 9
28 10
29 11
30 11
31 12
32 13
33 13
34 14
35 15
36 16
37 16
38 17
39 18
40 19
41 20
42 20
43 21
44 22
45 23
46 24
47 24
48 25
49 26
50 27
51 28
52 29
53 29
54 30
55 31
56 32
57 33
58 34
59 35
60 36
61 36
62 37
63 38
64 39
65 40
66 41
67 42
68 43
69 44
70 45
71 45
72 46
73 47
74 48
75 49
76 50
77 51
78 52
79 53
80 54
81 55
82 56
83 56
84 57
85 58
86 59
87 60
88 61
89 62
90 63
91 64
92 65
93 66
94 67
95 68
96 69
97 70
98 71
99 72
100 73
101 74
102 75
102 76
103 77
104 78
105 79
106 80
107 81
108 82
109 83
110 84
111 85
112 86
113 87
114 88
115 89
116 90
117 91
118 92
119 93
120 94
121 94
122 95
123 96
124 96
125 97
126 97
127 98
128 98
129 99
130 99
131 99
132 100
133 100
134 100
135 100
136 101
137 101
138 101
139 101
140 101
141 101
142 101
143 101
144 101
145 101
146 101
147 101
148 101
149 101
150 101
151 101
152 101
153 101
154 101
155 101
156 101
157 101
158 101
159 101
160 101
161 101
162 101
163 101
164 102
165 102
166 102
167 102
168 102
169 102
170 102
171 102
172 102
173 102
174 103
175 103
176 103
177 103
178 103
179 103
180 103
181 102
182 102
183 102
184 101
185 100
186 100
187 99
188 99
189 98
190 97
191 97
192 96
193 95
194 95
195 94
196 94
197 94
198 94
199 93
200 93
201 93
202 93
203 93
204 93
205 93
206 93
207 93
208 93
209 93
210 93
211 93
212 92
213 92
214 92
215 92
216 92
217 91
218 91
219 91
220 91
221 90
222 90
223 90
224 89
225 89
226 89
227 88
228 88
229 87
230 87
231 87
232 87
233 86
234 86
235 86
236 85
237 85
238 85
239 85
240 84
241 84
242 84
243 84
244 84
245 83
246 83
247 83
248 83
249 83
250 82
251 82
252 82
253 82
254 82
255 81
256 81
257 81
258 81
259 81
260 81
261 80
262 80
263 80
264 80
265 80
266 80
267 79
268 79
269 79
270 79
271 79
272 79
273 78
274 78
275 78
276 78
277 78
278 78
279 78
280 78
281 78
282 77
283 77
284 77
285 77
286 77
287 77
288 77
289 77
290 77
291 77
292 77
293 77
294 77
295 77
296 77
297 77
298 77
299 77
300 77
301 77
302 77
303 78
304 78
305 78
306 78
307 78
308 78
309 78
310 78
311 79
312 79
313 79
314 79
315 79
316 80
317 80
318 80
319 80
320 80
321 81
322 81
323 81
324 81
325 81
326 82
327 82
328 82
329 82
330 82
331 82
332 82
333 82
334 82
335 82
336 82
337 82
338 82
339 82
340 82
341 81
342 81
343 81
344 81
345 80
346 80
347 80
348 79
349 79
350 79
351 78
352 78
353 77
354 77
355 77
356 76
357 76
358 75
359 75
360 74
361 74
362 73
363 72
364 72
365 71
366 71
367 70
368 69
369 69
370 68
