15 89
16 89
17 90
18 91
19 91
20 92
21 92
22 93
23 94
24 94
25 95
26 95
27 96
28 97
29 97
30 98
31 98
32 99
33 99
34 100
35 100
36 101
37 101
38 102
39 102
40 103
41 103
42 104
43 104
44 105
45 105
46 105
47 106
48 106
49 106
50 107
51 107
52 107
53 108
54 108
55 108
56 108
57 108
58 109
59 109
60 109
61 109
62 109
63 109
64 109
65 109
66 109
67 109
68 109
69 109
70 109
71 108
72 108
73 108
74 108
75 108
76 107
77 107
78 107
79 107
80 106
81 106
82 106
83 105
84 105
85 105
86 105
87 104
88 104
89 104
90 104
91 103
92 103
93 103
94 103
95 103
96 103
97 103
98 103
99 104
100 104
101 104
102 104
103 105
104 105
105 106
106 106
107 107
108 108
109 108
110 109
111 110
112 111
113 112
114 112
115 113
116 114
117 115
118 116
119 117
120 118
121 119
122 120
123 121
123 122
124 123
125 124
126 125
127 126
128 127
129 128
129 129
130 130
131 131
132 132
133 133
134 134
135 135
135 136
136 137
137 138
138 139
139 140
140 141
140 142
141 143
142 144
143 145
144 146
145 147
145 148
146 149
147 150
148 151
149 152
150 153
151 154
151 155
152 156
153 157
154 158
155 159
156 160
157 161
158 162
159 163
160 164
161 165
162 166
163 167
164 168
165 169
166 170
167 171
168 172
169 173
170 174
171 175
172 176
173 177
174 178
175 178
176 179
177 180
178 181
179 181
180 182
181 183
182 183
183 184
184 184
185 185
186 185
187 186
188 186
189 186
190 187
191 187
192 187
193 187
194 187
195 187
196 187
197 187
198 187
199 187
200 186
201 186
202 186
203 185
204 185
205 184
206 183
207 182
208 182
209 181
210 180
211 179
212 178
213 177
214 176
215 175
216 174
217 173
217 172
218 171
219 170
220 169
221 168
221 167
222 166
223 165
224 164
224 163
225 162
226 161
227 160
228 159
228 158
229 157
230 156
230 155
231 154
232 153
233 152
233 151
234 150
235 149
236 148
236 147
237 146
238 145
239 144
240 143
240 142
241 141
242 140
243 139
244 138
244 137
245 136
246 135
247 134
248 133
249 132
250 131
251 130
252 129
252 128
253 127
254 126
255 125
256 124
257 123
258 122
259 121
260 120
261 119
262 119
263 118
264 117
265 116
266 115
267 114
268 113
269 112
270 112
271 111
272 110
273 109
274 108
275 108
276 107
277 106
278 106
279 105
280 104
281 104
282 103
283 102
284 102
285 101
286 100
287 100
288 99
289 99
290 98
291 98
292 97
293 97
294 96
295 96
296 95
297 95
298 95
299 94
300 94
301 93
302 93
303 92
304 92
305 92
306 91
307 91
308 90
309 90
310 90
