37 59
38 59
39 60
40 61
41 62
42 63
43 64
44 65
45 66
46 67
47 67
48 68
49 69
50 70
51 71
52 72
53 73
54 74
55 75
56 75
57 76
58 77
59 78
60 79
61 80
62 81
63 82
64 83
65 84
66 84
67 85
68 86
69 87
70 88
71 89
72 90
73 90
74 91
75 92
76 93
77 94
78 95
79 96
80 97
81 97
82 98
83 99
84 100
85 101
86 102
87 103
88 103
89 104
90 105
91 106
92 107
93 108
94 108
95 109
96 110
97 111
98 111
99 112
100 113
101 114
102 114
103 115
104 116
105 117
106 117
107 118
108 119
109 119
110 120
111 121
112 121
113 122
114 122
115 123
116 123
117 124
118 124
119 125
120 125
121 126
122 126
123 127
124 127
125 127
126 128
127 128
128 129
129 129
130 129
131 130
132 130
133 130
134 130
135 131
136 131
137 131
138 132
139 132
140 132
141 132
142 133
143 133
144 133
145 134
146 134
147 134
148 135
149 135
150 135
151 136
152 136
153 136
154 137
155 137
156 138
157 138
158 138
159 139
160 139
161 140
162 140
163 141
164 141
165 142
166 142
167 143
168 143
169 144
170 144
171 145
172 145
173 146
174 147
175 147
176 148
177 148
178 149
179 150
180 150
181 151
182 152
183 152
184 153
185 154
186 154
187 155
188 156
189 157
190 158
191 158
192 159
193 160
194 161
195 162
196 163
197 164
198 165
199 166
200 167
201 168
202 169
203 170
204 171
205 172
206 173
207 174
208 175
209 176
210 177
211 178
212 178
213 179
214 180
215 181
216 182
217 182
218 183
219 183
220 184
221 184
222 185
223 185
224 186
225 186
226 186
227 186
228 186
229 187
230 186
231 186
232 186
233 186
234 186
235 185
236 185
237 185
238 184
239 184
240 183
241 183
242 182
243 181
244 181
245 180
246 179
247 179
248 178
249 177
250 176
251 176
252 175
253 174
254 173
255 173
256 172
257 171
258 170
259 170
260 169
261 168
262 168
263 167
264 166
265 166
266 165
267 164
268 164
269 163
270 163
271 162
272 162
273 161
274 161
275 160
276 160
277 159
278 159
279 159
280 158
281 158
282 158
283 157
284 157
285 157
286 157
287 157
288 156
289 156
290 156
291 156
292 156
293 156
294 156
295 156
296 156
297 156
298 156
299 156
300 156
301 156
302 156
303 156
304 156
305 156
306 156
307 156
308 157
309 157
310 157
311 157
312 157
313 158
314 158
315 158
316 158
317 159
318 159
319 159
320 160
321 160
322 160
323 160
324 161
325 161
326 161
327 161
328 162
329 162
330 162
331 162
332 162
333 163
334 163
335 163
336 163
337 163
338 163
339 163
340 163
341 163
342 163
343 163
344 163
345 162
346 162
347 162
348 162
349 161
350 161
351 160
352 160
353 160
354 159
355 158
356 158
357 157
358 157
359 156
360 155
361 155
362 154
363 153
364 152
365 151
366 151
367 150
368 149
369 148
370 147
371 147
372 146
373 145
374 144
375 144
376 143
377 142
378 142
379 141
380 140
381 140
382 139
383 139
384 139
385 138
386 138
387 138
388 137
389 137
390 137
391 137
392 137
393 137
394 137
395 137
396 137
397 137
398 137
399 138
400 138
401 138
402 138
403 139
404 139
405 140
406 140
407 141
408 141
409 142
410 143
411 144
412 144
413 145
414 146
415 147
416 148
417 149
418 149
419 150
420 151
421 152
422 153
423 154
424 155
425 156
426 157
427 158
428 159
429 160
430 161
431 162
432 163
433 164
434 165
435 166
436 167
437 168
438 169
439 170
440 171
441 171
442 172
443 173
444 173
445 174
446 175
447 175
448 176
449 176
450 177
451 177
452 178
453 178
454 178
455 179
456 179
457 179
458 179
459 179
460 180
461 180
462 180
463 180
464 180
465 180
466 180
467 179
468 179
469 179
470 179
471 179
472 179
473 178
474 178
475 178
476 177
477 177
478 177
479 176
480 176
481 175
482 175
483 174
484 174
485 173
486 173
487 172
488 172
489 171
490 170
491 170
492 169
493 168
494 168
495 167
496 167
497 166
498 165
499 165
500 164
501 163
502 163
503 162
504 161
505 161
506 160
507 160
508 159
509 158
510 158
511 157
512 157
513 156
514 156
515 155
516 155
517 154
518 154
519 154
520 153
521 153
522 153
523 152
524 152
525 152
526 152
527 152
528 151
529 151
530 151
531 151
532 151
533 152
534 152
535 152
536 152
537 152
538 153
539 153
540 153
541 154
542 154
543 155
544 155
545 156
546 157
547 157
548 158
549 158
550 159
551 160
552 160
553 161
554 161
555 162
556 162
557 163
558 163
559 164
560 164
561 164
562 165
563 165
564 165
565 165
566 166
567 166
568 166
569 166
570 166
571 166
572 166
