18 31
19 32
19 33
20 34
21 35
21 36
22 37
23 38
23 39
24 40
25 41
25 42
26 43
27 44
27 45
28 46
29 47
29 48
30 49
31 50
31 51
32 52
33 53
33 54
34 55
35 56
36 57
36 58
37 59
38 60
39 61
39 62
40 63
41 64
41 65
42 66
43 67
44 68
45 69
45 70
46 71
47 72
48 73
49 74
50 75
51 76
51 77
52 78
53 79
54 80
55 81
56 82
57 83
58 84
59 85
60 86
61 87
62 88
63 89
64 89
65 90
66 91
67 92
68 93
69 94
70 94
71 95
72 96
73 97
74 97
75 98
76 99
77 99
78 100
79 101
80 101
81 102
82 102
83 103
84 103
85 103
86 104
87 104
88 104
89 105
90 105
91 105
92 105
93 105
94 105
95 105
96 105
97 105
98 104
99 104
100 104
101 103
102 103
103 102
104 102
105 101
106 100
107 100
108 99
109 98
110 97
111 96
112 95
113 94
114 93
115 92
116 91
117 90
118 89
119 88
119 87
120 86
121 85
122 84
122 83
123 82
124 81
125 80
125 79
126 78
127 77
128 76
128 75
129 74
130 73
131 72
132 71
132 70
133 69
134 68
135 67
136 66
137 65
138 64
139 63
140 62
141 61
142 61
143 60
144 59
145 58
146 57
147 57
148 56
149 55
150 54
151 54
152 53
153 53
154 52
155 51
156 51
157 50
158 50
159 49
160 49
161 48
162 48
163 48
164 47
165 47
166 47
167 46
168 46
169 46
170 46
171 46
172 46
173 45
174 45
175 45
176 46
177 46
178 46
179 46
180 46
181 47
182 47
183 48
184 49
185 49
186 50
187 51
187 52
188 53
189 54
190 55
190 56
191 57
191 58
192 59
192 60
193 61
193 62
194 63
194 64
195 65
195 66
196 67
196 68
197 69
197 70
197 71
198 72
198 73
199 74
199 75
199 76
200 77
200 78
201 79
201 80
202 81
202 82
203 83
203 84
203 85
204 86
204 87
205 88
205 89
206 90
206 91
207 92
207 93
208 94
208 95
209 96
209 97
210 98
210 99
211 100
211 101
212 102
213 103
213 104
214 105
214 106
215 107
216 108
217 109
217 110
218 111
219 112
220 113
221 113
222 114
223 114
224 113
225 113
226 112
227 111
228 110
229 109
229 108
230 107
231 106
231 105
232 104
232 103
233 102
233 101
234 100
234 99
235 98
236 97
236 96
237 95
237 94
238 93
238 92
239 91
240 90
240 89
241 88
242 87
243 87
244 86
245 86
246 86
247 86
248 87
249 87
250 88
251 89
252 90
253 91
254 92
255 93
256 94
257 95
257 96
258 97
259 98
260 99
261 99
262 100
263 101
264 102
265 103
266 104
267 104
268 105
269 106
270 106
271 107
272 108
273 108
274 109
275 109
276 110
277 111
278 111
279 112
280 112
281 113
282 113
283 113
284 114
285 114
286 114
287 114
288 114
289 113
290 113
291 113
292 112
293 111
294 111
295 110
296 109
297 108
298 107
299 106
300 105
301 104
302 103
302 102
303 101
304 100
305 99
306 98
307 97
307 96
308 95
309 94
310 93
311 92
312 91
313 90
314 89
315 88
316 87
317 86
318 85
319 85
320 84
321 84
322 84
323 83
324 83
325 83
326 83
327 82
328 82
329 82
330 82
331 82
332 82
333 82
334 82
335 82
336 82
337 82
338 82
339 82
340 82
341 82
342 82
343 82
344 82
345 82
346 82
347 82
348 82
349 82
350 82
351 82
352 83
