38 2
39 2
40 3
41 4
42 5
43 6
44 7
45 8
46 9
47 10
48 11
49 12
50 13
51 14
52 15
53 16
54 17
55 18
56 19
57 20
58 21
59 22
59 23
60 24
61 25
62 26
63 27
64 28
64 29
65 30
66 31
67 32
68 33
68 34
69 35
70 36
71 37
71 38
72 39
73 40
73 41
74 42
75 43
76 44
76 45
77 46
78 47
78 48
79 49
80 50
81 51
81 52
82 53
83 54
83 55
84 56
85 57
85 58
86 59
87 60
88 61
88 62
89 63
90 64
90 65
91 66
92 67
92 68
93 69
94 70
95 71
95 72
96 73
97 74
97 75
98 76
99 77
100 78
101 79
101 80
102 81
103 82
104 83
105 84
105 85
106 86
107 87
108 88
109 89
110 90
111 91
112 92
113 93
114 94
115 95
116 96
117 97
118 97
119 98
120 99
121 99
122 100
123 101
124 101
125 102
126 102
127 103
128 103
129 104
130 104
131 105
132 105
133 106
134 106
135 106
136 107
137 107
138 108
139 108
140 109
141 109
142 109
143 110
144 110
145 111
146 111
147 112
148 112
149 113
150 113
151 114
152 115
153 115
154 116
155 116
156 117
157 118
158 118
159 119
160 120
161 120
162 121
163 122
164 123
165 123
166 124
167 125
168 126
169 126
170 127
171 128
172 129
173 130
174 131
175 131
176 132
177 133
178 134
179 135
180 136
181 137
182 138
183 138
184 139
185 140
186 141
187 142
188 143
189 144
190 145
191 146
192 147
193 148
194 149
195 150
196 151
197 152
198 153
199 154
200 155
201 156
202 157
202 158
203 159
204 160
205 161
206 162
207 163
208 164
209 165
209 166
