8 16
8 17
9 18
9 19
10 20
10 21
11 22
12 23
12 24
13 25
13 26
14 27
14 28
15 29
16 30
17 31
17 32
18 33
19 34
20 35
21 35
22 36
23 36
24 37
25 37
26 37
27 37
28 37
29 37
30 37
31 36
32 36
33 36
34 35
35 35
36 34
37 34
38 34
39 33
40 33
41 32
42 32
43 31
44 31
45 30
46 30
47 29
48 29
49 28
50 28
51 28
52 27
53 27
54 26
55 26
56 26
57 25
58 25
59 25
60 24
61 24
62 24
63 23
64 23
65 23
66 23
67 22
68 22
69 22
70 22
71 22
72 21
73 21
74 21
75 21
76 21
77 21
78 21
79 21
80 20
81 20
82 20
83 20
84 20
85 21
86 21
87 21
88 21
89 21
90 21
91 22
92 22
93 22
94 22
95 23
96 23
97 24
98 24
99 25
100 25
101 26
102 26
103 27
104 27
105 28
106 28
107 29
108 30
109 30
110 31
111 32
112 32
113 33
114 34
115 35
116 36
117 36
118 37
119 38
120 39
121 40
122 41
123 42
124 43
125 44
126 45
127 46
128 47
129 48
130 49
131 50
132 51
133 52
134 53
135 54
136 55
136 56
137 57
138 58
139 59
140 60
141 61
141 62
142 63
143 64
144 65
145 66
145 67
146 68
147 69
148 70
148 71
149 72
150 73
151 74
151 75
152 76
153 77
154 78
154 79
155 80
156 81
157 82
157 83
158 84
159 85
160 86
161 87
161 88
162 89
163 90
164 91
165 92
166 93
167 94
168 95
168 96
169 97
170 98
171 99
172 100
173 101
174 102
174 103
