11 46
12 47
13 48
14 49
15 50
15 51
16 52
17 53
18 54
19 55
20 56
20 57
21 58
22 59
23 60
24 61
24 62
25 63
26 64
27 65
28 66
28 67
29 68
30 69
31 70
31 71
32 72
33 73
33 74
34 75
35 76
35 77
36 78
37 79
37 80
38 81
39 82
39 83
40 84
41 85
41 86
42 87
43 88
43 89
44 90
45 91
45 92
46 93
47 94
48 95
48 96
49 97
50 98
51 99
51 100
52 101
53 102
54 103
55 104
56 105
57 106
58 107
59 108
60 109
61 109
62 110
63 111
64 111
65 112
66 112
67 112
68 113
69 113
70 113
71 113
72 113
73 113
74 113
75 112
76 112
77 112
78 111
79 111
80 110
81 109
82 109
83 108
84 107
85 107
86 106
87 105
88 104
89 103
90 102
91 101
92 100
93 100
94 99
95 98
96 97
97 97
98 96
99 95
100 95
101 94
102 94
103 93
104 93
105 92
106 92
107 92
108 91
109 91
110 91
111 91
112 91
113 91
114 90
115 90
116 90
117 90
118 90
119 90
120 90
121 91
122 91
123 91
124 91
125 91
126 92
127 92
128 92
129 92
130 93
131 93
132 93
133 94
134 94
135 95
136 95
137 95
138 96
139 96
140 97
141 97
142 97
143 98
144 98
145 98
146 99
147 99
148 99
149 99
150 100
151 100
152 100
153 100
154 101
155 101
156 101
157 101
158 101
159 102
160 102
161 102
162 102
163 102
164 103
165 103
166 103
167 103
168 104
169 104
170 104
171 105
172 105
173 105
174 106
175 106
176 107
177 107
178 108
179 108
180 109
181 109
182 110
183 110
184 111
185 111
186 112
187 112
188 113
189 113
190 113
191 114
192 114
193 115
194 115
195 116
196 116
197 116
198 117
199 117
200 117
201 117
202 118
203 118
204 118
205 118
206 119
207 119
208 119
209 119
210 119
211 119
212 119
213 119
214 119
215 118
216 118
217 118
218 117
219 117
220 116
221 115
222 115
223 114
224 113
225 112
226 111
227 110
228 109
229 108
230 107
231 106
232 105
233 104
233 103
234 102
235 101
236 100
237 99
237 98
238 97
239 96
240 95
241 94
241 93
242 92
243 91
244 90
245 89
245 88
246 87
247 86
248 85
249 84
250 83
250 82
251 81
252 80
253 79
254 78
255 77
256 77
257 76
258 75
259 74
260 73
261 73
262 72
263 71
264 71
265 70
266 70
267 69
268 69
269 69
270 68
271 68
272 68
273 67
274 67
275 67
276 66
277 66
278 66
279 66
280 66
281 65
282 65
283 65
284 65
285 65
286 64
287 64
288 64
289 64
290 63
291 63
292 63
293 63
294 62
295 62
296 62
297 62
298 62
299 61
300 61
301 61
302 61
303 61
304 61
305 62
306 62
307 62
308 62
309 62
310 63
311 63
312 64
313 64
314 64
315 65
316 65
317 66
318 67
319 67
320 68
321 69
322 70
323 70
324 71
325 72
326 73
326 74
327 75
328 76
329 77
330 78
330 79
331 80
332 81
333 82
333 83
334 84
335 85
336 86
336 87
337 88
338 89
339 90
340 91
341 92
342 93
343 94
344 95
345 95
346 96
347 96
348 97
349 97
350 97
351 97
352 96
353 96
354 95
355 94
356 93
357 92
358 91
359 90
360 89
361 88
362 87
363 86
364 85
365 84
366 83
367 82
368 81
369 81
370 80
371 79
372 78
373 77
374 76
375 76
376 75
377 74
378 73
379 72
380 71
381 70
381 69
382 68
383 67
384 66
385 65
385 64
386 63
387 62
