10 9
11 10
12 11
13 12
13 13
14 14
14 15
15 16
16 17
16 18
17 19
17 20
18 21
19 22
19 23
20 24
20 25
21 26
21 27
22 28
22 29
23 30
23 31
24 32
24 33
25 34
25 35
26 36
26 37
27 38
27 39
28 40
28 41
28 42
29 43
29 44
30 45
30 46
31 47
31 48
31 49
32 50
32 51
33 52
33 53
34 54
34 55
34 56
35 57
35 58
36 59
36 60
37 61
37 62
37 63
38 64
38 65
39 66
39 67
40 68
40 69
40 70
41 71
41 72
42 73
42 74
43 75
43 76
44 77
44 78
45 79
45 80
46 81
46 82
46 83
47 84
47 85
48 86
48 87
49 88
49 89
50 90
50 91
51 92
51 93
52 94
52 95
53 96
53 97
54 98
54 99
55 100
55 101
56 102
57 103
57 104
58 105
58 106
59 107
59 108
60 109
60 110
61 111
62 112
62 113
63 114
63 115
64 116
65 117
65 118
66 119
67 120
68 121
68 122
69 123
70 124
71 125
72 126
73 127
74 128
75 129
76 129
77 130
78 130
79 131
80 131
81 131
82 131
83 131
84 131
85 131
86 130
87 130
88 129
89 128
90 127
91 127
92 126
92 125
93 124
94 123
95 122
96 121
97 120
97 119
98 118
99 117
99 116
100 115
101 114
101 113
102 112
103 111
103 110
104 109
105 108
105 107
106 106
107 105
107 104
108 103
109 102
109 101
110 100
111 99
111 98
112 97
113 96
113 95
114 94
114 93
115 92
116 91
116 90
117 89
118 88
118 87
119 86
120 85
120 84
121 83
122 82
122 81
123 80
124 79
124 78
125 77
126 76
127 75
127 74
128 73
129 72
130 71
131 70
132 70
133 69
134 69
135 69
136 69
137 69
138 69
139 69
140 70
141 70
142 71
143 72
144 72
145 73
146 74
147 74
148 75
149 76
150 76
151 77
152 77
153 78
154 78
155 78
156 78
157 79
158 79
159 79
160 79
161 79
162 80
163 80
164 80
165 80
166 80
167 80
168 80
169 80
170 80
171 80
172 80
173 80
174 80
175 80
176 81
177 81
178 81
179 81
180 81
181 81
182 81
183 81
184 81
185 81
186 81
187 81
188 81
189 81
190 81
191 81
192 81
193 81
194 81
195 81
196 81
197 81
198 81
199 81
200 81
201 81
202 81
203 81
204 81
205 81
206 81
207 81
208 81
209 81
210 81
211 81
212 81
213 81
214 80
215 80
216 80
217 80
218 80
219 80
220 80
221 80
222 80
223 79
224 79
225 79
226 79
227 79
228 79
229 79
230 79
231 79
232 79
233 79
234 79
235 79
236 79
237 79
238 79
239 79
240 79
241 79
242 79
243 80
244 80
245 80
246 80
247 80
248 81
249 81
250 81
251 81
252 82
