32 9
33 10
34 11
35 12
36 13
37 14
38 15
38 16
39 17
40 18
41 19
42 20
43 21
44 22
44 23
45 24
46 25
47 26
48 27
49 28
49 29
50 30
51 31
52 32
53 33
54 34
54 35
55 36
56 37
57 38
57 39
58 40
59 41
59 42
60 43
61 44
62 45
62 46
63 47
64 48
64 49
65 50
66 51
66 52
67 53
68 54
68 55
69 56
69 57
70 58
71 59
71 60
72 61
72 62
73 63
74 64
74 65
75 66
75 67
76 68
77 69
77 70
78 71
78 72
79 73
79 74
80 75
80 76
81 77
82 78
82 79
83 80
83 81
84 82
84 83
85 84
85 85
86 86
86 87
87 88
88 89
88 90
89 91
89 92
90 93
90 94
91 95
91 96
92 97
93 98
93 99
94 100
94 101
95 102
96 103
96 104
97 105
98 106
99 107
100 108
101 109
102 110
103 111
104 111
105 111
106 112
107 112
108 112
109 112
110 111
111 111
112 111
113 111
114 111
115 111
116 110
117 110
118 110
119 110
120 110
121 110
122 110
123 110
124 111
125 111
126 111
127 112
128 112
129 113
130 113
131 114
132 115
133 116
134 116
135 117
136 118
137 119
138 120
139 121
140 122
141 122
142 123
143 124
144 125
145 125
146 126
147 126
148 126
149 126
150 126
151 126
152 125
153 124
154 123
155 122
156 121
157 120
158 119
158 118
159 117
160 116
160 115
161 114
162 113
162 112
163 111
163 110
164 109
165 108
165 107
166 106
166 105
167 104
168 103
168 102
169 101
170 100
171 99
171 98
172 97
173 96
174 95
175 94
175 93
176 92
177 91
178 90
179 89
180 89
181 88
182 87
183 86
184 85
185 85
186 84
187 83
188 83
189 82
190 82
191 81
192 81
193 81
194 80
195 80
196 79
197 79
198 79
199 79
200 78
201 78
202 78
203 78
204 78
205 78
206 78
207 78
208 78
209 78
210 78
211 78
212 78
213 78
214 78
215 78
216 78
217 79
218 79
219 79
220 79
221 80
222 80
223 80
224 81
225 81
226 82
227 82
228 83
229 83
230 84
231 84
232 85
233 85
234 86
235 86
236 87
237 88
238 88
239 89
240 90
241 90
242 91
243 92
244 92
245 93
246 94
247 94
248 95
249 96
250 97
251 97
252 98
253 99
254 100
255 100
256 101
257 102
258 103
259 103
260 104
261 105
262 106
263 107
264 107
265 108
266 109
267 110
268 110
269 111
270 112
271 112
272 113
273 114
274 114
275 115
276 115
277 116
278 117
279 117
280 117
281 118
282 118
283 118
284 119
285 119
286 119
287 119
288 119
289 120
290 120
291 120
292 120
293 120
294 119
295 119
296 119
297 119
298 119
299 119
300 119
301 118
302 118
303 118
304 117
305 117
306 117
307 116
308 116
309 115
310 115
311 114
312 114
313 113
314 113
315 112
316 112
317 111
318 111
319 110
320 110
321 109
322 109
323 108
324 108
325 107
326 107
327 107
328 106
329 106
330 105
331 105
332 105
333 104
334 104
335 104
336 104
337 103
338 103
339 103
340 103
341 103
342 103
343 103
344 103
345 103
346 103
347 103
348 103
349 103
350 103
351 103
352 103
353 104
354 104
355 104
356 105
357 105
358 105
359 106
360 106
361 107
362 107
363 108
364 109
365 110
366 110
367 111
368 112
369 113
370 114
371 114
372 115
373 116
374 117
375 118
376 119
377 120
378 121
378 122
379 123
380 124
381 125
382 126
383 127
384 128
385 129
386 130
387 131
387 132
388 133
389 134
390 135
391 136
392 137
393 138
394 139
395 140
396 141
397 142
398 143
399 143
400 144
401 145
402 146
403 147
404 147
405 148
406 149
407 150
408 150
409 151
410 151
411 152
412 152
413 153
414 153
415 154
416 154
417 154
418 154
419 154
420 154
421 153
422 153
423 152
424 152
425 151
426 150
427 150
428 149
429 148
430 147
431 146
432 145
433 144
434 143
435 142
