31 63
32 64
32 65
33 66
33 67
33 68
34 69
34 70
35 71
35 72
36 73
36 74
36 75
37 76
37 77
38 78
38 79
39 80
39 81
40 82
40 83
40 84
41 85
41 86
42 87
42 88
43 89
43 90
43 91
44 92
44 93
45 94
45 95
46 96
46 97
46 98
47 99
47 100
48 101
48 102
49 103
49 104
50 105
50 106
51 107
51 108
52 109
52 110
53 111
53 112
54 113
55 114
55 115
56 116
56 117
57 118
58 119
59 120
60 121
61 122
62 123
63 124
64 125
65 126
66 126
67 127
68 127
69 128
70 128
71 129
72 129
73 129
74 129
75 129
76 129
77 129
78 129
79 128
80 128
81 128
82 127
83 127
84 127
85 126
86 126
87 125
88 125
89 124
90 124
91 123
92 123
93 122
94 122
95 121
96 121
97 120
98 120
99 119
100 119
101 118
102 118
103 117
104 117
105 116
106 116
107 115
108 115
109 114
110 114
111 113
112 113
113 113
114 112
115 112
116 112
117 112
118 111
119 111
120 111
121 111
122 111
123 111
124 111
125 111
126 111
127 111
128 111
129 112
130 112
131 112
132 113
133 113
134 113
135 114
136 114
137 115
138 115
139 116
140 117
141 117
142 118
143 118
144 119
145 119
146 120
147 120
148 121
149 121
150 122
151 122
152 122
153 122
154 122
155 122
156 122
157 122
158 121
159 121
160 121
161 120
162 120
163 119
164 118
165 118
166 117
167 116
168 116
169 115
170 114
171 113
172 112
173 112
174 111
175 110
176 109
177 108
178 107
179 106
180 106
181 105
182 104
183 103
184 102
185 101
186 100
187 100
188 99
189 98
190 97
191 96
192 95
193 95
194 94
195 93
196 92
197 92
198 91
199 90
200 89
201 89
202 88
203 87
204 87
205 86
206 86
207 85
208 85
209 84
210 84
211 83
212 83
213 83
214 82
215 82
216 82
217 82
218 81
219 81
220 81
221 81
222 81
223 81
224 81
225 81
226 81
227 81
228 81
229 81
230 81
231 82
232 82
233 82
234 82
235 83
236 83
237 83
238 84
239 84
240 84
241 85
242 85
243 86
244 86
245 87
246 88
247 88
248 89
249 89
250 90
251 91
252 92
253 93
254 93
255 94
256 95
257 96
258 97
259 98
260 99
261 100
261 101
262 102
263 103
264 104
265 105
266 106
267 107
268 108
269 109
270 110
271 111
272 112
273 113
274 114
275 115
276 115
277 116
278 117
279 118
280 118
281 119
282 120
283 120
284 121
285 121
286 122
287 123
288 123
289 123
290 124
291 124
292 125
293 125
294 125
295 126
296 126
297 126
298 126
299 127
300 127
301 127
302 127
303 127
304 127
305 128
306 128
307 128
308 128
309 128
310 128
311 129
312 129
313 129
