12 45
13 45
14 46
14 47
15 48
16 49
17 50
18 51
19 52
19 53
20 54
21 55
22 56
23 57
24 58
24 59
25 60
26 61
27 62
28 63
28 64
29 65
30 66
31 67
32 68
32 69
33 70
34 71
35 72
36 73
37 74
37 75
38 76
39 77
40 78
41 79
42 80
42 81
43 82
44 83
45 84
46 85
47 86
48 87
49 88
50 89
51 90
52 91
53 92
54 93
55 94
56 95
57 95
58 96
59 97
60 97
61 98
62 99
63 99
64 100
65 100
66 100
67 101
68 101
69 101
70 101
71 101
72 101
73 101
74 102
75 101
76 101
77 101
78 101
79 101
80 101
81 101
82 101
83 101
84 101
85 101
86 101
87 101
88 101
89 100
90 100
91 100
92 100
93 100
94 100
95 100
96 100
97 100
98 100
99 100
100 100
101 100
102 100
103 100
104 100
105 100
106 100
107 100
108 100
109 99
110 99
111 99
112 99
113 99
114 99
115 98
116 98
117 98
118 98
119 98
120 97
121 97
122 97
123 97
124 96
125 96
126 96
127 96
128 95
129 95
130 95
131 95
132 95
133 95
134 94
135 94
136 94
137 94
138 94
139 94
140 94
141 95
142 95
143 95
144 95
145 96
146 96
147 97
148 98
149 98
150 99
151 100
152 101
153 102
154 103
155 104
155 105
156 106
157 107
157 108
158 109
159 110
159 111
160 112
160 113
161 114
161 115
162 116
163 117
163 118
164 119
165 120
165 121
166 122
167 123
168 124
169 125
170 126
171 126
172 127
173 127
174 128
175 128
176 128
177 129
178 129
179 129
180 129
181 129
182 130
183 130
184 130
185 130
186 130
187 130
188 130
189 131
190 131
191 131
192 131
193 131
194 132
195 132
196 132
197 132
198 132
199 133
200 133
201 133
202 133
203 134
204 134
205 134
206 134
207 135
208 135
209 135
210 135
211 136
212 136
213 136
214 137
215 137
216 137
217 137
218 138
219 138
220 138
221 139
222 139
223 139
224 139
225 140
226 140
227 140
228 140
229 140
230 141
231 141
232 141
233 141
234 141
235 141
236 141
237 142
238 142
239 142
240 142
241 142
242 142
243 141
244 141
245 141
246 141
247 141
248 141
249 141
250 141
251 141
252 140
253 140
254 140
255 140
256 140
257 140
258 140
259 139
260 139
261 139
262 139
263 139
264 139
265 139
266 139
267 138
268 138
269 138
270 138
271 138
272 138
273 138
274 138
275 138
276 138
277 138
278 138
279 138
280 138
281 137
282 137
283 137
284 137
285 137
286 137
287 137
288 137
289 137
290 136
291 136
292 136
293 136
294 136
295 135
296 135
297 135
298 135
299 134
300 134
301 134
302 134
303 133
304 133
305 133
306 133
307 132
308 132
309 132
310 132
311 132
312 131
313 131
314 131
315 131
316 131
317 130
318 130
319 130
320 130
321 130
322 130
323 130
324 130
325 130
326 130
327 130
328 130
329 130
330 130
331 130
332 130
333 130
334 130
335 130
336 130
337 131
338 131
339 131
340 131
341 131
342 131
343 131
344 131
345 131
346 131
347 131
348 132
349 132
350 132
351 132
352 132
353 132
354 132
355 132
356 132
357 132
358 132
359 132
360 132
361 132
362 132
363 132
364 132
365 132
366 132
367 132
368 132
369 132
370 132
371 132
372 133
373 133
374 133
375 133
376 134
377 134
378 134
379 135
380 135
381 136
382 136
383 137
384 137
385 138
386 139
387 139
388 140
389 141
390 141
391 142
392 143
393 143
394 144
395 144
396 145
397 145
398 146
399 146
400 146
401 147
402 147
403 147
404 147
405 147
406 147
407 148
408 147
409 147
410 147
411 147
412 147
413 147
414 146
415 146
416 146
417 146
418 145
419 145
420 145
421 145
422 144
423 144
424 144
425 143
426 143
427 143
428 143
429 143
430 142
431 142
432 142
433 142
434 142
435 142
436 142
437 142
438 142
439 142
440 142
441 142
442 142
443 142
444 142
445 142
446 142
447 142
448 142
449 142
450 142
451 142
452 142
453 142
454 142
455 142
456 142
457 142
458 142
459 142
460 142
461 142
462 142
463 142
464 142
465 142
466 142
467 142
468 142
469 141
470 141
471 141
472 141
473 141
474 141
475 141
476 140
477 140
478 140
479 140
480 140
481 140
482 140
483 140
484 140
485 140
486 140
487 140
488 140
489 140
490 140
491 140
492 140
493 140
494 140
495 140
496 140
497 140
498 140
499 141
500 141
501 141
502 141
503 142
504 142
505 142
506 142
507 143
508 143
509 143
510 144
511 144
512 144
513 145
514 145
515 146
516 146
517 147
518 147
519 148
520 148
521 149
522 149
523 150
524 150
525 151
526 151
527 152
528 152
529 153
530 153
531 154
532 154
533 155
534 155
535 155
536 156
537 156
538 156
539 156
540 157
541 157
542 157
543 157
544 157
545 157
546 157
547 157
548 157
549 156
550 156
551 156
552 156
553 155
554 154
555 154
556 153
557 152
558 151
559 150
559 149
560 148
561 147
561 146
562 145
562 144
563 143
563 142
564 141
564 140
565 139
565 138
566 137
566 136
567 135
567 134
568 133
568 132
568 131
569 130
569 129
570 128
570 127
571 126
571 125
572 124
572 123
573 122
573 121
574 120
575 119
575 118
576 117
577 116
577 115
578 114
579 113
580 113
581 113
582 113
583 113
584 113
585 113
586 114
587 115
588 116
589 117
590 118
591 119
591 120
