17 1
18 2
18 3
19 4
20 5
21 6
22 7
22 8
23 9
24 10
24 11
25 12
26 13
26 14
27 15
28 16
28 17
29 18
30 19
30 20
31 21
31 22
32 23
32 24
33 25
33 26
34 27
34 28
35 29
35 30
36 31
36 32
37 33
37 34
38 35
38 36
39 37
39 38
39 39
40 40
40 41
41 42
41 43
42 44
42 45
43 46
43 47
44 48
44 49
44 50
45 51
45 52
46 53
46 54
47 55
47 56
48 57
48 58
49 59
49 60
50 61
50 62
51 63
51 64
52 65
52 66
53 67
53 68
54 69
54 70
55 71
56 72
57 73
57 74
58 75
59 76
60 77
61 77
62 78
63 79
64 79
65 79
66 79
67 79
68 79
69 79
70 79
71 79
72 79
73 79
74 79
75 79
76 79
77 79
78 79
79 79
80 79
81 79
82 79
83 79
84 79
85 79
86 79
87 79
88 79
89 79
90 80
91 80
92 80
93 80
94 80
95 81
96 81
97 81
98 81
99 82
100 82
101 82
102 82
103 83
104 83
105 83
106 84
107 84
108 84
109 85
110 85
111 85
112 85
113 86
114 86
115 86
116 87
117 87
118 88
119 88
120 88
121 89
122 89
123 90
124 90
125 91
126 92
127 92
128 93
129 93
130 94
131 95
132 96
133 96
134 97
135 98
136 99
137 100
138 101
139 102
140 103
141 104
142 105
143 106
144 107
145 108
146 109
147 110
148 111
149 112
150 113
151 114
152 115
152 116
153 117
154 118
155 119
156 120
157 121
158 122
159 123
160 124
161 125
162 126
163 127
164 128
165 129
166 130
166 131
167 132
168 133
169 134
170 135
171 136
172 136
173 137
174 138
175 139
176 140
177 141
178 142
179 143
180 144
181 145
182 145
183 146
184 147
185 148
186 148
187 149
188 150
189 151
190 151
191 152
192 153
193 153
194 154
195 154
196 155
197 156
198 156
199 157
200 157
201 158
202 158
203 159
204 159
205 160
206 160
207 161
208 161
209 162
210 162
211 163
212 163
213 163
214 164
215 164
216 164
217 165
218 165
219 165
220 166
221 166
222 166
223 166
224 167
225 167
226 167
227 167
228 167
229 167
230 168
231 168
232 168
233 168
234 168
235 168
236 168
237 168
238 169
239 169
240 169
241 169
242 169
243 169
244 169
245 169
246 169
247 169
248 169
249 169
250 169
251 169
252 169
253 169
254 169
255 169
256 169
257 169
258 169
259 169
260 169
261 169
262 169
263 169
264 169
265 169
266 169
267 169
268 169
269 169
270 168
271 168
272 168
273 168
274 168
275 167
276 167
277 167
278 166
279 166
280 165
281 164
282 164
283 163
284 162
285 161
286 160
287 159
288 158
289 157
289 156
290 155
291 154
292 153
292 152
293 151
294 150
294 149
295 148
296 147
297 146
297 145
298 144
299 143
299 142
300 141
301 140
302 139
303 138
303 137
304 136
305 135
306 134
307 133
308 132
309 131
310 130
311 129
312 128
313 127
314 127
315 126
316 125
317 125
318 124
319 124
320 123
321 123
322 122
323 122
324 122
325 122
326 121
327 121
328 121
329 121
330 121
331 121
332 122
333 122
334 122
335 122
336 123
337 123
338 123
339 124
340 124
341 125
342 125
343 125
344 126
345 126
346 127
347 127
348 127
349 128
350 128
351 128
352 129
353 129
354 129
355 130
356 130
357 130
358 130
359 130
360 131
361 131
362 131
363 131
364 132
365 132
366 132
367 132
368 132
369 133
370 133
371 133
372 133
373 133
374 134
375 134
376 134
377 134
378 134
379 134
380 135
381 135
382 135
383 135
384 135
385 136
386 136
387 136
388 136
389 136
390 136
391 137
392 137
393 137
394 137
395 137
396 137
397 138
398 138
399 138
400 138
401 138
402 139
403 139
404 139
405 139
406 140
407 140
408 140
409 140
410 141
411 141
412 141
413 142
414 142
415 142
416 143
417 143
418 143
419 144
420 144
421 145
422 145
423 146
424 146
425 147
426 147
427 148
428 148
429 149
430 149
431 150
432 150
433 151
434 151
435 152
436 152
437 153
438 153
439 154
440 155
441 155
442 156
443 156
444 157
445 157
446 158
447 158
448 159
449 159
450 160
451 160
452 161
453 161
454 161
455 162
456 162
457 162
458 163
459 163
460 163
461 163
462 164
463 164
464 164
465 164
466 164
467 164
468 163
469 163
470 163
471 162
472 162
473 161
474 160
475 159
476 158
477 157
478 156
479 155
480 154
480 153
481 152
482 151
482 150
483 149
484 148
484 147
485 146
486 145
486 144
487 143
488 142
488 141
489 140
490 139
490 138
491 137
492 136
492 135
493 134
494 133
495 132
496 131
497 130
498 129
499 129
500 128
501 128
502 127
503 127
504 127
505 127
506 127
507 127
508 127
509 127
510 127
511 127
512 127
513 127
514 127
515 127
516 126
517 126
518 126
519 125
520 125
521 124
522 124
523 123
524 123
525 122
526 122
527 122
528 121
529 121
530 120
531 120
532 120
533 120
534 120
535 119
536 119
537 119
538 119
539 119
540 119
541 118
542 118
543 118
544 118
545 118
546 117
547 117
548 117
549 116
550 116
551 116
552 115
553 114
554 114
555 113
556 113
557 112
558 111
559 110
560 110
561 109
562 108
563 107
564 106
565 105
566 104
567 103
568 102
569 101
570 101
