12 86
13 86
14 87
15 88
16 89
17 90
18 91
19 92
20 93
21 93
22 94
23 95
24 96
25 96
26 97
27 98
28 98
29 99
30 99
31 100
32 100
33 100
34 100
35 101
36 101
37 101
38 101
39 100
40 100
41 100
42 100
43 99
44 99
45 99
46 98
47 98
48 97
49 97
50 97
51 96
52 96
53 95
54 95
55 94
56 94
57 93
58 93
59 92
60 92
61 91
62 91
63 90
64 89
65 89
66 88
67 88
68 87
69 87
70 86
71 86
72 85
73 85
74 84
75 83
76 83
77 82
78 82
79 81
80 81
81 80
82 80
83 79
84 78
85 78
86 77
87 77
88 76
89 76
90 75
91 75
92 74
93 73
94 73
95 72
96 72
97 71
98 71
99 70
100 70
101 69
102 69
103 68
104 68
105 67
106 67
107 66
108 66
109 65
110 65
111 64
112 64
113 63
114 63
115 63
116 62
117 62
118 61
119 61
120 60
121 60
122 60
123 59
124 59
125 58
126 58
127 58
128 57
129 57
130 57
131 56
132 56
133 56
134 55
135 55
136 55
137 55
138 54
139 54
140 54
141 54
142 54
143 53
144 53
145 53
146 53
147 53
148 53
149 53
150 53
151 53
152 52
153 52
154 52
155 52
156 52
157 52
158 52
159 52
160 52
161 53
162 53
163 53
164 53
165 53
166 53
167 53
168 53
169 54
170 54
171 54
172 54
173 55
174 55
175 55
176 55
177 56
178 56
179 57
180 57
181 58
182 58
183 59
184 60
185 60
186 61
187 62
188 63
189 64
190 65
190 66
191 67
192 68
193 69
193 70
194 71
194 72
195 73
196 74
196 75
197 76
197 77
198 78
198 79
199 80
199 81
200 82
200 83
201 84
201 85
201 86
202 87
202 88
203 89
203 90
204 91
204 92
205 93
205 94
205 95
206 96
206 97
207 98
207 99
208 100
208 101
209 102
209 103
210 104
210 105
211 106
211 107
212 108
212 109
213 110
213 111
214 112
215 113
215 114
216 115
217 116
217 117
218 118
219 119
220 120
221 121
222 122
223 123
224 124
225 125
226 126
227 126
228 127
229 127
230 128
231 128
232 129
233 129
234 129
235 129
236 129
237 130
238 130
239 130
240 130
241 130
242 130
243 129
244 129
245 129
246 129
247 129
248 129
249 128
250 128
251 128
252 127
253 127
254 127
255 126
256 126
257 126
258 125
259 125
260 124
261 124
262 123
263 123
264 122
265 122
266 121
267 120
268 120
269 119
270 119
271 118
272 117
273 117
274 116
275 116
276 115
277 114
278 114
279 113
280 112
281 111
282 111
283 110
284 109
285 109
286 108
287 107
288 107
289 106
290 105
