25 37
26 37
27 37
28 38
29 38
30 38
31 39
32 39
33 39
34 40
35 40
36 40
37 41
38 41
39 41
40 42
41 42
42 42
43 42
44 43
45 43
46 43
47 44
48 44
49 44
50 45
51 45
52 45
53 46
54 46
55 46
56 47
57 47
58 47
59 48
60 48
61 49
62 49
63 49
64 50
65 50
66 51
67 51
68 52
69 52
70 53
71 54
72 54
73 55
74 56
75 57
76 58
77 59
78 60
79 61
80 62
81 63
82 64
83 65
84 66
84 67
85 68
86 69
87 70
88 71
89 72
90 73
91 74
92 74
93 75
94 76
95 77
96 77
97 78
98 79
99 79
100 80
101 80
102 81
103 81
104 82
105 82
106 82
107 83
108 83
109 83
110 83
111 83
112 84
113 84
114 84
115 84
116 84
117 84
118 84
119 84
120 84
121 84
122 84
123 84
124 84
125 84
126 84
127 84
128 84
129 83
130 83
131 83
132 83
133 83
