11 11
12 11
13 11
14 12
15 12
16 13
17 13
18 14
19 14
20 15
21 15
22 16
23 17
24 17
25 18
26 19
27 19
28 20
29 21
30 21
31 22
32 22
33 23
34 24
35 24
36 25
37 26
38 26
39 27
40 27
41 28
42 29
43 29
44 30
45 31
46 31
47 32
48 33
49 34
50 34
51 35
52 36
53 37
54 37
55 38
56 39
57 39
58 40
59 41
60 41
61 42
62 43
63 43
64 44
65 45
66 45
67 46
68 46
69 46
70 47
71 47
72 48
73 48
74 48
75 49
76 49
77 49
78 50
79 50
80 51
81 51
82 52
83 52
84 53
85 53
86 54
87 54
88 55
89 56
90 57
91 57
92 58
93 59
94 60
95 61
96 62
97 63
98 64
99 65
100 66
101 67
102 68
103 69
104 70
104 71
105 72
106 73
107 74
108 75
109 76
110 77
111 78
112 79
113 80
114 81
115 82
116 83
117 83
118 84
119 84
120 85
121 85
122 85
123 86
124 86
125 86
126 86
127 86
128 86
129 85
130 85
131 85
132 85
133 84
134 84
135 84
136 84
137 83
138 83
139 82
140 82
141 81
142 81
143 80
144 79
145 79
146 78
147 77
148 77
