19 58
19 59
19 60
19 61
20 62
20 63
20 64
20 65
21 66
21 67
21 68
22 69
22 70
22 71
22 72
23 73
23 74
23 75
23 76
24 77
24 78
24 79
24 80
25 81
25 82
25 83
25 84
26 85
26 86
26 87
27 88
27 89
27 90
27 91
28 92
28 93
28 94
29 95
29 96
29 97
30 98
30 99
30 100
30 101
31 102
31 103
31 104
32 105
32 106
32 107
33 108
33 109
33 110
34 111
34 112
35 113
35 114
35 115
36 116
36 117
37 118
37 119
37 120
38 121
38 122
39 123
39 124
39 125
40 126
40 127
41 128
41 129
42 130
42 131
43 132
43 133
44 134
44 135
45 136
46 137
46 138
47 139
47 140
48 141
48 142
49 143
50 144
50 145
51 146
52 147
52 148
53 149
54 150
55 151
55 152
56 153
57 154
58 155
59 156
59 157
60 158
61 159
62 160
63 161
64 162
65 163
66 164
67 165
68 166
69 167
70 168
71 169
72 170
73 171
74 171
75 172
76 173
77 174
78 174
79 175
80 176
81 177
82 177
83 178
84 178
85 179
86 180
87 180
88 181
89 181
90 181
91 182
92 182
93 183
94 183
95 183
96 184
97 184
98 184
99 185
100 185
101 185
102 185
103 185
104 185
105 186
106 186
107 186
108 186
109 186
110 186
111 186
112 186
113 185
114 185
115 185
116 185
117 185
118 185
119 185
120 184
121 184
122 184
123 184
124 183
125 183
126 183
127 182
128 182
129 182
130 181
131 181
132 181
133 180
134 180
135 180
136 179
137 179
138 178
139 178
140 178
141 177
142 177
143 176
144 176
145 176
146 175
147 175
148 174
149 174
150 174
151 173
152 173
153 172
154 172
155 171
156 171
157 171
158 170
159 170
160 169
161 169
162 168
163 168
164 168
165 167
166 167
167 166
168 166
169 166
170 165
171 165
172 164
173 164
174 164
175 163
176 163
177 162
178 162
179 162
180 161
181 161
182 160
183 160
184 160
185 159
186 159
187 158
188 158
189 158
190 157
191 157
192 156
193 156
194 155
195 155
196 155
197 154
198 154
199 153
200 153
201 152
202 152
203 152
204 151
205 151
206 150
207 150
208 150
209 149
210 149
211 148
212 148
213 148
214 147
215 147
216 147
217 146
218 146
219 146
220 146
221 145
222 145
223 145
224 145
225 144
226 144
227 144
228 144
229 144
230 143
231 143
232 143
233 143
234 143
235 143
236 143
237 143
238 143
239 143
240 143
241 143
242 143
243 143
244 143
245 143
246 143
247 143
248 143
249 143
250 144
251 144
252 144
253 144
254 144
255 145
256 145
257 145
258 145
259 146
260 146
261 146
262 147
263 147
264 147
265 148
266 148
267 148
268 149
269 149
270 149
271 150
272 150
273 151
274 151
275 151
276 152
277 152
278 153
279 153
280 154
281 154
282 154
283 155
284 155
285 156
286 156
287 156
288 157
289 157
290 158
291 158
292 158
293 159
294 159
295 159
296 160
297 160
298 160
299 160
300 161
301 161
302 161
303 161
304 161
305 161
306 161
307 161
308 161
309 162
310 161
311 161
312 161
313 161
314 161
315 161
316 161
317 161
318 161
319 161
320 161
321 161
322 160
323 160
324 160
325 160
326 160
327 160
328 160
329 160
330 160
331 159
332 159
333 159
334 159
335 159
336 159
337 159
338 159
339 159
340 158
341 158
342 158
343 158
344 158
345 158
346 158
347 157
348 157
349 157
350 157
351 157
352 156
353 156
354 156
355 156
356 155
357 155
358 155
359 154
360 154
361 153
362 153
363 152
364 152
365 151
366 151
367 150
368 149
369 149
370 148
371 147
372 146
373 145
374 144
375 143
376 142
377 141
378 140
379 139
379 138
380 137
381 136
382 135
382 134
383 133
384 132
385 131
385 130
386 129
387 128
388 127
388 126
389 125
390 124
391 123
391 122
392 121
393 120
394 119
395 118
396 117
397 116
398 115
399 114
400 113
401 112
402 111
403 110
404 110
405 109
406 108
407 108
408 107
409 106
410 106
411 105
412 105
413 105
414 104
415 104
416 103
417 103
418 103
419 103
420 102
421 102
422 102
423 102
424 102
425 102
426 101
427 101
428 101
429 101
430 101
431 102
432 102
433 102
434 102
435 102
436 102
437 103
438 103
439 103
440 104
441 104
442 104
443 105
444 105
445 106
446 107
447 107
448 108
449 108
450 109
451 110
452 111
453 111
454 112
455 113
456 114
457 115
458 116
459 117
460 118
461 119
462 120
463 121
464 122
465 123
466 124
467 125
468 126
469 127
470 128
471 129
472 130
473 131
474 132
475 133
475 134
476 135
477 136
478 137
479 138
480 139
481 140
481 141
482 142
483 143
484 144
485 145
486 146
487 147
487 148
488 149
489 150
490 151
491 152
492 153
493 154
493 155
494 156
495 157
496 158
497 159
498 160
498 161
499 162
500 163
501 164
502 165
503 166
504 167
505 168
505 169
506 170
507 171
508 172
509 173
510 174
511 175
512 176
513 177
514 178
515 179
516 180
517 181
518 182
519 183
520 184
521 185
522 186
523 187
524 188
525 188
526 189
527 190
528 191
529 191
530 192
531 192
532 193
533 193
534 193
535 194
536 194
537 194
538 194
539 194
540 194
541 194
542 194
543 194
544 194
545 194
546 194
547 194
548 194
549 193
550 193
551 193
552 192
553 192
554 192
555 191
556 191
557 190
558 190
559 189
560 189
561 188
562 187
563 187
564 186
565 186
566 185
567 184
568 183
569 183
570 182
