14 60
15 60
16 60
17 61
18 61
19 61
20 61
21 62
22 62
23 62
24 62
25 62
26 62
27 63
28 63
29 63
30 63
31 63
32 63
33 63
34 63
35 63
36 63
37 63
38 63
39 63
40 63
41 63
42 63
43 63
44 63
45 63
46 63
47 63
48 63
49 63
50 63
51 63
52 63
53 63
54 63
55 63
56 63
57 63
58 63
59 63
60 63
61 63
62 63
63 63
64 63
65 63
66 63
67 63
68 63
69 63
70 64
71 64
72 64
73 64
74 64
75 64
76 64
77 65
78 65
79 65
80 65
81 65
82 66
83 66
84 66
85 66
86 67
87 67
88 67
89 68
90 68
91 68
92 68
93 69
94 69
95 69
96 70
97 70
98 70
99 71
100 71
101 72
102 72
103 72
104 73
105 73
106 73
107 74
108 74
109 75
110 75
111 75
112 76
113 76
114 77
115 77
116 78
117 78
118 79
119 79
120 79
121 80
122 80
123 81
124 81
125 82
126 82
127 83
128 83
129 84
130 84
131 85
132 85
133 86
134 86
135 87
136 87
137 88
138 88
139 89
140 89
141 90
142 90
143 91
144 91
145 92
146 92
147 93
148 93
149 94
150 94
151 95
152 95
153 96
154 97
155 97
156 98
157 98
158 99
159 99
160 100
161 100
162 101
163 101
164 102
165 103
166 103
167 104
168 104
169 105
170 105
171 106
172 106
173 107
174 108
175 108
176 109
177 109
178 110
179 111
180 111
181 112
182 113
183 113
184 114
185 114
186 115
187 116
188 117
189 117
190 118
191 119
192 119
193 120
194 121
195 121
196 122
197 123
198 124
199 125
200 125
201 126
202 127
203 128
204 128
205 129
206 130
207 131
208 132
209 133
210 133
211 134
212 135
213 136
214 137
215 138
216 139
217 139
218 140
219 141
220 142
221 143
222 144
