23 28
23 29
24 30
24 31
25 32
25 33
25 34
26 35
26 36
27 37
27 38
28 39
28 40
28 41
29 42
29 43
30 44
30 45
31 46
31 47
32 48
32 49
33 50
33 51
34 52
34 53
35 54
35 55
36 56
36 57
37 58
38 59
38 60
39 61
40 62
40 63
41 64
42 65
43 66
44 67
44 68
45 69
46 70
47 71
48 72
49 72
50 73
51 74
52 75
53 75
54 76
55 77
56 77
57 78
58 78
59 79
60 79
61 79
62 80
63 80
64 80
65 80
66 81
67 81
68 81
69 81
70 81
71 81
72 81
73 81
74 81
75 81
76 81
77 81
78 81
79 80
80 80
81 80
82 80
83 79
84 79
85 79
86 78
87 78
88 78
89 77
90 77
91 76
92 76
93 75
94 75
95 74
96 74
97 73
98 72
99 72
100 71
101 71
102 70
103 69
104 69
105 68
106 68
107 67
108 67
109 66
110 66
111 65
112 65
113 65
114 65
115 65
116 65
117 65
118 65
119 66
120 67
121 67
122 68
122 69
123 70
124 71
125 72
125 73
126 74
126 75
127 76
127 77
128 78
128 79
129 80
129 81
130 82
130 83
131 84
131 85
132 86
132 87
133 88
133 89
134 90
134 91
135 92
135 93
136 94
136 95
137 96
137 97
137 98
138 99
138 100
139 101
139 102
140 103
141 104
141 105
142 106
142 107
143 108
143 109
144 110
144 111
145 112
146 113
146 114
147 115
147 116
148 117
149 118
149 119
150 120
151 121
151 122
152 123
153 124
153 125
154 126
155 127
156 128
156 129
157 130
158 131
159 132
160 133
161 134
162 135
163 136
164 137
165 138
166 139
167 140
168 141
169 142
170 142
171 143
172 144
173 144
174 145
175 145
176 146
177 146
178 147
179 147
180 148
181 148
182 149
183 149
184 150
185 150
186 150
187 151
188 151
189 151
190 152
191 152
192 153
193 153
194 153
195 154
196 154
197 155
198 155
199 155
200 156
201 156
202 156
203 156
204 156
205 157
206 157
207 157
208 156
209 156
210 156
211 156
212 155
213 155
214 154
215 154
216 153
217 152
218 151
219 150
220 149
221 148
222 147
223 146
224 145
225 144
225 143
226 142
227 141
228 140
229 139
229 138
230 137
231 136
232 135
233 134
233 133
234 132
235 131
236 130
237 129
238 128
239 127
240 127
241 126
242 125
243 125
244 124
245 124
246 124
247 124
248 124
249 124
250 124
251 124
252 124
253 124
254 125
255 125
256 126
257 126
258 127
259 128
260 128
261 129
262 130
263 131
264 132
265 133
266 134
267 135
268 136
269 137
270 138
271 138
272 139
273 140
274 141
275 142
276 143
277 144
278 145
279 146
280 147
281 148
282 149
283 149
284 150
285 151
286 152
287 153
288 153
289 154
290 155
291 155
292 156
293 157
294 157
295 158
296 158
297 159
298 160
299 160
300 160
301 161
302 161
303 162
304 162
305 162
306 163
307 163
308 163
309 163
310 163
311 163
312 163
313 163
314 163
315 163
316 163
317 163
318 163
319 162
320 162
321 162
322 162
323 161
324 161
325 160
326 160
327 160
328 159
329 159
330 158
331 157
332 157
333 156
334 156
335 155
336 154
337 154
338 153
339 152
340 152
341 151
342 150
343 150
344 149
345 148
346 148
347 147
348 147
349 146
350 146
351 145
352 145
353 144
354 144
355 143
356 143
357 143
358 142
359 142
360 142
361 141
362 141
363 141
364 141
365 141
366 141
367 140
368 140
369 140
370 140
371 140
372 140
373 140
374 140
375 140
376 140
377 140
378 140
379 139
380 139
381 139
382 139
383 139
384 139
385 139
386 139
387 139
388 138
389 138
390 138
391 138
392 137
393 137
394 137
395 136
396 136
397 135
398 135
399 134
400 133
401 133
402 132
403 132
404 131
405 130
406 130
407 129
408 129
409 129
410 128
411 128
412 128
413 128
414 128
415 128
416 128
417 128
418 128
419 128
420 129
421 129
422 129
423 130
424 130
425 131
426 131
427 132
428 132
429 133
430 133
431 134
432 135
433 135
434 136
435 136
436 137
437 138
438 138
439 139
440 140
441 140
442 141
443 141
444 142
445 143
446 143
447 144
448 144
449 145
450 146
451 146
452 147
453 147
454 148
455 148
456 149
457 149
458 150
459 150
460 151
461 151
462 152
463 152
464 153
465 153
466 154
467 154
468 155
469 155
470 155
471 156
472 156
473 156
474 156
475 157
476 157
477 157
478 157
479 157
480 157
481 158
482 158
483 158
484 157
485 157
486 157
487 157
488 157
489 157
490 157
491 157
492 157
493 157
494 157
495 157
496 157
497 157
498 157
499 157
500 158
501 158
502 158
503 159
504 159
505 160
506 160
507 161
508 161
509 162
510 163
511 163
512 164
513 165
514 165
515 166
516 167
517 167
518 168
519 169
520 169
521 170
522 171
523 171
524 172
525 172
526 173
527 173
528 174
529 174
530 175
531 175
532 176
533 176
534 176
535 177
536 177
537 177
538 178
539 178
540 178
541 178
542 178
543 178
544 178
545 178
546 178
547 178
548 178
549 178
550 178
551 177
552 177
553 177
554 176
555 176
556 175
557 175
558 175
559 174
560 173
561 173
562 172
563 172
564 171
565 170
566 170
567 169
568 168
569 168
570 167
571 166
572 165
573 165
574 164
575 163
576 162
577 161
578 161
579 160
580 159
581 158
582 157
583 157
584 156
585 155
586 154
587 153
588 153
589 152
590 151
591 150
592 150
593 149
594 148
595 147
596 146
597 146
598 145
599 144
600 143
601 143
602 142
603 141
604 140
605 139
606 139
607 138
608 137
609 136
