23 2
24 3
25 4
25 5
26 6
27 7
27 8
28 9
28 10
29 11
29 12
30 13
30 14
31 15
32 16
32 17
33 18
33 19
34 20
35 21
35 22
36 23
36 24
37 25
37 26
38 27
39 28
39 29
40 30
41 31
41 32
42 33
43 34
43 35
44 36
45 37
45 38
46 39
47 40
48 41
48 42
49 43
50 44
51 45
51 46
52 47
53 48
54 49
55 50
56 51
57 52
58 53
59 54
60 55
61 55
62 56
63 57
64 57
65 58
66 58
67 59
68 59
69 59
70 59
71 60
72 60
73 60
74 60
75 60
76 60
77 60
78 60
79 60
80 60
81 60
82 60
83 60
84 60
85 60
86 59
87 59
88 59
89 59
90 59
91 59
92 59
93 59
94 59
95 59
96 59
97 59
98 59
99 59
100 59
101 59
102 59
103 59
104 60
105 60
106 60
107 60
108 60
109 60
110 60
111 61
112 61
113 61
114 61
115 62
116 62
117 62
118 62
119 63
120 63
121 63
122 63
123 64
124 64
125 64
126 65
127 65
128 65
129 66
130 66
131 67
132 67
133 67
134 68
135 68
136 69
137 69
138 70
139 70
140 71
141 72
142 72
143 73
144 74
145 74
146 75
147 76
148 77
149 78
150 79
151 80
152 81
153 82
154 83
155 84
156 85
157 86
158 87
159 88
160 89
161 90
162 91
162 92
163 93
164 94
165 95
166 96
167 97
168 98
169 99
170 100
170 101
171 102
172 103
173 104
174 105
174 106
175 107
176 108
177 109
178 110
179 111
179 112
180 113
181 114
182 115
183 115
184 116
185 117
186 118
187 118
188 119
189 119
190 119
191 119
192 119
193 119
194 118
195 118
196 117
197 116
198 115
199 115
200 114
201 113
202 112
203 111
204 110
205 109
206 108
207 107
208 106
209 105
210 104
211 103
212 102
213 101
214 100
215 99
216 98
217 98
218 97
219 96
220 96
221 95
222 95
223 95
224 94
225 94
226 94
227 94
228 94
229 95
230 95
231 95
232 95
233 96
234 96
235 97
236 97
237 97
238 98
239 98
240 99
241 99
242 99
243 99
244 100
245 100
246 100
247 100
248 100
249 100
250 100
251 100
252 100
253 100
254 100
255 100
256 100
257 100
258 100
259 100
260 99
261 99
262 99
263 99
264 98
265 98
266 98
267 98
268 98
269 97
270 97
271 97
272 97
273 97
274 97
275 97
276 96
277 96
278 96
279 96
280 97
281 97
282 97
283 97
284 97
285 97
286 98
287 98
288 98
289 98
290 99
291 99
292 100
293 100
294 100
295 101
296 101
297 101
298 102
299 102
300 103
301 103
302 103
303 104
304 104
305 104
306 104
307 105
308 105
309 105
310 106
311 106
312 106
313 106
314 107
315 107
316 107
317 107
318 107
319 108
320 108
321 108
322 108
323 108
324 108
325 109
326 109
327 109
328 109
329 109
330 109
331 109
