42 62
43 63
44 64
45 65
45 66
46 67
47 68
47 69
48 70
49 71
49 72
50 73
51 74
52 75
52 76
53 77
54 78
54 79
55 80
56 81
56 82
57 83
58 84
59 85
59 86
60 87
61 88
61 89
62 90
63 91
64 92
64 93
65 94
66 95
67 96
68 97
68 98
69 99
70 100
71 101
72 102
73 103
74 104
75 105
76 106
77 107
78 108
79 109
80 110
81 111
82 112
83 113
84 113
85 114
86 114
87 115
88 115
89 116
90 116
91 117
92 117
93 117
94 117
95 117
96 118
97 118
98 117
99 117
100 117
101 117
102 117
103 117
104 116
105 116
106 116
107 115
108 115
109 115
110 114
111 114
112 113
113 113
114 113
115 112
116 112
117 111
118 111
119 110
120 110
121 109
122 109
123 109
124 108
125 108
126 107
127 107
128 106
129 106
130 106
131 105
132 105
133 104
134 104
135 104
136 103
137 103
138 103
139 103
140 102
141 102
142 102
143 102
144 102
145 102
146 102
147 101
148 101
149 101
150 101
151 101
152 101
153 101
154 102
155 102
156 102
157 102
158 102
159 102
160 102
161 103
162 103
163 103
164 103
165 103
166 104
167 104
168 104
169 105
170 105
171 105
172 106
173 106
174 107
175 107
176 107
177 108
178 108
179 109
180 109
181 110
182 110
183 111
184 111
185 112
186 112
187 113
188 113
189 114
190 115
191 115
192 116
193 116
194 117
195 118
196 118
197 119
198 120
199 120
200 121
201 122
202 123
203 123
204 124
205 125
206 125
207 126
208 127
209 128
210 128
211 129
212 130
213 130
214 131
215 132
216 132
217 133
218 134
219 135
220 135
221 136
222 137
223 137
224 138
225 138
226 139
227 140
228 140
229 141
230 141
231 142
232 142
233 143
234 143
235 144
236 144
237 145
238 145
239 146
240 146
241 146
242 147
243 147
244 147
245 148
246 148
247 148
248 148
249 148
250 148
251 148
252 148
253 148
254 148
255 148
256 148
257 148
258 148
259 148
260 148
261 148
262 148
263 147
264 147
265 147
266 147
267 146
268 146
269 146
270 146
271 146
272 145
273 145
274 145
275 144
276 144
277 144
278 144
279 143
280 143
281 143
282 143
283 143
284 142
285 142
286 142
287 142
288 142
289 142
290 142
291 142
292 142
293 142
294 143
295 143
296 143
297 144
298 144
299 144
300 145
301 145
302 146
303 146
304 146
305 147
306 147
307 147
308 148
309 148
310 148
311 148
312 149
313 149
314 149
315 149
316 149
317 149
318 149
319 149
320 149
321 149
322 149
323 148
324 148
325 148
326 148
327 148
328 147
329 147
330 147
331 147
332 146
333 146
334 146
335 145
336 145
337 144
338 144
339 144
340 143
341 143
342 142
343 142
344 141
345 141
346 141
347 140
348 140
349 139
350 139
351 138
352 138
353 137
354 137
355 137
356 136
357 136
358 135
359 135
360 135
361 134
362 134
363 134
364 134
365 133
366 133
367 133
368 133
369 133
370 133
371 133
372 133
373 133
374 133
375 133
376 133
377 133
378 133
379 133
380 134
381 134
382 135
383 135
384 136
385 136
386 137
387 138
388 138
389 139
390 140
391 141
392 142
393 143
394 144
395 145
396 146
397 147
398 148
399 149
400 150
401 151
402 152
402 153
403 154
404 155
405 156
406 157
407 158
408 159
409 160
409 161
410 162
411 163
412 164
413 165
414 166
415 167
416 168
417 169
418 170
419 171
420 172
421 172
422 173
423 174
424 175
425 175
426 176
427 177
428 177
429 178
430 178
431 179
432 179
433 180
434 180
435 181
436 181
437 181
438 182
439 182
440 182
441 183
442 183
443 183
444 183
445 183
446 184
447 184
448 184
449 184
450 184
451 184
452 184
453 184
454 184
455 184
456 184
457 183
458 183
459 183
460 183
461 183
462 182
463 182
464 182
465 182
466 182
467 181
468 181
469 181
470 181
471 181
472 180
473 180
474 180
475 180
476 180
477 180
478 180
479 180
480 180
481 180
482 180
483 180
484 180
485 180
486 180
487 180
488 180
489 180
490 180
491 180
492 180
493 181
494 181
495 181
496 181
497 181
498 182
499 182
500 182
501 182
502 183
503 183
504 183
505 183
506 184
507 184
508 184
509 184
510 185
511 185
512 185
513 186
514 186
