20 22
21 23
22 24
23 24
24 25
25 26
26 27
27 28
28 29
29 29
30 30
31 31
32 32
33 33
34 33
35 34
36 35
37 36
38 36
39 37
40 38
41 38
42 39
43 40
44 40
45 41
46 42
47 42
48 43
49 43
50 44
51 45
52 45
53 46
54 46
55 47
56 47
57 48
58 49
59 49
60 50
61 51
62 52
63 52
64 53
65 54
66 55
67 56
68 57
69 58
70 59
71 60
72 61
73 62
74 63
75 63
76 64
77 65
78 66
79 66
80 67
81 67
82 68
83 69
84 69
85 70
86 70
87 71
88 71
89 72
90 72
91 72
92 73
93 73
94 74
95 74
96 74
97 74
98 75
99 75
100 75
101 75
102 76
103 76
104 76
105 76
106 76
107 77
108 77
109 77
110 77
