24 35
24 36
24 37
24 38
25 39
25 40
25 41
25 42
26 43
26 44
26 45
26 46
26 47
27 48
27 49
27 50
27 51
28 52
28 53
28 54
28 55
29 56
29 57
29 58
29 59
29 60
30 61
30 62
30 63
30 64
31 65
31 66
31 67
31 68
32 69
32 70
32 71
32 72
33 73
33 74
33 75
33 76
34 77
34 78
34 79
34 80
35 81
35 82
35 83
36 84
36 85
36 86
37 87
37 88
37 89
37 90
38 91
38 92
38 93
39 94
39 95
40 96
40 97
40 98
41 99
41 100
42 101
42 102
42 103
43 104
43 105
44 106
44 107
45 108
45 109
46 110
46 111
47 112
48 113
48 114
49 115
50 116
51 117
52 118
53 119
54 120
55 121
56 122
57 123
58 123
59 124
60 124
61 124
62 125
63 125
64 125
65 125
66 125
67 125
68 125
69 125
70 125
71 125
72 125
73 125
74 124
75 124
76 124
77 124
78 123
79 123
80 123
81 122
82 122
83 121
84 121
85 120
86 120
87 119
88 119
89 118
90 118
91 117
92 117
93 117
94 116
95 116
96 116
97 116
98 116
99 116
100 116
101 116
102 116
103 117
104 117
105 117
106 118
107 118
108 119
109 119
110 120
111 120
112 121
113 122
114 122
115 123
116 123
117 124
118 124
119 124
120 125
121 125
122 126
123 126
124 126
125 126
126 127
127 127
128 127
129 127
130 127
131 127
132 128
133 128
134 128
135 128
136 128
137 128
138 127
139 127
140 127
141 127
142 127
143 127
144 126
145 126
146 126
147 125
148 125
149 125
150 124
151 124
152 124
153 123
154 123
155 122
156 122
157 121
158 121
159 120
160 120
161 119
162 119
163 118
164 118
165 117
166 117
167 116
168 116
169 115
170 115
171 114
172 114
173 113
174 113
175 113
176 112
177 112
178 111
179 111
180 110
181 110
182 110
183 109
184 109
185 109
186 108
187 108
188 108
189 107
190 107
191 107
192 107
193 107
194 106
195 106
196 106
197 106
198 106
199 106
200 106
201 106
202 106
203 106
204 106
205 106
206 107
207 107
208 107
209 107
210 108
211 108
212 108
213 109
214 109
215 110
216 110
217 111
218 111
219 112
220 113
221 113
222 114
223 115
224 115
225 116
226 117
227 117
228 118
229 119
230 119
231 120
232 121
233 122
234 122
235 123
236 124
237 124
238 125
239 126
240 126
241 127
242 127
243 128
244 128
245 129
246 129
247 130
248 130
249 130
250 130
251 131
252 131
253 130
254 130
255 130
256 130
257 129
258 129
259 128
260 127
261 127
262 126
263 125
264 124
265 123
265 122
266 121
267 120
268 119
268 118
269 117
270 116
271 115
271 114
272 113
273 112
273 111
274 110
275 109
275 108
276 107
277 106
277 105
278 104
279 103
279 102
280 101
281 100
281 99
282 98
283 97
284 96
284 95
285 94
286 93
287 92
287 91
288 90
289 89
290 88
291 87
292 86
293 85
294 84
295 83
296 82
297 81
298 80
299 79
300 79
301 78
302 78
303 77
304 77
305 76
306 76
307 76
308 75
309 75
310 75
311 75
312 75
313 75
314 75
315 76
316 76
317 76
318 77
319 77
320 78
321 79
322 79
323 80
324 81
325 82
326 83
327 83
328 84
329 85
330 86
331 87
331 88
332 89
333 90
334 91
335 92
336 93
337 94
338 95
339 96
340 97
340 98
341 99
342 100
343 101
344 102
345 103
346 104
347 105
348 106
349 107
350 108
351 109
352 110
353 111
354 111
355 112
356 113
357 114
358 115
359 115
360 116
361 117
362 118
363 118
364 119
365 120
366 120
367 121
368 121
369 122
370 122
371 123
372 123
373 124
374 124
375 125
376 125
377 126
378 126
379 126
380 127
381 127
382 128
383 128
384 128
385 129
386 129
387 129
388 130
389 130
390 130
391 130
392 131
393 131
394 131
395 131
396 132
397 132
398 132
399 132
400 133
401 133
402 133
403 133
404 133
405 134
406 134
407 134
408 134
409 134
410 134
411 134
412 135
413 135
414 135
415 135
416 135
417 135
418 135
