8 52
9 53
10 54
11 55
11 56
12 57
12 58
13 59
14 60
14 61
15 62
16 63
16 64
17 65
18 66
19 67
19 68
20 69
21 70
22 71
23 72
24 73
25 74
26 75
27 76
28 77
29 78
29 79
30 80
31 81
32 82
33 83
33 84
34 85
35 86
36 87
36 88
37 89
38 90
38 91
39 92
40 93
41 94
41 95
42 96
43 97
44 98
45 99
45 100
46 101
47 102
48 103
49 104
50 105
51 106
52 107
52 108
53 109
54 110
55 111
56 112
57 113
58 114
59 115
60 116
61 117
62 118
63 119
64 120
65 121
66 122
67 123
68 124
69 125
70 126
71 127
72 128
73 128
74 129
75 130
76 130
77 131
78 131
79 132
80 132
81 132
82 133
83 133
84 133
85 133
86 133
87 133
88 133
89 133
90 133
91 133
92 133
93 132
94 132
95 132
96 132
97 131
98 131
99 131
100 130
101 130
102 129
103 129
104 129
105 128
106 127
107 127
108 126
109 125
110 125
111 124
112 123
113 122
114 121
115 120
116 119
117 118
118 117
119 116
120 115
120 114
121 113
122 112
123 111
123 110
124 109
125 108
126 107
127 106
127 105
128 104
129 103
129 102
130 101
131 100
132 99
132 98
133 97
134 96
135 95
135 94
136 93
137 92
138 91
138 90
139 89
140 88
141 87
142 86
142 85
143 84
144 83
145 82
146 81
147 80
148 79
149 78
150 77
151 76
152 75
153 75
154 74
155 73
156 73
157 72
158 72
159 71
160 71
161 71
162 71
163 70
164 70
165 70
166 70
167 70
168 70
169 70
170 70
171 70
172 70
173 70
174 70
175 70
176 70
177 70
178 70
179 70
180 71
181 71
182 71
183 71
184 71
185 71
186 72
187 72
188 72
189 73
190 73
191 74
192 74
193 75
194 75
195 76
196 76
197 77
198 78
199 78
200 79
201 80
202 81
203 81
204 82
205 83
206 84
207 85
208 86
209 87
209 88
210 89
211 90
212 91
213 92
214 93
214 94
215 95
216 96
217 97
217 98
218 99
219 100
220 101
220 102
221 103
222 104
223 105
223 106
224 107
225 108
225 109
226 110
227 111
228 112
228 113
229 114
230 115
231 116
232 117
232 118
233 119
234 120
235 121
236 122
237 123
238 124
239 124
240 125
241 126
242 126
243 126
244 127
245 127
246 127
247 127
248 127
249 127
250 127
251 126
252 126
253 126
254 125
255 125
256 124
257 124
258 124
259 123
260 123
261 122
262 122
263 121
264 121
265 120
266 120
267 119
268 119
269 118
270 118
271 117
272 117
273 116
274 116
275 115
276 115
277 114
278 113
279 113
280 112
281 112
282 111
283 111
284 110
285 110
286 109
287 109
288 108
289 108
290 107
291 107
292 106
293 106
294 105
295 105
296 104
297 104
298 103
299 103
300 102
301 102
302 101
303 101
304 100
305 100
306 99
307 99
308 98
309 98
310 98
311 97
312 97
313 96
314 96
315 96
316 95
317 95
318 95
319 94
320 94
321 94
322 94
323 94
324 94
325 94
326 94
327 94
328 94
329 94
330 94
331 95
332 95
333 95
334 96
335 96
336 97
337 97
338 98
339 99
340 99
341 100
342 101
343 102
344 103
345 103
346 104
347 105
348 106
349 107
350 108
351 108
352 109
353 110
354 110
355 111
356 111
357 112
358 112
359 112
360 112
361 113
362 113
363 113
364 113
365 113
366 112
367 112
368 112
369 112
370 111
371 111
372 111
373 110
374 110
375 110
376 109
377 108
378 108
379 107
380 107
381 106
382 105
383 104
384 104
385 103
386 102
387 101
388 100
389 99
390 98
390 97
391 96
392 95
393 94
394 93
394 92
395 91
396 90
396 89
397 88
398 87
399 86
399 85
400 84
401 83
402 82
