22 14
22 15
23 16
24 17
24 18
25 19
25 20
26 21
26 22
27 23
27 24
28 25
28 26
29 27
30 28
30 29
31 30
31 31
32 32
32 33
33 34
33 35
34 36
35 37
35 38
36 39
36 40
37 41
38 42
38 43
39 44
39 45
40 46
41 47
41 48
42 49
43 50
43 51
44 52
45 53
46 54
46 55
47 56
48 57
49 58
49 59
50 60
51 61
52 62
52 63
53 64
54 65
55 66
55 67
56 68
57 69
58 70
58 71
59 72
59 73
60 74
61 75
61 76
62 77
62 78
63 79
64 80
64 81
65 82
65 83
66 84
66 85
67 86
67 87
68 88
69 89
69 90
70 91
70 92
71 93
72 94
72 95
73 96
73 97
74 98
75 99
75 100
76 101
77 102
78 103
79 104
80 105
81 106
82 107
83 108
84 108
85 109
86 109
87 109
88 109
89 109
90 109
91 110
92 110
93 110
94 110
95 110
96 110
97 110
98 110
99 110
100 111
101 111
102 111
103 111
104 112
105 112
106 112
107 112
108 113
109 113
110 113
111 113
112 114
113 114
114 114
115 114
116 115
117 115
118 115
119 115
120 115
121 115
122 115
123 115
124 115
125 115
126 115
127 115
128 115
129 115
130 114
131 114
132 114
133 114
134 114
135 114
136 114
137 114
138 114
139 114
140 114
141 114
142 114
143 114
144 114
145 114
146 115
147 115
148 115
149 116
150 116
151 117
152 117
153 118
154 118
155 119
156 120
157 120
158 121
159 122
160 123
161 123
162 124
163 125
164 126
165 126
166 127
167 128
168 128
169 129
170 129
171 130
172 130
173 130
174 131
175 131
176 131
177 131
178 131
179 130
180 130
181 130
182 129
183 129
184 129
185 128
186 128
187 127
188 126
189 126
190 125
191 125
192 124
193 124
194 123
195 123
196 122
197 122
198 121
199 121
200 120
201 120
202 120
203 119
204 119
205 119
206 119
207 119
208 119
209 119
210 119
211 120
212 120
213 120
214 121
215 121
216 122
217 122
218 123
219 124
220 125
221 125
222 126
223 127
224 128
225 128
226 129
227 130
228 130
229 131
230 131
231 132
232 132
233 133
234 133
235 133
236 134
237 134
238 134
239 134
240 134
241 134
242 134
243 135
244 135
245 135
246 135
247 135
248 135
249 135
250 135
251 136
252 136
253 136
254 136
255 136
256 137
257 137
258 137
259 138
260 138
261 138
262 139
263 139
264 139
265 140
266 140
267 141
268 141
269 141
270 142
271 142
272 142
273 143
274 143
275 144
276 144
277 144
278 145
279 145
280 145
281 146
282 146
283 146
284 147
285 147
286 148
287 148
288 148
289 149
290 149
291 150
292 150
293 150
294 151
295 151
296 152
297 152
298 153
299 153
300 154
301 154
302 155
303 155
304 156
305 156
306 157
307 157
308 158
309 158
310 158
311 158
312 159
313 159
314 158
315 158
316 158
317 158
318 157
319 156
320 156
321 155
322 154
323 153
324 152
325 151
326 150
327 149
328 148
329 147
329 146
330 145
331 144
332 143
332 142
333 141
334 140
335 139
335 138
336 137
337 136
337 135
338 134
339 133
340 132
341 131
341 130
342 129
343 128
344 127
345 126
346 125
347 124
348 123
349 122
350 121
351 120
352 119
353 118
354 117
355 117
356 116
357 115
358 115
359 114
360 114
361 113
362 113
363 112
364 112
365 112
366 111
367 111
368 111
369 111
370 111
371 111
372 111
373 111
374 111
375 111
376 111
377 111
378 111
379 111
380 111
381 111
382 112
383 112
384 112
385 112
386 113
387 113
388 113
389 114
390 114
391 114
392 115
393 115
394 115
395 116
396 116
397 117
398 117
399 118
400 118
401 119
402 120
403 120
404 121
405 121
406 122
407 123
408 124
409 125
410 126
411 127
412 128
413 129
414 130
415 131
416 132
417 133
418 134
418 135
419 136
420 137
421 138
421 139
422 140
423 141
424 142
424 143
425 144
426 145
426 146
427 147
428 148
428 149
