17 38
18 37
19 37
20 37
21 37
22 37
23 37
24 37
25 36
26 36
27 36
28 36
29 36
30 36
31 36
32 35
33 35
34 35
35 35
36 35
37 35
38 35
39 35
40 35
41 35
42 35
43 35
44 35
45 35
46 35
47 35
48 35
49 36
50 36
51 36
52 36
53 37
54 37
55 37
56 38
57 39
58 39
59 40
60 40
61 41
62 42
63 43
64 44
65 45
66 46
67 47
68 48
69 49
69 50
70 51
71 52
72 53
72 54
73 55
74 56
75 57
75 58
76 59
77 60
78 61
78 62
79 63
80 64
81 65
82 66
83 67
84 68
85 68
86 69
87 69
88 69
89 70
90 70
91 70
92 70
93 70
94 70
95 69
96 69
97 69
98 69
99 69
100 68
101 68
102 68
103 68
104 68
105 68
106 68
107 68
108 68
109 68
110 68
111 68
112 68
113 68
114 68
115 68
116 68
117 68
118 68
119 68
120 68
121 68
122 68
123 68
124 69
125 69
126 69
127 69
128 69
129 70
130 70
131 70
132 71
133 71
134 72
135 72
136 73
137 73
138 74
139 74
140 75
141 75
142 76
143 76
144 77
145 77
146 78
147 79
148 79
149 80
150 80
151 81
152 81
153 82
154 82
155 83
156 83
157 84
158 84
159 85
160 85
161 86
162 86
163 86
164 87
165 87
166 87
167 87
168 87
169 87
170 87
171 87
172 87
173 86
174 85
175 85
176 84
177 83
178 82
179 81
180 80
181 79
