46 81
47 82
47 83
48 84
48 85
49 86
49 87
50 88
50 89
51 90
51 91
52 92
52 93
53 94
53 95
54 96
54 97
55 98
55 99
55 100
56 101
56 102
57 103
57 104
58 105
58 106
59 107
59 108
60 109
60 110
61 111
61 112
62 113
62 114
63 115
63 116
64 117
64 118
65 119
65 120
66 121
66 122
67 123
67 124
68 125
68 126
69 127
69 128
70 129
70 130
71 131
71 132
72 133
73 134
73 135
74 136
74 137
75 138
75 139
76 140
76 141
77 142
78 143
78 144
79 145
79 146
80 147
80 148
81 149
82 150
82 151
83 152
83 153
84 154
85 155
85 156
86 157
87 158
87 159
88 160
89 161
89 162
90 163
91 164
91 165
92 166
93 167
93 168
94 169
95 170
96 171
96 172
97 173
98 174
99 175
100 176
100 177
101 178
102 179
103 180
104 181
105 182
106 183
107 184
107 185
108 186
109 187
110 188
111 189
112 190
113 191
114 191
115 192
116 193
117 194
118 195
119 196
120 196
121 197
122 198
123 199
124 199
125 200
126 201
127 201
128 202
129 202
130 203
131 204
132 204
133 205
134 205
135 205
136 206
137 206
138 207
139 207
140 207
141 208
142 208
143 208
144 208
145 208
146 208
147 209
148 209
149 209
150 209
151 209
152 208
153 208
154 208
155 208
156 208
157 208
158 208
159 207
160 207
161 207
162 207
163 207
164 206
165 206
166 206
167 206
168 206
169 206
170 205
171 205
172 205
173 205
174 205
175 205
176 205
177 205
178 205
179 205
180 206
181 206
182 206
183 206
184 206
185 207
186 207
187 207
188 207
189 208
190 208
191 209
192 209
193 210
194 210
195 211
196 211
197 212
198 213
199 213
200 214
201 215
202 215
203 216
204 217
205 218
206 219
207 219
208 220
209 221
210 222
211 223
212 224
213 225
214 225
215 226
216 227
217 228
218 229
219 229
220 230
221 231
222 232
223 232
224 233
225 234
226 234
227 235
228 236
229 236
230 237
231 237
232 238
233 239
234 239
235 239
236 240
237 240
238 241
239 241
240 242
241 242
242 242
243 243
244 243
245 243
246 243
247 243
248 244
249 244
250 244
251 244
252 244
253 244
254 244
255 244
256 244
257 244
258 244
259 244
260 244
261 244
262 243
263 243
264 243
265 243
266 242
267 242
268 242
269 241
270 241
271 240
272 240
273 239
274 239
275 238
276 238
277 237
278 236
279 235
280 235
281 234
282 233
283 232
284 231
285 230
286 229
287 228
288 227
289 226
290 225
291 224
292 223
293 222
294 221
295 220
296 219
297 218
298 217
299 216
300 215
301 215
302 214
303 213
304 213
305 212
306 212
307 211
308 211
309 210
310 210
311 210
312 210
313 210
314 209
315 209
316 209
317 209
318 209
319 209
320 209
321 209
322 209
323 210
324 210
325 210
326 210
327 210
328 210
329 210
330 210
331 210
332 210
333 210
334 211
335 211
336 211
337 211
338 211
339 211
340 211
341 211
342 211
343 211
344 212
345 212
346 212
347 212
348 212
349 212
350 212
351 212
352 212
353 212
354 212
355 212
356 212
357 212
358 212
359 212
360 212
361 212
362 212
363 212
364 212
365 212
366 212
367 212
368 212
369 212
370 213
371 213
372 213
373 213
374 213
375 213
376 213
377 213
378 213
379 213
380 213
381 213
382 213
383 213
384 213
385 213
386 214
387 214
388 214
389 214
390 214
391 214
392 214
393 214
394 214
395 214
396 214
397 214
398 214
399 214
400 214
401 214
402 214
403 214
404 214
405 214
406 214
407 214
408 214
409 214
410 214
411 214
412 214
413 214
414 214
415 214
416 214
417 214
418 214
419 214
420 213
421 213
422 213
423 213
424 213
425 213
426 213
427 213
428 213
429 213
430 213
431 213
432 213
433 213
434 213
435 213
436 213
437 212
438 212
439 212
440 212
441 212
442 212
443 212
444 212
445 212
446 212
447 211
448 211
449 211
450 211
451 211
452 211
453 211
454 210
455 210
456 210
457 210
458 210
459 209
460 209
461 209
462 209
463 208
464 208
465 208
466 207
467 207
468 207
469 206
470 206
471 206
472 205
473 205
474 204
475 204
476 204
477 203
478 203
479 202
480 202
481 201
482 201
483 200
484 200
485 200
486 199
487 199
488 198
489 198
490 197
491 197
492 196
493 196
494 195
495 195
496 194
497 194
498 194
499 193
500 193
501 192
502 192
503 192
504 191
505 191
506 191
507 190
508 190
509 190
510 189
511 189
512 189
513 189
514 188
515 188
516 188
517 188
518 188
519 188
520 188
521 187
522 187
523 187
524 187
525 187
526 187
527 187
528 187
529 187
530 187
531 187
532 187
533 187
534 187
535 187
536 187
537 187
538 187
539 187
540 187
541 187
542 187
543 187
544 187
545 187
546 187
547 187
548 187
549 187
550 187
551 186
552 186
553 186
554 186
555 186
556 186
557 186
558 185
559 185
560 185
561 185
562 185
563 184
564 184
565 184
566 184
567 183
568 183
569 183
570 183
571 182
572 182
573 182
574 181
575 181
576 181
577 180
578 180
579 179
580 179
581 178
582 178
583 178
584 177
585 177
586 176
587 176
588 175
589 174
590 174
591 173
592 173
593 172
594 171
595 171
596 170
597 170
598 169
599 168
600 168
601 167
602 166
603 165
604 165
605 164
606 163
607 163
608 162
609 161
610 160
611 160
612 159
613 158
614 158
