31 40
32 41
32 42
33 43
33 44
33 45
34 46
34 47
35 48
35 49
36 50
36 51
37 52
37 53
37 54
38 55
38 56
39 57
39 58
40 59
40 60
41 61
41 62
41 63
42 64
42 65
43 66
43 67
44 68
44 69
45 70
45 71
45 72
46 73
46 74
47 75
47 76
48 77
48 78
49 79
49 80
49 81
50 82
50 83
51 84
51 85
52 86
52 87
53 88
53 89
53 90
54 91
54 92
55 93
55 94
56 95
56 96
56 97
57 98
57 99
58 100
58 101
59 102
59 103
60 104
60 105
60 106
61 107
61 108
62 109
62 110
63 111
63 112
63 113
64 114
64 115
65 116
65 117
66 118
66 119
67 120
67 121
67 122
68 123
68 124
69 125
69 126
70 127
70 128
71 129
71 130
72 131
72 132
73 133
73 134
74 135
75 136
75 137
76 138
76 139
77 140
78 141
78 142
79 143
80 144
81 145
82 146
83 147
84 148
85 149
86 150
87 150
88 151
89 151
90 152
91 152
92 152
93 152
94 153
95 153
96 153
97 153
98 153
99 153
100 153
101 153
102 153
103 153
104 152
105 152
106 152
107 152
108 152
109 151
110 151
111 151
112 150
113 150
114 150
115 149
116 149
117 149
118 148
119 148
120 147
121 147
122 146
123 146
124 145
125 145
126 144
127 144
128 143
129 143
130 142
131 142
132 141
133 141
134 140
135 139
136 139
137 138
138 137
139 137
140 136
141 135
142 135
143 134
144 133
145 133
146 132
147 132
148 131
149 130
150 130
151 129
152 128
153 128
154 127
155 126
156 126
157 125
158 124
159 124
160 123
161 122
162 122
163 121
164 121
165 120
166 120
167 119
168 118
169 118
170 117
171 117
172 116
173 116
174 115
175 115
176 115
177 114
178 114
179 113
180 113
181 112
182 112
183 111
184 111
185 111
186 110
187 110
188 109
189 109
190 109
191 108
192 108
193 108
194 107
195 107
196 106
197 106
198 106
199 105
200 105
201 105
202 105
