11 65
12 65
13 66
14 67
15 68
16 69
17 70
18 71
19 71
20 72
21 73
22 74
23 75
24 76
25 77
26 78
27 79
28 80
29 81
30 82
31 83
32 84
33 85
34 86
35 87
36 88
37 89
37 90
38 91
39 92
40 93
41 94
42 95
43 96
44 97
45 98
46 99
47 100
48 101
49 102
50 103
51 104
52 105
53 105
54 106
55 107
56 108
57 109
58 109
59 110
60 111
61 111
62 112
63 113
64 113
65 114
66 115
67 115
68 116
69 116
70 117
71 117
72 118
73 119
74 119
75 120
76 120
77 121
78 121
79 122
80 122
81 123
82 124
83 124
84 125
85 125
86 126
87 126
88 127
89 127
90 128
91 128
92 129
93 130
94 130
95 131
96 131
97 132
98 132
99 133
100 134
101 134
102 135
103 135
104 136
105 136
106 137
107 138
108 138
109 139
110 140
111 140
112 141
113 141
114 142
115 143
116 143
117 144
118 145
119 145
120 146
121 147
122 147
123 148
124 149
125 149
126 150
127 151
128 151
129 152
130 152
131 153
132 154
133 154
134 155
135 156
136 156
137 157
138 158
139 158
140 159
141 159
142 160
143 161
144 161
145 162
146 163
147 163
148 164
149 164
150 165
151 166
152 166
153 167
154 167
155 168
156 168
157 169
158 169
159 170
160 171
161 171
162 172
163 172
164 173
165 173
166 174
167 174
168 175
169 175
170 176
171 176
172 176
173 177
174 177
175 178
176 178
177 179
178 179
179 180
180 180
181 180
182 181
183 181
184 182
185 182
186 182
187 183
188 183
189 184
190 184
191 184
192 185
193 185
194 185
195 186
196 186
197 186
198 186
199 187
200 187
201 187
202 187
203 188
204 188
205 188
206 188
207 188
208 188
209 189
210 189
211 189
212 189
213 189
214 188
215 188
216 188
217 188
218 188
219 187
220 187
221 186
222 186
223 185
224 185
225 184
226 183
227 182
228 181
229 180
230 179
231 178
232 177
233 176
234 175
235 174
236 173
237 172
238 171
239 171
240 170
241 169
241 168
242 167
243 166
244 165
245 164
246 163
246 162
247 161
248 160
248 159
249 158
250 157
250 156
251 155
251 154
252 153
253 152
253 151
254 150
254 149
255 148
255 147
256 146
257 145
257 144
258 143
258 142
259 141
260 140
260 139
261 138
262 137
262 136
263 135
264 134
264 133
265 132
266 131
267 130
268 129
268 128
269 127
270 126
271 125
272 124
273 123
274 123
275 122
276 121
277 120
278 119
279 119
280 118
281 118
282 117
283 117
284 116
285 116
286 116
287 115
288 115
289 115
290 115
291 115
292 114
293 114
294 114
295 114
296 114
297 114
298 114
299 114
300 114
301 114
302 114
303 114
304 114
305 114
306 114
307 114
308 114
309 115
310 115
311 115
312 115
313 115
314 115
315 115
316 115
317 115
318 115
319 115
320 115
321 115
322 115
323 115
324 115
325 115
326 116
327 116
328 116
329 116
330 116
331 116
332 116
333 116
334 116
335 116
336 116
337 116
338 117
339 117
340 117
341 117
342 117
343 117
344 117
345 118
346 118
347 118
348 118
349 118
350 119
351 119
352 119
353 119
354 120
355 120
356 120
357 120
358 121
359 121
360 121
361 122
362 122
363 122
364 123
365 123
366 123
367 124
368 124
369 125
370 125
371 125
372 126
373 126
374 127
375 127
376 127
377 128
378 128
379 128
380 129
381 129
382 129
383 130
384 130
385 130
386 131
387 131
388 131
389 131
390 131
391 132
392 132
393 132
394 132
395 132
396 133
397 133
398 133
399 133
400 133
401 133
402 133
403 134
404 134
405 134
406 134
407 134
408 134
409 135
410 135
411 135
412 135
413 135
414 135
415 135
416 135
417 135
418 135
419 135
420 135
421 135
422 135
423 134
424 134
425 134
426 133
427 133
428 133
429 132
430 132
431 131
432 131
433 130
434 130
435 129
436 129
437 128
438 127
439 127
440 126
441 126
442 125
443 124
444 124
445 123
446 123
447 122
448 122
