13 29
14 29
15 30
16 31
17 31
18 32
19 33
20 34
21 35
22 35
23 36
24 37
25 38
26 39
27 40
28 41
29 42
30 43
31 44
32 45
33 46
33 47
34 48
35 49
36 50
37 51
38 52
39 53
40 54
41 55
42 56
43 57
44 58
45 59
46 60
47 61
48 61
49 62
50 63
51 63
52 64
53 64
54 65
55 65
56 66
57 66
58 66
59 67
60 67
61 67
62 68
63 68
64 68
65 68
66 68
67 69
68 69
69 69
70 69
71 69
72 69
73 69
74 70
75 70
76 70
77 70
78 70
79 70
80 70
81 70
82 70
83 70
84 70
85 70
86 71
87 71
88 71
89 71
90 71
91 71
92 71
93 71
94 71
95 71
96 72
97 72
98 72
99 72
100 72
101 72
102 73
103 73
104 73
105 73
106 73
107 74
108 74
109 74
110 74
111 75
112 75
113 75
114 75
115 76
116 76
117 76
118 77
119 77
120 77
121 78
122 78
123 78
124 79
125 79
126 79
127 80
128 80
129 80
130 81
131 81
132 81
133 82
134 82
135 82
136 82
137 83
138 83
139 83
140 83
141 84
142 84
143 84
144 84
145 84
146 85
147 85
148 85
149 85
150 85
151 85
152 86
153 86
154 86
155 86
156 86
157 86
158 86
159 86
160 87
161 87
162 87
163 87
164 87
165 87
166 87
167 87
168 87
169 87
170 88
171 88
172 88
173 88
174 88
175 88
176 88
177 88
178 88
179 88
180 88
181 89
182 89
183 89
184 89
185 89
186 89
187 89
188 89
189 89
190 90
191 90
192 90
193 90
194 90
195 90
196 90
197 91
198 91
199 91
200 91
201 91
202 91
203 91
204 92
205 92
206 92
207 92
208 92
209 92
210 93
211 93
212 93
213 93
214 93
215 94
216 94
217 94
218 94
219 94
220 95
221 95
222 95
223 95
224 95
225 96
226 96
227 96
228 96
229 97
230 97
231 97
232 97
233 98
234 98
235 98
236 98
237 98
238 99
239 99
240 99
241 99
242 100
243 100
244 100
245 100
246 101
247 101
248 101
249 101
250 102
251 102
252 102
253 102
254 103
255 103
256 103
257 103
258 104
259 104
260 104
261 104
262 105
263 105
264 105
265 105
266 105
267 106
268 106
269 106
270 106
271 107
272 107
273 107
274 107
275 108
276 108
277 108
278 108
279 108
280 109
281 109
282 109
283 109
284 109
285 110
286 110
287 110
288 110
289 110
290 110
291 111
292 111
293 111
294 111
295 111
296 111
297 111
298 111
299 111
300 111
301 111
302 111
303 111
304 111
305 111
306 111
307 111
308 111
309 111
310 110
311 110
312 110
313 110
314 109
315 109
316 109
317 108
318 108
319 108
320 107
321 107
322 107
323 106
324 106
325 105
326 105
327 104
328 104
329 103
330 103
331 102
332 101
333 101
334 100
335 99
336 99
337 98
338 97
339 96
340 96
341 95
342 94
343 93
344 92
345 92
346 91
347 90
348 89
349 88
350 87
351 86
352 86
353 85
354 84
355 83
356 82
357 82
358 81
359 80
360 80
361 79
362 78
363 78
364 77
365 77
366 76
367 76
368 76
369 75
370 75
371 75
372 75
373 74
374 74
375 74
376 74
377 74
378 74
379 74
380 74
381 74
382 75
383 75
384 75
385 75
386 75
387 76
388 76
389 76
390 76
391 77
392 77
393 77
394 78
395 78
396 79
397 79
398 79
399 80
400 80
401 81
402 81
403 82
404 82
405 83
406 83
407 84
408 84
409 85
410 85
411 86
412 86
413 87
414 87
415 88
416 88
417 89
418 89
419 90
420 90
421 91
422 91
423 92
424 92
425 93
426 93
427 94
428 95
429 95
430 95
431 96
432 96
433 97
434 97
435 98
436 98
437 99
438 99
439 99
440 100
441 100
442 101
443 101
444 101
445 102
446 102
447 102
448 103
449 103
450 104
451 104
452 104
453 105
454 105
455 105
456 106
457 106
458 106
459 107
460 107
461 107
462 108
463 108
464 108
465 109
466 109
467 109
468 110
469 110
470 111
471 111
472 111
473 112
474 112
475 113
476 113
477 114
478 114
479 114
480 115
481 115
482 116
483 116
484 117
485 117
486 118
487 119
488 119
489 120
490 120
491 121
492 121
493 122
494 123
495 123
496 124
497 124
498 125
499 126
500 126
501 127
502 128
503 128
504 129
505 130
506 130
507 131
508 132
509 132
510 133
511 134
512 135
513 135
514 136
515 137
516 138
517 138
518 139
519 140
520 141
521 142
522 142
523 143
524 144
525 145
526 146
527 146
528 147
529 148
530 149
531 150
532 151
533 151
534 152
535 153
536 154
537 155
538 156
539 157
540 157
541 158
542 159
543 160
544 161
545 162
546 162
547 163
548 164
549 165
550 165
551 166
552 167
553 168
554 168
555 169
556 170
557 170
558 171
559 172
560 172
561 173
562 174
563 174
564 175
565 175
566 176
567 176
568 177
569 177
570 177
571 178
572 178
573 178
574 179
575 179
576 179
577 179
578 180
579 180
580 180
581 180
582 180
583 180
584 180
585 180
586 180
587 180
588 179
589 179
590 179
591 179
592 178
593 178
594 177
595 177
596 176
597 176
598 175
599 175
600 174
601 173
602 173
603 172
604 171
605 170
606 169
607 169
608 168
609 167
610 166
611 165
612 165
613 164
614 163
615 162
616 161
617 160
618 159
619 159
620 158
621 157
622 156
623 155
624 154
625 153
626 152
627 152
628 151
629 150
630 149
631 148
632 147
633 146
634 146
635 145
636 144
637 143
638 142
639 141
640 140
641 139
642 139
