13 30
14 31
15 31
16 32
17 32
18 33
19 33
20 34
21 34
22 35
23 35
24 35
25 36
26 36
27 37
28 37
29 38
30 38
31 39
32 39
33 40
34 40
35 40
36 41
37 41
38 42
39 42
40 43
41 43
42 44
43 44
44 45
45 45
46 46
47 46
48 47
49 47
50 48
51 48
52 49
53 49
54 50
55 50
56 51
57 51
58 52
59 52
60 53
61 53
62 54
63 54
64 55
65 55
66 56
67 57
68 57
69 58
70 58
71 59
72 59
73 60
74 61
75 61
76 62
77 62
78 63
79 64
80 64
81 65
82 66
83 66
84 67
85 68
86 68
87 69
88 70
89 70
90 71
91 72
92 73
93 73
94 74
95 75
96 76
97 76
98 77
99 78
100 79
101 80
102 80
103 81
104 82
105 83
106 84
107 85
108 85
109 86
110 87
111 88
112 89
113 89
114 90
115 91
116 92
117 93
118 93
119 94
120 95
121 96
122 96
123 97
124 98
125 98
126 99
127 100
128 100
129 101
130 102
131 102
132 103
133 103
134 104
135 104
136 105
137 105
138 106
139 106
140 106
141 107
142 107
143 107
144 108
145 108
146 108
147 108
148 108
149 109
150 109
151 109
152 109
153 109
154 109
155 109
156 109
157 109
158 109
159 109
160 108
161 108
162 108
163 108
164 108
165 107
166 107
167 107
168 107
169 106
170 106
171 106
172 105
173 105
174 105
175 104
176 104
177 103
178 103
179 103
180 102
181 102
182 102
183 101
184 101
185 101
186 100
187 100
188 100
189 100
190 99
191 99
192 99
193 99
194 99
195 98
196 98
197 98
198 98
199 98
200 98
201 98
202 98
203 98
204 98
205 99
206 99
207 99
208 99
209 100
210 100
211 100
212 101
213 101
214 102
215 102
216 103
217 103
218 104
219 104
220 105
221 106
222 106
223 107
224 108
225 109
226 109
227 110
228 111
229 112
230 113
231 114
232 115
233 115
234 116
235 117
236 118
237 119
238 120
239 121
240 122
241 123
242 124
243 125
244 126
245 127
246 128
247 129
248 130
249 131
250 132
251 133
252 134
252 135
253 136
254 137
255 138
256 139
257 140
258 141
259 142
260 143
261 144
262 145
263 146
264 147
265 148
266 149
267 150
268 151
269 152
270 153
271 154
272 155
273 156
274 157
275 158
276 159
277 160
278 161
279 162
280 163
281 164
282 165
283 166
284 167
285 168
286 169
287 170
288 171
289 172
290 173
291 174
292 175
293 176
294 176
295 177
296 178
297 179
298 180
299 181
300 181
301 182
302 183
303 184
304 185
305 185
306 186
307 187
308 187
309 188
310 189
311 189
312 190
313 191
314 191
315 192
316 192
317 193
318 193
319 194
320 194
321 195
322 195
323 196
324 196
325 197
326 197
327 198
328 199
