36 74
37 74
38 75
39 75
40 75
41 76
42 76
43 76
44 77
45 77
46 77
47 78
48 78
49 79
50 79
51 79
52 80
53 80
54 81
55 81
56 82
57 82
58 83
59 83
60 84
61 85
62 85
63 86
64 87
65 88
66 88
67 89
68 90
69 91
70 92
71 93
72 94
73 95
74 96
75 97
76 98
77 99
78 100
79 101
80 102
81 103
82 104
83 105
84 106
85 107
86 108
87 109
88 110
89 111
90 112
91 113
92 114
93 115
94 116
95 117
96 118
97 119
98 120
99 121
100 122
101 122
102 123
103 124
104 125
105 126
106 126
107 127
108 128
109 128
110 129
111 130
112 130
113 131
114 131
115 132
116 132
117 132
118 133
119 133
120 133
121 133
122 133
123 133
124 133
125 133
126 133
127 133
128 132
129 132
130 131
131 131
132 130
133 130
134 129
135 129
136 128
137 128
138 127
139 127
140 126
141 126
142 126
143 126
144 126
145 126
146 126
147 126
148 126
149 126
150 127
151 127
152 128
153 129
154 130
155 131
155 132
156 133
157 134
157 135
158 136
159 137
159 138
160 139
161 140
161 141
162 142
162 143
163 144
163 145
164 146
165 147
165 148
166 149
167 150
167 151
168 152
168 153
169 154
170 155
170 156
171 157
172 158
173 159
173 160
174 161
175 162
176 163
177 164
178 165
179 166
180 167
181 168
182 169
183 170
184 171
185 171
186 172
187 173
188 173
189 174
190 174
191 175
192 175
193 175
194 176
195 176
196 176
197 177
198 177
199 177
200 177
201 177
202 177
203 177
204 177
205 177
206 177
207 177
208 177
209 177
210 177
211 177
212 177
213 177
214 177
215 177
216 177
217 176
218 176
219 176
220 176
221 176
222 175
223 175
224 175
225 175
226 175
227 174
228 174
229 174
230 173
231 173
232 173
233 172
234 172
235 172
236 171
237 171
238 171
239 170
240 170
241 169
242 169
243 169
244 168
245 168
246 167
247 167
248 166
249 166
250 165
251 165
252 164
253 164
254 163
255 163
256 162
257 162
258 161
259 161
260 160
261 160
262 159
263 159
264 158
265 158
266 157
267 157
268 156
269 156
270 155
271 155
272 154
273 153
274 153
275 152
276 152
277 151
278 151
279 150
280 150
281 149
282 149
283 148
284 148
285 147
286 147
287 146
288 146
289 145
290 145
291 144
292 144
293 143
294 143
295 143
296 142
297 142
298 141
299 141
300 140
301 140
302 139
303 139
304 138
305 138
306 137
307 137
308 136
309 136
310 135
311 135
312 134
313 134
314 133
315 133
316 132
317 132
318 131
319 131
320 130
321 130
322 130
323 129
324 129
325 128
326 128
327 127
328 127
329 127
330 126
331 126
332 126
333 125
334 125
335 125
336 125
337 125
338 124
339 124
340 124
341 124
342 124
343 124
344 124
345 124
346 124
347 124
348 124
349 124
350 124
351 124
352 125
353 125
354 125
355 125
356 126
357 126
358 127
359 127
360 127
361 128
362 128
363 129
364 129
365 130
366 131
367 131
368 132
369 133
370 133
371 134
372 135
373 136
374 137
375 137
376 138
377 139
378 140
379 141
380 142
380 143
381 144
382 145
383 146
384 147
385 148
385 149
386 150
387 151
388 152
389 153
389 154
390 155
391 156
392 157
392 158
393 159
394 160
395 161
396 162
397 163
398 164
399 165
400 166
401 166
402 167
403 167
404 167
405 167
406 167
407 166
408 166
409 165
410 164
411 163
412 162
413 162
414 161
415 160
416 159
417 158
418 157
419 157
420 156
421 155
422 155
423 155
424 154
425 154
426 154
427 153
428 153
429 153
430 153
431 153
432 152
433 152
434 152
435 152
436 152
437 152
438 151
439 151
440 151
441 151
442 151
443 151
444 150
445 150
446 150
447 150
448 149
449 149
450 149
451 148
452 148
453 148
454 148
455 147
456 147
457 147
458 147
459 147
460 147
461 146
462 146
463 146
464 146
465 146
466 146
467 146
468 146
469 146
470 146
471 146
472 146
473 147
474 147
475 147
476 147
477 147
478 148
479 148
480 148
481 148
482 148
483 149
484 149
485 149
486 149
487 149
488 150
489 150
490 150
491 150
492 150
493 150
494 150
495 150
496 150
497 150
498 150
499 150
500 150
501 149
502 149
503 149
504 148
505 148
506 148
507 147
508 147
509 146
510 146
511 145
512 144
513 144
514 143
515 142
516 141
517 140
518 139
519 138
520 137
521 136
521 135
522 134
523 133
524 132
525 131
525 130
526 129
527 128
527 127
528 126
529 125
530 124
530 123
531 122
532 121
532 120
533 119
534 118
534 117
535 116
536 115
537 114
537 113
538 112
539 111
540 110
541 109
542 108
542 107
543 106
544 106
545 105
546 104
547 103
548 102
549 102
550 101
551 101
552 100
553 100
554 100
555 99
556 99
557 99
558 99
559 99
560 99
561 99
562 99
563 99
564 99
565 99
566 99
567 100
568 100
569 100
570 100
571 100
572 101
573 101
574 101
575 101
576 102
577 102
578 102
579 103
