46 24
47 25
48 26
48 27
49 28
50 29
50 30
51 31
51 32
52 33
53 34
53 35
54 36
55 37
55 38
56 39
56 40
57 41
58 42
58 43
59 44
60 45
60 46
61 47
62 48
62 49
63 50
64 51
64 52
65 53
66 54
66 55
67 56
68 57
68 58
69 59
70 60
71 61
71 62
72 63
73 64
73 65
74 66
75 67
76 68
77 69
77 70
78 71
79 72
80 73
81 74
82 75
83 76
84 77
85 78
86 79
87 80
88 81
89 82
90 83
91 84
92 85
93 86
94 87
95 87
96 88
97 89
98 90
99 90
100 91
101 92
102 92
103 93
104 94
105 94
106 95
107 96
108 96
109 97
110 97
111 98
112 99
113 99
114 100
115 100
116 101
117 101
118 102
119 102
120 103
121 103
122 104
123 104
124 105
125 105
126 106
127 106
128 107
129 107
130 108
131 108
132 109
133 109
134 109
135 110
136 110
137 111
138 111
139 112
140 112
141 113
142 113
143 114
144 114
145 115
146 115
147 116
148 116
149 117
150 118
151 118
152 119
153 119
154 120
155 120
156 121
157 122
158 122
159 123
160 124
161 124
162 125
163 126
164 127
165 127
166 128
167 129
168 130
169 131
170 132
171 133
172 134
173 135
174 136
175 137
176 138
177 139
178 140
179 141
179 142
180 143
181 144
182 145
183 146
184 147
185 148
186 149
187 150
187 151
188 152
189 152
190 153
191 154
192 155
193 156
194 157
195 157
196 158
197 158
198 159
199 159
200 160
201 160
202 160
203 160
204 161
205 161
206 161
207 161
208 161
209 161
210 161
211 161
212 161
213 161
214 161
215 161
216 161
217 161
218 161
219 160
220 160
221 160
222 160
223 160
224 160
225 160
