12 43
13 43
14 43
15 43
16 44
17 44
18 45
19 45
20 45
21 46
22 46
23 46
24 47
25 47
26 48
27 48
28 49
29 49
30 49
31 50
32 51
33 51
34 52
35 52
36 53
37 53
38 54
39 54
40 55
41 56
42 56
43 57
44 58
45 59
46 59
47 60
48 61
49 62
50 63
51 64
52 65
53 66
54 67
55 68
56 69
57 70
58 71
59 72
60 73
61 74
61 75
62 76
63 77
64 78
65 79
65 80
66 81
67 82
68 83
68 84
69 85
70 86
71 87
71 88
72 89
73 90
73 91
74 92
75 93
75 94
76 95
77 96
77 97
78 98
79 99
79 100
80 101
81 102
81 103
82 104
82 105
83 106
84 107
84 108
85 109
85 110
86 111
87 112
87 113
88 114
88 115
89 116
89 117
90 118
91 119
91 120
92 121
92 122
93 123
93 124
94 125
94 126
95 127
95 128
96 129
96 130
97 131
98 132
98 133
99 134
99 135
100 136
100 137
101 138
101 139
102 140
102 141
103 142
103 143
104 144
104 145
105 146
105 147
106 148
106 149
107 150
107 151
108 152
108 153
109 154
110 155
110 156
111 157
111 158
112 159
112 160
113 161
114 162
114 163
115 164
116 165
116 166
117 167
118 168
118 169
119 170
120 171
121 172
122 173
122 174
123 175
124 176
125 177
126 178
127 178
128 179
129 180
130 181
131 181
132 182
133 183
134 183
135 184
136 184
137 184
138 185
139 185
140 185
141 185
142 185
143 185
144 185
145 185
146 185
147 185
148 184
149 184
150 184
151 183
152 183
153 182
154 181
155 181
156 180
157 179
158 178
159 178
160 177
161 176
162 175
163 174
164 173
165 172
166 171
167 171
168 170
169 169
170 168
171 167
172 167
173 166
174 165
175 165
176 164
177 163
178 163
179 162
180 162
181 161
182 161
183 161
184 160
185 160
186 160
187 159
188 159
189 159
190 159
191 158
192 158
193 158
194 158
195 158
196 158
197 158
198 158
199 158
200 158
201 158
202 158
203 158
204 158
205 159
206 159
207 159
208 159
209 159
210 160
211 160
212 160
213 160
214 161
215 161
216 161
217 162
218 162
219 162
220 163
221 163
222 163
223 164
224 164
225 165
226 165
227 166
228 166
229 166
230 167
231 167
232 168
233 168
234 169
235 169
236 170
237 170
238 171
239 172
240 172
241 173
242 173
243 174
244 174
245 175
246 175
247 176
248 176
249 176
250 177
251 177
252 178
253 178
254 178
255 179
256 179
257 179
258 180
259 180
260 180
261 180
262 180
263 180
264 181
265 181
266 181
267 180
268 180
269 180
270 180
271 180
272 179
273 179
274 179
275 179
276 178
277 178
278 178
279 177
280 177
281 177
282 176
283 176
284 176
285 176
286 176
287 176
288 176
289 176
290 176
291 176
292 176
293 176
294 176
295 176
296 177
297 177
298 177
299 177
300 178
301 178
302 178
303 179
304 179
305 180
306 180
307 180
308 181
309 181
310 181
311 182
312 182
313 182
314 182
315 183
316 183
317 183
318 183
319 183
320 183
321 183
322 183
323 183
324 183
325 183
326 183
327 182
328 182
329 182
330 182
331 181
332 181
333 180
334 180
335 179
336 179
337 178
338 178
339 177
340 177
341 176
342 175
343 175
344 174
345 173
346 172
347 172
348 171
349 170
350 169
351 168
352 168
353 167
354 166
355 166
356 165
357 164
358 163
359 163
360 162
361 162
362 161
363 160
364 160
365 159
366 159
367 159
368 158
369 158
370 158
371 157
372 157
373 157
374 156
375 156
376 156
377 156
378 155
379 155
380 155
381 155
382 155
383 154
384 154
385 154
386 154
387 153
388 153
389 153
390 152
391 152
392 152
393 151
394 151
395 150
396 150
397 149
398 149
399 148
400 148
401 147
402 147
403 146
404 146
405 145
406 144
407 144
408 143
409 142
410 142
411 141
412 140
413 140
414 139
415 138
416 137
417 137
418 136
419 135
420 134
421 134
422 133
423 132
424 132
425 131
426 130
427 129
428 129
429 128
430 127
431 127
432 126
433 125
434 125
435 124
436 123
437 123
438 122
439 121
440 121
441 120
442 120
443 119
444 118
445 118
446 117
447 116
448 116
449 115
450 115
451 114
452 114
453 113
454 113
455 112
456 112
457 112
458 111
459 111
460 111
461 110
462 110
463 110
464 109
465 109
466 109
467 109
468 109
469 108
470 108
471 108
472 108
473 108
474 108
475 108
476 108
477 108
478 108
479 108
480 108
481 108
482 108
483 108
484 108
485 108
486 108
487 108
488 109
489 109
490 109
491 109
492 109
493 109
494 110
495 110
496 110
497 110
498 111
499 111
500 111
501 111
502 112
503 112
504 112
505 113
506 113
507 113
508 114
509 114
510 114
511 115
512 115
513 115
514 116
515 116
516 117
517 117
518 117
519 118
520 118
521 119
522 119
523 119
524 120
525 120
526 121
527 121
528 121
529 122
530 122
531 122
532 123
533 123
534 123
535 124
536 124
537 124
538 125
539 125
540 125
541 126
542 126
543 126
544 127
545 127
546 127
547 128
548 128
549 128
550 129
551 129
552 129
553 130
554 130
555 130
556 131
557 131
558 132
559 132
560 133
561 134
562 134
563 135
564 136
565 136
566 137
567 138
568 139
569 139
570 140
571 141
572 142
573 143
574 144
575 145
576 146
577 147
578 148
579 149
579 150
580 151
581 152
582 153
583 154
584 155
584 156
585 157
586 158
587 159
588 160
589 161
589 162
590 163
591 164
592 165
592 166
593 167
594 168
595 169
595 170
