34 80
35 80
36 80
37 81
38 81
39 81
40 81
41 82
42 82
43 82
44 83
45 83
46 83
47 83
48 84
49 84
50 84
51 85
52 85
53 86
54 86
55 86
56 87
57 87
58 88
59 88
60 89
61 89
62 90
63 90
64 91
65 91
66 92
67 92
68 93
69 93
70 94
71 94
72 95
73 95
74 96
75 96
76 97
77 97
78 97
79 98
80 98
81 99
82 99
83 99
84 100
85 100
86 100
87 100
88 101
89 101
90 101
91 101
92 102
93 102
94 102
95 102
96 102
97 102
98 103
99 103
100 103
101 103
102 103
103 103
104 103
105 104
106 104
107 104
108 104
109 104
110 104
111 104
112 104
113 105
114 105
115 105
116 105
117 105
118 105
119 106
120 106
121 106
122 106
123 106
124 107
125 107
126 107
127 107
128 108
129 108
130 108
131 108
132 109
133 109
134 109
135 110
136 110
137 110
138 111
139 111
140 111
141 112
142 112
143 113
144 113
145 113
146 114
147 114
148 115
149 115
150 116
151 116
152 117
153 117
154 118
155 119
156 119
157 120
158 121
159 121
160 122
161 122
162 123
163 124
164 125
165 125
166 126
167 127
168 127
169 128
170 129
171 130
172 131
173 131
174 132
175 133
176 134
177 135
178 135
179 136
180 137
181 138
182 139
183 140
184 141
185 142
186 143
187 143
188 144
189 145
190 146
191 147
192 148
193 149
194 150
195 151
196 152
196 153
197 154
198 155
199 156
200 157
201 158
202 159
203 160
204 161
205 162
206 163
206 164
207 165
208 166
209 167
210 168
211 169
212 170
213 171
214 172
215 173
215 174
216 175
217 176
218 177
219 178
220 179
221 180
222 181
223 182
224 183
225 184
226 185
227 186
228 187
229 188
230 189
231 190
232 191
233 192
234 193
235 194
236 195
237 196
238 196
239 197
240 198
241 199
242 200
243 200
244 201
245 202
246 203
247 203
248 204
249 205
250 205
251 206
252 207
253 207
254 208
255 208
256 209
257 209
258 210
259 210
260 211
261 211
262 212
263 212
264 213
265 213
266 213
267 214
268 214
269 214
270 215
271 215
272 215
273 215
274 215
275 216
276 216
277 216
278 216
279 216
280 216
281 216
282 216
283 216
284 216
285 216
286 215
287 215
288 215
289 215
290 215
291 214
292 214
293 214
294 213
295 213
296 213
297 213
298 212
299 212
300 212
301 211
302 211
303 211
304 210
305 210
306 210
307 209
308 209
309 209
310 208
311 208
312 208
313 207
314 207
315 207
316 206
317 206
318 206
319 206
320 205
321 205
322 205
323 205
324 204
325 204
326 204
327 204
328 204
329 203
330 203
331 203
332 203
333 203
334 202
335 202
336 202
337 202
338 202
339 202
340 202
341 202
342 201
343 201
344 201
345 201
346 201
347 201
348 201
349 201
350 200
351 200
352 200
353 200
354 200
355 200
356 200
357 199
358 199
359 199
360 199
361 199
362 198
363 198
364 198
365 198
366 197
367 197
368 197
369 196
370 196
371 196
372 195
373 195
374 194
375 194
376 193
377 193
378 192
379 192
380 191
381 191
382 190
383 190
384 189
385 188
386 188
387 187
388 187
389 186
390 185
391 185
392 184
393 183
394 183
395 182
396 181
397 181
398 180
399 179
400 179
401 178
402 177
403 177
404 176
405 175
406 175
407 174
408 174
409 173
410 173
411 172
412 172
413 171
414 171
415 170
416 170
417 169
418 169
419 169
420 168
421 168
422 168
423 167
424 167
425 167
426 167
427 167
428 166
429 166
430 166
431 166
432 166
433 166
434 166
435 166
436 166
437 166
438 166
439 167
440 167
441 167
442 167
443 167
444 168
445 168
446 168
447 169
448 169
449 170
450 170
451 170
452 171
453 171
454 172
455 172
456 173
457 173
458 174
459 174
460 175
461 176
462 176
463 177
464 177
465 178
466 178
467 179
468 180
469 180
470 181
471 181
472 182
473 182
474 183
475 184
476 184
477 185
478 185
479 186
480 186
481 187
482 187
483 188
484 188
485 188
486 189
487 189
488 190
489 190
490 191
491 191
492 191
493 192
494 192
495 192
496 193
497 193
498 193
499 194
500 194
501 194
502 195
503 195
504 195
505 195
506 196
507 196
508 196
509 196
510 197
511 197
512 197
513 197
514 197
515 198
516 198
517 198
518 198
519 198
520 199
521 199
522 199
523 199
524 199
525 200
526 200
527 200
528 200
529 200
530 201
531 201
532 201
533 201
534 202
535 202
536 202
537 202
538 203
539 203
540 203
541 204
542 204
543 204
544 205
545 205
546 205
547 206
548 206
549 206
550 207
551 207
552 208
553 208
554 208
555 209
556 209
557 210
558 210
559 211
560 211
561 211
562 212
563 212
564 213
565 213
566 214
567 214
568 215
569 215
570 215
571 216
572 216
573 217
574 217
575 217
576 218
577 218
578 218
579 219
580 219
581 219
582 220
583 220
584 220
585 220
586 221
587 221
588 221
589 221
590 221
591 222
592 222
593 222
594 222
595 222
596 222
597 222
598 222
599 221
600 221
601 221
602 221
603 221
604 221
605 220
606 220
607 220
608 219
609 219
610 219
611 218
612 218
613 217
614 217
615 216
616 216
617 215
618 215
619 214
620 213
621 213
622 212
623 211
624 210
625 209
626 209
627 208
628 207
629 206
630 205
631 204
632 203
633 202
634 201
635 200
636 199
636 198
637 197
638 196
639 195
640 194
640 193
641 192
642 191
643 190
643 189
644 188
645 187
646 186
646 185
647 184
648 183
648 182
649 181
650 180
650 179
651 178
652 177
652 176
653 175
654 174
654 173
655 172
656 171
656 170
657 169
658 168
658 167
659 166
659 165
660 164
661 163
661 162
662 161
663 160
664 159
664 158
665 157
666 156
666 155
667 154
668 153
668 152
669 151
670 150
670 149
671 148
672 147
673 146
673 145
674 144
675 143
675 142
676 141
677 140
678 139
678 138
679 137
680 136
681 135
681 134
682 133
683 132
684 131
685 130
685 129
686 128
687 127
688 126
689 125
690 124
691 123
691 122
692 121
693 120
694 119
695 118
696 117
697 116
698 115
699 114
700 113
701 113
702 112
703 111
704 110
705 109
706 108
707 108
708 107
709 106
710 106
711 105
712 104
713 104
714 103
715 103
716 102
717 102
718 101
719 101
720 101
721 100
722 100
723 100
724 99
725 99
726 99
727 99
728 98
729 98
730 98
731 98
732 98
733 98
734 98
735 97
736 97
737 97
738 97
739 97
740 97
741 97
742 97
743 97
744 97
745 96
746 96
747 96
748 96
749 96
750 96
751 96
752 96
753 96
754 95
755 95
756 95
757 95
758 95
759 95
760 94
761 94
762 94
763 94
764 93
765 93
766 93
767 93
768 92
769 92
770 92
771 92
772 91
773 91
774 91
775 90
776 90
777 90
778 89
779 89
780 89
781 88
782 88
783 88
784 87
785 87
786 87
787 86
788 86
789 86
790 85
791 85
792 84
793 84
794 84
795 83
796 83
797 82
798 82
799 82
800 81
801 81
802 80
803 80
804 80
805 79
806 79
807 78
808 78
809 78
810 77
811 77
812 76
813 76
