11 70
11 71
12 72
12 73
13 74
14 75
14 76
15 77
15 78
16 79
17 80
17 81
18 82
19 83
19 84
20 85
21 86
22 87
22 88
23 89
24 90
25 91
26 91
27 92
28 93
29 93
30 94
31 94
32 94
33 95
34 95
35 95
36 94
37 94
38 94
39 94
40 93
41 93
42 92
43 92
44 91
45 90
46 90
47 89
48 88
49 88
50 87
51 87
52 87
53 87
54 87
55 87
56 87
57 87
58 87
59 88
60 88
61 89
62 90
63 91
64 92
65 93
66 94
67 95
68 96
69 97
70 98
70 99
71 100
72 101
72 102
73 103
74 104
74 105
75 106
76 107
76 108
77 109
77 110
78 111
79 112
79 113
80 114
80 115
81 116
81 117
82 118
83 119
83 120
84 121
84 122
85 123
86 124
86 125
87 126
88 127
88 128
89 129
90 130
90 131
91 132
92 133
93 134
93 135
94 136
95 137
96 138
97 139
98 140
98 141
99 142
100 143
101 144
102 145
103 146
104 146
105 147
106 148
107 149
108 150
109 150
110 151
111 152
112 152
113 153
114 154
115 154
116 155
117 155
118 156
119 156
120 157
121 157
122 157
123 158
124 158
125 158
126 159
127 159
128 159
129 160
130 160
131 160
132 160
133 161
134 161
135 161
136 161
137 162
138 162
139 162
140 162
141 162
142 162
143 163
144 163
145 163
146 163
147 163
148 163
149 163
150 163
151 163
152 163
153 163
154 163
155 163
156 163
157 163
158 162
159 162
160 162
161 162
162 161
163 161
164 160
165 160
166 159
167 159
168 158
169 157
170 157
171 156
172 155
173 154
174 153
175 152
176 151
177 150
178 149
179 148
180 147
181 146
182 145
183 144
184 143
185 142
186 141
187 140
187 139
188 138
189 137
190 136
191 135
192 134
193 133
194 132
195 131
196 130
196 129
197 128
198 127
199 126
200 125
201 124
202 123
203 122
204 121
205 120
206 119
206 118
207 117
208 116
209 115
210 114
211 113
212 112
213 111
214 110
215 109
216 108
217 107
218 106
219 105
220 104
221 103
221 102
222 101
223 100
224 99
225 98
226 97
227 96
228 95
229 94
230 93
231 92
232 91
233 90
234 90
235 89
236 88
237 87
238 86
239 85
240 84
241 84
242 83
243 82
244 81
245 80
246 80
247 79
248 78
249 78
250 77
251 77
252 76
253 75
254 75
255 74
256 74
257 73
258 73
259 73
260 72
261 72
262 72
263 71
264 71
265 71
266 71
267 70
268 70
269 70
270 70
271 70
272 70
273 70
274 70
275 70
276 71
277 71
278 71
279 71
280 72
281 72
282 72
283 73
284 73
285 74
286 74
287 75
288 75
289 76
290 76
291 77
292 78
293 78
294 79
295 80
296 80
297 81
298 82
299 82
300 83
301 84
302 84
303 85
304 86
305 87
306 87
307 88
308 89
309 90
310 90
311 91
312 92
313 93
314 93
315 94
316 95
317 96
318 97
319 97
320 98
321 99
322 100
323 100
324 101
325 102
326 103
327 103
328 104
329 105
330 105
331 106
332 107
333 107
334 108
335 109
336 109
337 110
338 110
339 111
340 111
341 112
342 112
343 113
344 113
345 113
346 114
347 114
348 114
349 115
350 115
351 115
352 115
353 115
354 115
355 115
356 115
357 115
358 115
359 115
360 114
361 114
362 114
363 113
364 113
365 113
366 112
367 112
368 111
369 110
370 110
371 109
372 108
373 108
374 107
375 106
376 106
377 105
378 104
379 104
380 103
381 102
382 102
383 101
384 100
385 100
386 99
387 98
388 98
389 97
390 96
391 96
392 95
393 95
394 94
395 93
396 93
397 92
398 91
399 91
400 90
401 90
402 89
403 89
404 88
405 87
406 87
407 86
408 86
409 85
410 85
411 84
412 84
413 83
414 83
415 82
416 82
417 82
418 81
419 81
420 81
421 80
422 80
423 80
424 80
425 80
426 79
427 79
428 79
429 79
430 79
431 79
432 79
433 79
434 79
435 79
436 79
437 79
438 79
439 79
440 79
441 79
442 80
443 80
444 80
445 80
446 80
447 80
448 80
449 80
450 81
451 81
452 81
453 81
454 81
455 82
456 82
457 82
458 83
459 83
460 84
461 84
462 85
463 86
464 87
465 88
466 89
467 90
467 91
468 92
469 93
469 94
470 95
470 96
471 97
471 98
472 99
472 100
473 101
473 102
474 103
474 104
475 105
475 106
475 107
