12 16
13 17
13 18
13 19
14 20
14 21
15 22
15 23
16 24
16 25
17 26
17 27
18 28
18 29
19 30
19 31
20 32
20 33
20 34
21 35
21 36
22 37
22 38
23 39
23 40
24 41
24 42
25 43
25 44
26 45
26 46
27 47
27 48
28 49
28 50
29 51
29 52
29 53
30 54
30 55
31 56
31 57
32 58
32 59
33 60
33 61
34 62
34 63
35 64
35 65
36 66
37 67
37 68
38 69
38 70
39 71
39 72
40 73
40 74
41 75
41 76
42 77
43 78
43 79
44 80
44 81
45 82
46 83
46 84
47 85
48 86
49 87
50 88
50 89
51 90
52 91
53 92
54 93
55 94
56 94
57 95
58 96
59 96
60 97
61 97
62 98
63 98
64 98
65 98
66 98
67 98
68 98
69 98
70 98
71 98
72 98
73 97
74 97
75 97
76 96
77 96
78 95
79 95
80 95
81 94
82 94
83 93
84 92
85 92
86 91
87 91
88 90
89 90
90 89
91 89
92 89
93 88
94 88
95 88
96 87
97 87
98 87
99 86
100 86
101 86
102 86
103 86
104 86
105 86
106 86
107 86
108 86
109 86
110 87
111 87
112 87
113 88
114 88
115 88
116 89
117 90
118 90
119 91
120 92
121 92
122 93
123 94
124 95
125 96
126 97
127 97
128 98
129 99
130 100
131 101
132 102
133 103
134 104
135 105
136 106
137 107
138 107
139 108
140 109
141 110
142 110
143 111
144 112
145 112
146 113
147 114
148 114
149 115
150 115
151 116
152 116
153 117
154 117
155 117
156 118
157 118
158 118
159 119
160 119
161 119
162 119
163 119
164 119
165 118
166 118
167 117
168 117
169 116
170 116
171 115
172 114
173 113
174 113
175 112
176 112
