11 47
12 48
13 49
14 50
15 51
15 52
16 53
17 54
18 55
19 56
19 57
20 58
21 59
22 60
23 61
23 62
24 63
25 64
26 65
26 66
27 67
28 68
29 69
30 70
30 71
31 72
32 73
33 74
33 75
34 76
35 77
36 78
37 79
37 80
38 81
39 82
40 83
40 84
41 85
42 86
43 87
43 88
44 89
45 90
46 91
47 92
47 93
48 94
49 95
50 96
51 97
51 98
52 99
53 100
54 101
55 102
56 103
57 104
58 105
59 106
60 106
61 107
62 107
63 107
64 107
65 106
66 106
67 105
68 104
69 103
69 102
70 101
71 100
71 99
72 98
72 97
73 96
74 95
74 94
75 93
75 92
76 91
76 90
77 89
77 88
78 87
78 86
79 85
79 84
80 83
80 82
81 81
81 80
82 79
82 78
83 77
83 76
84 75
84 74
85 73
85 72
86 71
86 70
86 69
87 68
87 67
88 66
88 65
89 64
90 63
90 62
91 61
91 60
92 59
92 58
93 57
94 56
94 55
95 54
96 53
96 52
97 51
98 50
99 49
99 48
100 47
101 46
102 45
103 44
104 43
105 42
106 41
107 40
108 39
109 38
110 37
111 37
112 36
113 35
114 34
115 33
116 33
117 32
118 31
119 30
120 30
121 29
122 28
