11 29
12 30
13 31
14 32
15 33
16 34
17 35
18 36
19 36
20 37
21 38
22 39
23 40
24 41
24 42
25 43
26 44
27 45
28 46
29 47
29 48
30 49
31 50
32 51
32 52
33 53
34 54
34 55
35 56
35 57
36 58
36 59
37 60
37 61
38 62
38 63
39 64
39 65
40 66
41 67
41 68
42 69
42 70
43 71
44 72
44 73
45 74
46 75
47 76
48 76
49 76
50 75
51 74
52 73
53 72
53 71
54 70
54 69
55 68
56 67
56 66
57 65
58 64
58 63
59 62
60 61
61 61
62 60
63 60
64 60
65 60
66 60
67 61
68 61
69 61
70 62
71 62
72 63
73 63
74 64
75 64
76 65
77 66
78 66
79 67
80 68
81 68
82 69
83 70
84 70
85 71
86 72
87 72
88 73
89 74
90 74
91 75
92 76
93 76
94 77
95 78
96 78
97 79
98 80
99 80
100 81
101 81
102 82
103 82
104 83
105 83
106 84
107 84
108 84
109 85
110 85
111 85
112 86
113 86
114 86
115 86
116 86
117 86
118 86
119 86
120 86
121 85
122 85
123 85
124 85
125 84
126 84
127 84
128 84
129 84
130 84
131 84
132 84
133 84
134 85
135 85
136 86
137 87
138 87
139 88
140 89
141 90
142 90
143 91
144 91
145 92
146 92
147 92
148 92
149 92
150 92
151 92
152 92
153 92
154 92
155 91
156 91
157 91
158 91
159 91
160 91
161 90
162 90
163 90
164 90
165 90
166 90
167 90
168 90
169 90
170 89
171 89
172 89
173 89
174 89
175 89
176 89
177 89
178 89
179 89
180 89
181 89
182 89
183 89
184 89
185 89
186 89
187 89
188 89
189 90
190 90
191 90
192 90
193 90
194 90
195 91
196 91
197 91
198 91
199 92
200 91
201 91
202 91
203 90
204 89
205 89
206 88
207 88
