13 67
14 68
15 69
16 70
17 70
18 71
19 72
20 73
21 73
22 74
23 75
24 75
25 76
26 77
27 78
28 78
29 79
30 80
31 80
32 81
33 82
34 82
35 83
36 83
37 84
38 84
39 85
40 85
41 86
42 86
43 87
44 87
45 88
46 88
47 89
48 89
49 90
50 90
51 91
52 91
53 92
54 92
55 93
56 93
57 94
58 95
59 96
60 97
61 98
62 99
63 100
64 101
65 102
65 103
66 104
67 105
68 106
68 107
69 108
70 109
70 110
71 111
72 112
72 113
73 114
73 115
74 116
75 117
75 118
76 119
76 120
77 121
78 122
78 123
79 124
80 125
80 126
81 127
81 128
82 129
83 130
83 131
84 132
85 133
85 134
86 135
87 136
87 137
88 138
89 139
90 140
91 141
91 142
92 143
93 144
94 145
95 146
96 147
97 147
98 148
99 149
100 149
101 149
102 149
103 149
104 149
105 149
106 148
107 148
108 147
109 146
110 145
111 144
112 143
113 142
114 141
115 140
115 139
116 138
117 137
118 136
119 135
120 134
120 133
121 132
122 131
123 130
124 129
125 128
126 127
127 126
128 125
129 124
130 123
131 122
132 121
133 120
134 119
135 118
136 117
137 116
138 116
139 115
140 114
141 113
142 112
143 112
144 111
145 110
146 109
147 109
148 108
149 107
150 107
151 106
152 105
153 105
154 104
155 104
156 103
157 103
158 102
159 102
160 101
161 101
162 100
163 100
164 100
165 100
166 99
167 99
168 99
169 99
170 99
171 99
172 99
173 99
174 99
175 99
176 100
177 100
178 100
179 101
180 101
181 102
182 102
183 103
184 104
185 105
186 106
187 106
188 107
189 108
190 109
191 110
192 111
193 112
194 113
195 114
196 115
197 116
198 117
199 118
200 118
201 119
202 120
203 120
204 121
205 121
206 121
207 121
208 122
209 122
210 122
211 122
212 122
213 122
214 121
215 121
216 121
217 121
218 120
219 120
220 119
221 119
222 119
223 118
224 118
225 117
226 116
227 116
228 115
229 114
230 114
231 113
232 112
233 112
234 111
235 110
236 109
237 109
238 108
239 107
240 106
241 106
242 105
243 104
244 103
245 103
246 102
247 101
248 101
249 100
250 99
251 98
252 98
253 97
254 97
255 96
256 95
257 95
258 94
259 94
260 93
261 93
262 92
263 92
264 91
265 91
266 91
267 90
268 90
269 90
270 89
271 89
272 89
273 89
274 89
275 89
276 89
277 89
278 89
279 89
280 89
281 90
282 90
283 90
284 91
285 91
286 91
287 92
288 92
289 93
290 94
291 94
292 95
293 95
294 96
295 96
296 97
297 98
298 98
299 99
300 99
301 100
302 101
303 101
304 102
305 102
306 103
307 103
308 104
309 104
310 105
311 105
312 106
313 106
314 107
315 107
316 108
317 108
318 109
319 109
320 110
321 110
322 110
323 111
324 111
325 112
326 112
327 113
328 113
329 113
330 114
331 114
332 114
333 115
334 115
335 115
336 116
337 116
338 116
339 116
340 116
341 116
342 116
343 116
344 117
345 117
346 117
347 117
348 116
349 116
350 116
351 116
352 116
353 116
354 116
355 116
356 115
357 115
358 115
359 115
360 115
361 114
362 114
363 114
364 113
365 113
366 113
367 112
368 112
369 111
370 111
371 110
372 110
373 109
374 109
375 108
376 108
377 107
378 107
379 106
380 106
381 105
382 105
383 104
384 104
385 104
386 103
387 103
388 103
389 103
390 103
391 104
392 104
393 104
394 105
395 105
396 105
397 106
398 106
399 107
400 107
401 108
402 108
403 108
404 108
405 109
406 109
407 109
408 109
409 109
410 109
411 109
412 109
413 109
414 109
415 108
416 108
417 108
418 108
419 108
420 107
421 107
422 107
423 106
424 106
425 106
426 105
427 105
428 105
429 105
430 104
431 104
432 104
433 103
434 103
435 103
436 103
437 102
438 102
439 102
440 102
441 102
442 101
443 101
444 101
445 101
446 101
447 101
448 100
449 100
450 100
451 100
452 100
453 100
454 100
455 100
456 100
457 100
458 99
459 99
460 99
461 99
462 99
463 99
464 99
465 100
466 100
467 100
468 100
469 100
470 100
471 100
472 100
473 100
474 100
475 100
476 100
477 101
478 101
479 101
480 101
481 101
482 101
483 101
484 102
