11 66
12 66
13 67
14 68
15 69
16 70
17 71
18 72
19 73
20 73
21 74
22 75
23 76
24 77
25 78
26 79
27 80
28 81
29 82
30 82
31 83
32 84
33 85
34 86
35 87
36 88
37 89
38 90
39 91
40 92
41 92
42 93
43 94
44 95
45 96
46 97
47 98
48 99
49 100
50 101
51 102
52 103
53 104
54 105
55 106
56 106
57 107
58 108
59 109
60 110
61 111
62 112
63 113
64 113
65 114
66 115
67 116
68 117
69 117
70 118
71 119
72 119
73 120
74 120
75 121
76 121
77 122
78 122
79 122
80 123
81 123
82 123
83 123
84 123
85 124
86 124
87 124
88 124
89 123
90 123
91 123
92 123
93 123
94 123
95 122
96 122
97 122
98 122
99 122
100 121
101 121
102 121
103 121
104 120
105 120
106 120
107 120
108 120
109 120
110 120
111 120
112 120
113 120
114 120
115 120
116 120
117 120
118 120
119 120
120 120
121 121
122 121
123 121
124 121
125 121
126 121
127 121
128 120
129 120
130 120
131 120
132 120
133 120
134 119
135 119
136 119
137 118
138 118
139 117
140 117
141 116
142 116
143 115
144 115
145 114
146 114
147 113
148 113
149 112
150 111
151 111
152 110
153 109
154 109
155 108
156 108
157 107
158 106
159 106
160 105
161 104
162 104
163 103
164 102
165 102
166 101
167 101
168 100
169 100
170 99
171 98
172 98
173 97
174 97
175 97
176 96
177 96
178 96
179 95
180 95
181 95
182 95
183 95
184 95
185 95
186 95
187 95
188 95
189 95
190 95
191 96
192 96
193 97
194 98
195 99
196 100
197 101
198 102
199 103
199 104
200 105
201 106
202 107
202 108
203 109
204 110
204 111
205 112
206 113
206 114
207 115
208 116
209 117
209 118
210 119
211 120
212 121
213 122
214 123
215 124
216 124
217 125
218 126
219 126
220 127
221 127
222 128
223 128
224 128
225 129
226 129
227 129
228 129
229 129
230 129
231 129
232 129
233 129
234 129
235 129
236 129
237 129
238 129
239 129
240 129
241 130
242 130
243 130
244 130
245 130
246 131
247 131
248 132
249 132
250 133
251 133
252 134
253 134
254 135
255 136
256 137
257 137
258 138
258 139
