24 13
25 13
26 14
27 15
28 16
29 16
30 17
31 18
32 18
33 19
34 20
35 21
36 22
37 22
38 23
39 24
40 25
41 26
42 26
43 27
44 28
45 29
46 30
47 31
48 32
49 33
50 34
51 35
52 36
53 37
54 38
55 39
56 40
57 41
58 42
59 43
59 44
60 45
61 46
62 47
62 48
63 49
64 50
65 51
65 52
66 53
67 54
67 55
68 56
69 57
69 58
70 59
71 60
71 61
72 62
72 63
73 64
73 65
74 66
75 67
75 68
76 69
76 70
77 71
77 72
78 73
78 74
79 75
79 76
80 77
80 78
81 79
81 80
82 81
82 82
83 83
83 84
84 85
84 86
84 87
85 88
85 89
86 90
86 91
87 92
87 93
87 94
88 95
88 96
89 97
89 98
89 99
90 100
90 101
91 102
91 103
91 104
92 105
92 106
93 107
93 108
93 109
94 110
94 111
95 112
95 113
95 114
96 115
96 116
96 117
97 118
97 119
98 120
98 121
98 122
99 123
99 124
100 125
100 126
100 127
101 128
101 129
102 130
102 131
103 132
103 133
103 134
104 135
104 136
105 137
105 138
106 139
106 140
107 141
107 142
108 143
108 144
109 145
109 146
110 147
110 148
111 149
111 150
112 151
112 152
113 153
114 154
114 155
115 156
116 157
116 158
117 159
118 160
118 161
119 162
120 163
121 164
121 165
122 166
123 167
124 168
125 169
126 170
127 171
128 172
129 173
130 174
131 174
132 175
133 176
134 176
135 177
136 178
137 178
138 178
139 179
140 179
141 179
142 180
143 180
144 180
145 180
146 180
147 180
148 180
149 180
150 180
151 180
152 180
153 179
154 179
155 179
156 178
157 178
158 178
159 177
160 177
161 176
162 175
163 175
164 174
165 173
166 172
167 172
168 171
169 170
170 169
171 168
172 167
173 166
174 165
175 165
176 164
177 163
178 162
179 161
180 161
181 160
182 159
183 159
184 158
185 158
186 158
187 157
188 157
189 157
190 157
191 157
192 157
193 157
194 157
195 157
196 157
197 158
198 158
199 158
200 159
201 159
202 160
203 160
204 161
205 161
206 162
207 163
208 163
209 164
210 165
211 165
212 166
213 167
214 168
215 168
216 169
217 170
218 171
219 172
220 172
221 173
222 174
223 175
