36 20
37 21
38 22
39 23
40 24
41 25
42 26
42 27
43 28
44 29
45 30
46 31
47 32
48 33
49 34
50 35
50 36
51 37
52 38
53 39
54 40
55 41
56 42
57 43
58 44
59 45
60 46
61 47
62 48
63 48
64 49
65 50
66 51
67 52
68 52
69 53
70 54
71 54
72 55
73 56
74 56
75 57
76 57
77 58
78 58
79 59
80 59
81 59
82 60
83 60
84 60
85 61
86 61
87 61
88 61
89 62
90 62
91 62
92 62
93 62
94 62
95 63
96 63
97 63
98 63
99 63
100 63
101 64
102 64
103 64
104 64
105 64
106 64
107 65
108 65
109 65
110 65
111 66
112 66
113 66
114 67
115 67
116 67
117 68
118 68
119 69
120 70
121 70
122 71
123 71
124 72
125 73
126 74
127 75
128 75
129 76
130 77
131 78
132 79
133 80
134 81
135 82
136 83
137 84
137 85
138 86
139 87
140 88
141 89
142 90
143 91
144 92
145 93
145 94
146 95
147 96
148 97
149 98
150 99
151 100
151 101
152 102
153 103
154 104
155 105
156 106
157 107
158 108
159 109
159 110
160 111
161 112
162 113
163 114
164 115
165 116
166 117
167 118
168 119
168 120
169 121
170 122
171 123
172 124
173 125
174 126
175 127
176 128
177 129
178 130
179 131
180 132
181 133
182 134
183 135
184 136
185 137
186 138
187 139
188 140
189 140
190 141
191 142
192 142
193 143
194 143
195 143
196 144
197 144
198 144
199 144
200 145
201 145
202 145
203 145
204 145
205 145
206 146
207 146
208 146
209 146
210 146
211 146
212 147
213 147
214 147
215 147
216 148
217 148
218 148
219 149
220 149
221 149
222 149
223 150
224 150
225 150
226 151
227 151
228 151
229 151
230 152
231 152
232 152
233 153
234 153
235 153
236 153
237 154
238 154
239 154
240 154
241 154
242 155
243 155
244 155
245 155
246 155
247 155
248 156
249 156
250 156
251 156
252 156
253 156
254 156
255 156
256 156
257 156
258 156
259 156
260 156
261 156
262 156
263 155
264 155
265 155
266 155
267 155
268 155
269 155
270 154
271 154
272 154
273 154
274 154
275 154
276 153
277 153
278 153
279 153
280 153
281 153
282 153
283 153
284 153
285 153
286 153
287 153
288 153
289 153
290 153
291 153
292 154
293 154
294 154
295 154
296 155
297 155
298 156
299 156
300 157
301 157
302 157
303 158
304 159
305 159
306 160
307 160
