9 5
10 6
10 7
10 8
10 9
10 10
11 11
11 12
11 13
11 14
11 15
12 16
12 17
12 18
12 19
13 20
13 21
13 22
13 23
13 24
14 25
14 26
14 27
14 28
14 29
15 30
15 31
15 32
15 33
16 34
16 35
16 36
16 37
16 38
17 39
17 40
17 41
17 42
18 43
18 44
18 45
19 46
19 47
19 48
19 49
20 50
20 51
20 52
21 53
21 54
21 55
21 56
22 57
22 58
23 59
23 60
23 61
24 62
24 63
24 64
25 65
25 66
26 67
26 68
27 69
27 70
28 71
28 72
29 73
29 74
30 75
30 76
31 77
32 78
33 79
33 80
34 81
35 82
36 83
37 84
38 84
39 85
40 86
41 87
42 87
43 88
44 88
45 89
46 89
47 90
48 90
49 91
50 91
51 91
52 92
53 92
54 92
55 92
56 92
57 93
58 93
59 93
60 93
61 93
62 93
63 93
64 93
65 93
66 94
67 94
68 94
69 94
70 94
71 94
72 94
73 94
74 94
75 94
76 95
77 95
78 95
79 95
80 95
81 95
82 95
83 95
84 95
85 95
86 95
87 95
88 95
89 95
90 95
91 95
92 95
93 95
94 95
95 95
96 96
97 96
98 96
99 96
100 96
101 96
102 96
103 96
104 96
105 96
106 96
107 96
108 96
109 96
110 96
111 96
112 96
113 96
114 96
115 96
116 96
117 96
118 96
119 96
120 96
121 96
122 96
123 96
124 96
125 96
126 95
127 95
128 95
129 94
130 94
131 93
132 93
133 92
134 92
135 91
136 90
137 90
138 89
139 89
140 88
141 88
142 88
143 87
144 87
145 87
146 87
147 87
148 87
149 87
150 87
151 87
152 88
153 88
154 88
155 89
156 89
157 90
158 90
159 91
160 91
161 92
162 92
163 93
164 93
165 94
166 94
167 95
168 96
169 96
170 97
171 97
172 98
173 98
174 99
175 99
176 100
177 101
178 101
179 102
180 102
181 103
182 103
183 104
184 104
185 104
186 105
187 105
188 106
189 106
190 107
191 107
192 108
193 108
194 109
195 109
196 110
197 110
198 111
