20 49
21 50
22 50
23 50
24 50
25 51
26 51
27 51
28 52
29 52
30 52
31 53
32 53
33 53
34 54
35 54
36 54
37 55
38 55
39 56
40 56
41 57
42 57
43 58
44 59
45 59
46 60
47 61
48 62
49 62
50 63
51 64
52 65
53 66
54 66
55 67
56 68
57 68
58 69
59 69
60 70
61 70
62 71
63 71
64 71
65 71
66 71
67 71
68 71
69 71
70 71
71 71
72 71
73 70
74 70
75 70
76 69
77 69
78 68
79 68
80 67
81 67
82 66
83 65
84 65
85 64
86 63
87 62
88 61
89 61
90 60
91 59
92 58
93 57
94 56
95 55
96 55
97 54
98 53
99 52
100 51
101 51
102 50
103 49
104 48
105 48
106 47
107 46
108 46
109 45
110 45
111 44
112 43
113 43
114 42
115 42
116 41
117 41
118 40
119 40
120 40
121 39
122 39
123 39
124 38
125 38
126 38
127 38
128 37
129 37
130 37
131 37
132 37
133 37
134 37
135 37
136 37
137 37
138 38
139 38
140 38
141 39
142 39
143 39
144 40
145 41
146 42
147 42
148 43
148 44
149 45
150 46
151 47
151 48
152 49
152 50
153 51
154 52
154 53
154 54
155 55
155 56
156 57
156 58
157 59
157 60
157 61
158 62
158 63
159 64
159 65
159 66
160 67
160 68
160 69
161 70
161 71
161 72
162 73
162 74
163 75
163 76
163 77
164 78
164 79
164 80
165 81
165 82
166 83
166 84
166 85
167 86
167 87
168 88
169 89
169 90
170 91
171 91
172 92
173 92
174 92
175 92
176 92
177 92
178 92
179 92
180 92
181 92
182 92
183 92
184 93
185 93
186 93
187 94
188 94
189 95
190 96
191 96
192 97
193 97
194 98
195 99
196 99
197 100
198 101
199 101
200 102
201 103
202 104
203 104
204 105
205 105
206 106
207 107
208 107
209 108
210 108
211 109
212 109
213 109
214 109
215 110
216 110
217 110
218 110
219 110
220 109
221 109
222 109
223 108
224 108
225 107
226 106
227 105
228 105
229 104
230 103
231 102
232 101
232 100
233 99
234 98
235 97
236 96
236 95
237 94
238 93
238 92
239 91
240 90
240 89
241 88
242 87
243 86
243 85
244 84
245 83
246 82
247 81
248 80
249 79
250 79
251 78
252 78
253 78
254 78
255 78
256 78
257 78
258 78
259 78
260 78
261 78
262 78
263 79
264 79
265 79
266 80
267 80
268 81
269 81
270 82
271 82
272 83
273 84
274 84
275 85
276 85
277 86
278 87
279 87
280 88
281 88
282 89
283 90
284 90
285 91
286 91
287 92
288 92
289 93
290 93
291 94
292 94
293 95
294 95
295 96
296 96
297 97
298 97
299 98
300 98
301 99
302 99
303 99
304 100
305 100
306 101
307 101
308 102
309 102
310 103
311 103
312 104
313 105
314 105
315 106
316 107
317 108
318 109
319 110
320 111
320 112
321 113
322 114
323 115
324 116
325 117
325 118
326 119
327 120
