11 59
12 59
13 60
14 60
15 60
16 60
17 60
18 60
19 60
20 60
21 60
22 60
23 60
24 60
25 61
26 61
27 61
28 62
29 62
30 62
31 63
32 63
33 64
34 64
35 65
36 66
37 66
38 67
39 68
40 69
41 70
42 70
43 71
44 72
45 73
46 74
47 74
48 75
49 76
50 77
51 77
52 78
53 79
54 79
55 80
56 81
57 81
58 82
59 82
60 83
61 83
62 84
63 84
64 85
65 85
66 86
67 86
68 87
69 87
70 88
71 88
72 89
73 89
74 90
75 90
76 90
77 91
78 91
79 92
80 92
81 93
82 93
83 93
84 94
85 94
86 95
87 95
88 95
89 96
90 96
91 96
92 97
93 97
94 98
95 98
96 98
97 99
98 99
99 100
100 100
101 100
102 101
103 101
104 102
105 102
106 103
107 103
108 104
109 104
110 105
111 105
112 106
113 106
114 107
115 108
116 108
117 109
118 110
119 111
120 111
121 112
122 113
123 114
124 115
125 116
126 117
127 118
128 119
129 120
130 121
131 122
132 123
133 124
134 125
135 126
136 127
137 128
138 129
139 130
140 131
141 132
142 133
143 134
144 135
145 135
146 136
147 137
148 138
149 138
150 139
151 140
152 140
153 140
154 141
155 141
156 141
157 141
158 141
159 141
160 141
161 141
162 140
163 140
164 140
165 139
166 139
167 138
168 138
169 137
170 137
171 136
172 136
173 135
174 134
175 134
176 133
177 133
178 132
179 131
180 131
181 130
182 130
183 129
184 128
185 128
186 127
187 127
188 126
189 126
190 125
191 125
192 124
193 124
194 123
195 123
196 122
197 122
198 121
199 121
200 121
201 120
202 120
203 120
204 119
205 119
206 119
207 119
208 119
209 118
210 118
211 118
212 118
213 118
214 118
215 118
216 118
217 118
218 118
219 118
220 118
221 118
222 118
223 118
224 118
225 118
226 118
227 118
228 118
229 118
230 118
231 119
232 119
233 119
234 119
235 119
236 120
237 120
238 120
239 120
240 121
241 121
242 121
243 122
244 122
245 122
246 123
247 123
248 123
249 124
250 124
251 124
252 125
253 125
254 125
255 126
256 126
257 127
258 127
259 127
260 127
261 128
262 128
263 128
264 129
265 129
266 129
267 129
268 129
269 130
270 130
271 130
272 130
273 130
274 130
275 130
276 130
277 130
278 130
279 130
280 130
281 130
282 130
283 130
284 130
285 129
286 129
287 129
288 128
289 128
290 128
291 127
292 127
293 126
294 126
295 125
296 125
297 124
298 123
299 123
300 122
301 121
302 120
303 120
304 119
305 118
306 117
307 116
308 115
309 114
310 113
311 112
312 111
313 110
314 109
315 108
316 107
317 106
318 105
319 104
320 103
321 102
322 101
323 100
324 99
325 98
326 97
327 96
328 95
329 94
330 93
331 92
332 91
333 90
334 89
335 89
336 88
337 87
338 86
339 86
340 85
341 84
342 84
343 83
344 83
345 82
346 82
347 81
348 81
349 80
350 80
351 80
352 79
353 79
354 79
355 78
356 78
357 78
358 78
359 77
360 77
361 77
362 77
363 77
364 76
365 76
366 76
367 76
368 76
369 76
370 75
371 75
372 75
373 75
374 75
375 75
376 75
377 75
378 74
379 74
380 74
381 74
382 74
383 74
384 74
385 74
386 74
387 74
388 74
389 74
390 74
391 74
392 74
393 74
394 74
395 73
396 73
397 73
398 73
399 73
400 73
401 73
402 73
403 73
404 73
405 73
406 73
407 73
408 73
409 73
410 73
411 73
412 73
413 73
414 73
415 73
416 73
417 73
418 73
419 73
420 73
421 73
422 72
423 72
424 72
425 72
426 71
427 71
428 70
429 70
430 69
431 69
432 68
433 68
434 67
435 67
436 66
437 66
438 65
439 65
440 64
441 64
442 64
443 63
444 63
445 63
446 63
447 63
448 63
449 64
450 64
451 65
452 65
453 66
454 67
455 68
455 69
456 70
457 71
457 72
458 73
459 74
459 75
460 76
460 77
461 78
462 79
462 80
463 81
463 82
464 83
