25 15
26 15
27 15
28 16
29 16
30 17
31 17
32 18
33 19
34 19
35 20
36 20
37 21
38 21
39 22
40 22
41 23
42 24
43 24
44 25
45 25
46 26
47 26
48 27
49 28
50 28
51 29
52 29
53 30
54 30
55 31
56 31
57 32
58 33
59 33
60 34
61 34
62 35
63 35
64 36
65 37
66 37
67 38
68 38
69 39
70 39
71 40
72 41
73 41
74 42
75 42
76 43
77 43
78 44
79 44
80 45
81 45
82 46
83 46
84 47
85 47
86 48
87 48
88 49
89 49
90 49
91 50
92 50
93 50
94 51
95 51
96 51
97 52
98 52
99 52
100 53
101 53
102 53
103 53
104 54
105 54
106 54
107 54
108 54
109 55
110 55
111 55
112 55
113 55
114 55
115 56
116 56
117 56
118 56
119 56
120 57
121 57
122 57
123 57
124 57
125 58
126 58
127 58
128 58
129 59
130 59
131 59
132 60
133 60
134 60
135 61
136 61
137 61
138 62
139 62
140 63
141 63
142 64
143 65
144 65
145 66
146 67
147 67
148 68
149 69
150 70
151 70
152 71
153 72
154 73
155 74
156 75
157 76
158 76
159 77
160 78
161 79
162 79
163 80
164 81
165 81
166 82
167 83
168 83
169 84
170 85
171 86
172 87
173 88
174 89
175 90
176 91
177 92
178 93
178 94
179 95
180 96
181 97
182 98
183 99
183 100
184 101
185 102
186 103
186 104
187 105
188 106
189 107
189 108
190 109
191 110
192 111
193 112
193 113
194 114
195 115
196 116
197 117
197 118
198 119
199 120
200 121
201 122
202 123
203 124
204 125
205 126
206 127
207 128
208 129
209 130
210 131
211 132
212 132
213 133
214 133
215 134
216 135
217 135
218 135
219 136
220 136
221 136
222 137
223 137
224 137
225 138
226 138
227 138
228 138
229 138
230 138
231 138
232 139
233 139
234 139
235 139
236 139
237 139
238 139
239 139
240 139
241 139
242 139
243 139
244 139
245 139
246 140
247 140
248 140
249 140
250 140
251 140
252 141
253 141
254 141
255 141
256 142
257 142
258 142
259 143
260 143
261 144
262 144
263 145
264 145
265 146
266 146
267 147
268 147
269 148
270 149
271 149
272 150
273 151
274 151
275 152
276 153
277 153
278 154
279 155
280 156
281 156
282 157
283 158
284 159
285 159
286 160
287 161
288 162
289 163
290 164
291 164
292 165
293 166
294 167
295 168
296 168
297 169
298 170
299 171
300 172
301 172
302 173
303 174
304 175
305 175
306 176
307 177
308 177
309 178
310 178
311 179
312 179
313 180
314 180
315 180
316 181
317 181
318 181
319 181
320 182
321 182
322 182
323 182
324 181
325 181
326 181
327 181
328 180
329 180
330 180
331 179
332 179
333 178
334 177
335 177
336 176
337 175
338 175
339 174
340 173
341 172
342 172
343 171
344 170
345 169
346 168
347 168
348 167
349 166
350 165
351 164
352 163
353 163
354 162
355 161
356 160
357 159
358 158
359 157
360 157
361 156
362 155
363 154
364 153
365 153
366 152
367 151
368 150
369 150
370 149
371 148
372 148
373 147
374 146
375 145
376 145
377 144
378 143
379 143
380 142
381 142
382 141
383 140
384 140
385 139
386 139
387 138
388 137
389 137
390 136
391 136
392 135
393 135
394 134
395 134
396 134
397 133
398 133
399 132
400 132
401 131
402 131
403 131
404 130
405 130
406 130
407 129
408 129
409 129
410 128
411 128
412 128
413 128
414 127
415 127
416 127
417 127
418 127
419 126
420 126
421 126
422 126
423 126
424 126
425 126
426 125
427 125
428 125
429 125
430 125
431 125
432 125
433 125
434 125
435 125
436 125
437 125
438 125
439 125
440 125
441 125
442 125
443 125
444 126
445 126
446 126
447 126
448 126
449 126
450 127
451 127
452 127
453 127
454 127
455 128
456 128
457 128
458 128
459 129
460 129
461 129
462 130
463 130
464 131
465 131
466 131
467 132
468 132
469 133
470 133
471 134
472 134
473 135
474 135
475 136
476 137
477 137
478 138
479 138
480 139
481 140
482 140
483 141
484 142
485 143
486 143
487 144
488 145
489 146
490 146
491 147
492 148
493 149
494 149
495 150
496 151
497 152
498 152
499 153
500 154
501 154
502 155
503 156
504 157
505 157
506 158
507 158
508 159
509 160
510 160
511 161
512 161
513 162
514 162
515 163
516 163
517 164
518 164
519 165
520 165
521 165
522 166
523 166
524 166
525 167
526 167
527 167
528 167
529 168
530 168
531 168
532 168
533 168
534 168
535 168
536 168
537 168
538 168
539 168
540 168
541 168
542 168
543 168
544 168
545 167
546 167
547 167
548 167
549 166
550 166
551 166
552 165
553 165
554 164
555 164
556 163
557 163
558 162
559 161
560 161
561 160
562 159
563 158
564 157
565 156
566 155
567 154
568 153
569 152
570 151
571 150
572 149
572 148
573 147
574 146
575 145
575 144
576 143
577 142
577 141
578 140
579 139
579 138
580 137
581 136
581 135
582 134
583 133
583 132
584 131
584 130
585 129
586 128
586 127
587 126
588 125
588 124
589 123
590 122
591 121
591 120
592 119
593 118
594 117
595 116
596 115
597 114
598 113
599 113
600 112
601 112
602 111
603 111
604 111
605 111
606 110
607 110
608 110
609 110
610 110
611 111
612 111
613 111
614 111
615 111
616 112
617 112
618 112
619 112
620 113
621 113
622 113
623 114
624 114
625 114
626 115
627 115
628 115
629 116
630 116
631 117
632 117
633 117
634 118
635 118
636 118
637 119
638 119
639 120
640 120
641 120
642 121
643 121
644 122
645 122
646 122
647 123
648 123
649 123
650 124
651 124
652 124
653 125
654 125
655 125
656 126
657 126
658 127
659 127
660 127
661 128
662 128
663 128
664 129
665 129
