5 21
6 22
7 23
8 24
8 25
9 26
10 27
11 28
11 29
12 30
13 31
14 32
14 33
15 34
16 35
17 36
18 37
18 38
19 39
20 40
21 41
22 42
22 43
23 44
24 45
25 46
26 47
27 48
28 49
29 50
29 51
30 52
31 53
32 54
33 55
34 56
35 57
36 58
37 59
38 60
39 61
40 62
41 63
42 64
43 65
44 66
45 67
46 68
47 69
48 70
49 71
50 71
51 72
52 73
53 74
54 75
55 76
56 77
57 77
58 78
59 79
60 80
61 80
62 81
63 82
64 83
65 83
66 84
67 85
68 85
69 86
70 87
71 87
72 88
73 88
74 89
75 89
76 90
77 90
78 91
79 91
80 92
81 92
82 92
83 93
84 93
85 94
86 94
87 94
88 95
89 95
90 95
91 95
92 96
93 96
94 97
95 97
96 97
97 98
98 98
99 99
100 99
101 100
102 100
103 101
104 102
105 102
106 103
107 104
108 104
109 105
110 106
111 107
112 107
113 108
114 109
115 110
116 111
117 112
118 112
119 113
120 114
121 115
122 116
123 117
124 118
125 119
126 120
127 121
128 122
129 123
129 124
130 125
131 126
132 127
132 128
133 129
134 130
135 131
135 132
136 133
137 134
138 135
138 136
139 137
140 138
141 139
141 140
142 141
143 142
144 143
145 144
145 145
146 146
147 147
148 148
149 149
150 150
151 151
152 152
153 153
154 154
155 155
156 156
157 157
158 158
159 159
