27 2
28 2
29 3
30 4
31 5
31 6
32 7
33 8
34 9
35 10
35 11
36 12
37 13
38 14
39 15
40 16
40 17
41 18
42 19
43 20
44 21
44 22
45 23
46 24
47 25
48 26
48 27
49 28
50 29
51 30
52 31
52 32
53 33
54 34
55 35
56 36
57 37
58 38
58 39
59 40
60 41
61 42
62 43
63 44
64 45
65 45
66 46
67 47
68 48
69 49
70 49
71 50
72 50
73 51
74 51
75 52
76 52
77 53
78 53
79 54
80 54
81 54
82 54
83 55
84 55
85 55
86 56
87 56
88 56
89 57
90 57
91 57
92 58
93 58
94 58
95 59
96 59
97 60
98 60
99 61
100 61
101 62
102 62
103 63
104 64
105 65
106 66
107 66
108 67
109 68
110 69
111 70
112 71
113 72
114 73
115 74
116 75
117 76
118 77
119 78
120 79
121 80
122 81
123 81
124 82
125 83
126 84
127 85
128 86
129 86
130 87
131 88
132 89
133 89
134 90
135 91
136 91
137 92
138 93
139 93
140 94
141 94
142 95
143 96
144 96
145 97
146 97
147 97
148 98
149 98
150 99
151 99
152 99
153 100
154 100
155 100
156 100
157 101
158 101
159 101
160 101
161 101
162 101
163 102
164 102
165 102
166 102
167 102
168 101
169 101
170 101
171 101
172 101
173 100
174 100
175 100
176 99
177 99
178 98
179 98
180 97
181 97
182 96
183 95
184 95
185 94
186 93
187 92
188 92
189 91
190 90
191 89
192 89
193 88
194 87
195 87
196 86
197 85
198 85
199 84
200 83
201 83
202 82
203 82
204 81
205 81
206 81
207 80
208 80
209 79
210 79
211 79
212 78
213 78
214 78
215 77
216 77
217 77
218 77
219 76
220 76
221 76
222 76
223 76
224 76
225 76
226 75
227 75
228 75
229 75
230 75
231 75
232 75
233 75
234 75
235 75
236 75
237 75
238 75
239 75
240 75
241 75
242 75
243 76
244 76
245 76
246 76
247 76
248 77
249 77
250 78
251 78
252 79
253 79
254 80
255 80
256 81
257 82
258 82
259 83
260 84
261 85
262 85
263 86
264 87
265 88
266 88
267 89
268 90
269 91
270 92
271 92
272 93
273 94
274 94
275 95
276 96
277 96
278 97
279 98
280 98
281 99
282 100
283 100
284 101
285 101
286 102
287 102
288 103
289 103
290 104
291 104
292 104
293 105
294 105
295 105
296 105
297 105
298 106
299 106
300 106
301 106
302 106
303 106
304 106
305 106
306 106
307 106
308 106
309 106
310 106
311 105
312 105
313 105
314 105
315 105
316 105
317 105
318 105
319 105
320 104
321 104
322 104
323 104
324 103
325 103
326 103
327 102
328 102
329 102
330 101
331 101
332 100
333 100
334 100
335 99
336 99
337 99
338 99
339 98
340 98
341 98
342 98
343 98
344 98
345 98
346 98
347 98
348 98
349 98
350 98
351 98
352 98
353 98
354 97
355 97
356 97
357 97
358 96
359 96
360 96
361 95
362 95
363 95
364 94
365 94
366 94
367 93
368 93
369 93
370 93
371 92
372 92
373 92
374 92
375 92
376 91
377 91
378 91
379 91
380 91
381 91
382 91
383 91
384 91
385 91
386 91
387 91
388 91
389 92
390 92
391 92
392 92
393 92
394 92
395 92
396 93
397 93
398 93
399 93
400 93
401 94
402 94
403 94
404 95
405 95
406 96
407 96
408 96
409 97
410 97
411 98
412 98
413 98
414 99
415 99
416 100
417 100
418 100
419 101
420 101
421 102
422 102
423 102
424 103
425 103
426 103
427 103
428 104
429 104
430 104
431 104
432 105
433 105
434 105
435 105
436 106
437 106
438 106
439 106
440 106
441 106
442 107
443 107
444 107
445 107
446 107
447 107
448 108
449 108
450 108
451 108
452 108
453 108
454 109
455 109
456 109
457 109
458 109
459 110
460 110
461 110
462 110
463 111
464 111
465 111
466 111
467 112
468 112
469 112
470 113
471 113
472 113
473 113
474 114
475 114
476 114
477 114
478 115
479 115
480 115
481 115
482 115
483 115
484 115
485 115
486 115
487 115
488 115
489 115
490 115
491 115
492 115
493 115
494 115
495 115
496 114
497 114
498 114
499 114
500 114
501 113
502 113
503 113
504 113
505 112
506 112
507 112
508 111
509 111
510 111
511 111
512 110
513 110
514 110
515 109
516 109
517 109
518 109
519 108
520 108
521 108
522 107
523 107
524 107
525 106
526 106
527 106
528 106
529 105
530 105
531 105
532 104
533 104
534 104
535 103
536 103
