16 66
17 67
18 68
19 69
19 70
20 71
21 72
22 73
23 74
23 75
24 76
25 77
26 78
27 79
28 80
29 81
29 82
30 83
31 84
32 85
33 86
34 87
35 88
36 89
37 90
38 91
39 92
40 93
41 94
42 94
43 95
44 96
45 97
46 97
47 98
48 99
49 99
50 100
51 100
52 101
53 101
54 101
55 102
56 102
57 102
58 103
59 103
60 103
61 103
62 103
63 103
64 103
65 104
66 104
67 104
68 104
69 104
70 104
71 104
72 104
73 104
74 104
75 104
76 104
77 104
78 105
79 105
80 105
81 105
82 105
83 106
84 106
85 106
86 107
87 107
88 107
89 108
90 108
91 109
92 109
93 110
94 110
95 111
96 111
97 112
98 112
99 113
100 113
101 114
102 115
103 115
104 116
105 116
106 117
107 117
108 118
109 118
110 119
111 120
112 120
113 121
114 122
115 122
116 123
117 124
118 125
119 125
120 126
121 127
122 128
