18 86
19 87
19 88
20 89
21 90
22 91
22 92
23 93
24 94
25 95
26 96
26 97
27 98
28 99
29 100
29 101
30 102
31 103
32 104
33 105
33 106
34 107
35 108
36 109
37 110
37 111
38 112
39 113
40 114
41 115
41 116
42 117
43 118
44 119
45 120
46 121
46 122
47 123
48 124
49 125
50 126
51 127
51 128
52 129
53 130
54 131
55 132
56 133
56 134
57 135
58 136
59 137
60 138
61 139
62 140
63 141
63 142
64 143
65 144
66 145
67 146
68 147
69 148
70 149
71 150
72 151
72 152
73 153
74 154
75 155
76 156
77 157
78 158
79 159
80 160
81 161
82 162
83 163
84 164
85 164
86 165
87 166
88 167
89 168
90 168
91 169
92 170
93 170
94 171
95 171
96 172
97 172
98 173
99 173
100 173
101 174
102 174
103 174
104 174
105 174
106 174
107 174
108 175
109 175
110 175
111 175
112 175
113 175
114 175
115 174
116 174
117 174
118 174
119 174
120 174
121 174
122 174
123 174
124 174
125 174
126 174
127 174
128 174
129 174
130 174
131 175
132 175
133 175
134 175
135 175
136 176
137 176
138 176
139 177
140 177
141 178
142 178
143 179
144 179
145 180
146 180
147 181
148 182
149 182
150 183
151 184
152 184
153 185
154 186
155 187
156 187
157 188
158 189
159 190
160 190
161 191
162 192
163 193
164 194
165 194
166 195
167 196
168 197
169 197
170 198
171 199
172 200
173 200
174 201
175 202
176 202
177 203
178 203
179 204
180 204
181 205
182 205
183 206
184 206
185 207
186 207
187 208
188 208
189 208
190 209
191 209
192 209
193 210
194 210
195 210
196 210
197 210
198 211
199 211
200 211
201 211
202 211
203 211
204 211
205 211
206 211
207 211
208 210
209 210
210 210
211 210
212 210
213 209
214 209
215 209
216 208
217 208
218 207
219 207
220 207
221 206
222 205
223 205
224 204
225 204
226 203
227 202
228 202
229 201
230 200
231 199
232 199
233 198
234 197
235 196
236 195
237 194
238 193
239 192
240 191
241 190
242 189
243 188
244 187
245 186
246 185
247 184
248 183
249 182
250 181
251 180
252 179
253 178
254 177
254 176
255 175
256 174
257 173
258 172
259 171
260 170
260 169
261 168
262 167
263 166
264 165
264 164
265 163
266 162
267 161
268 160
268 159
269 158
270 157
271 156
272 155
272 154
273 153
274 152
275 151
276 150
276 149
277 148
278 147
279 146
280 145
280 144
281 143
282 142
283 141
284 140
285 139
286 138
286 137
287 136
288 135
289 134
290 133
291 132
292 131
293 130
294 129
295 128
296 127
297 126
298 125
299 124
300 124
301 123
302 122
303 121
304 120
305 120
306 119
307 118
308 118
309 117
310 116
311 116
312 115
313 114
314 114
315 113
316 113
317 112
318 111
319 111
320 110
321 110
322 109
323 109
324 108
325 108
326 107
327 107
328 106
329 106
330 105
331 105
332 104
333 104
334 103
335 103
336 103
337 102
338 102
339 101
340 101
341 100
342 100
343 99
344 99
345 99
346 98
347 98
348 97
349 97
350 96
351 96
352 95
353 95
354 95
355 94
356 94
357 93
358 93
