14 55
15 55
16 56
17 57
18 58
19 59
20 60
21 61
22 62
23 63
24 63
25 64
26 65
27 66
28 67
29 68
30 69
31 70
32 71
33 72
34 73
35 74
36 75
37 76
38 77
39 78
40 79
41 80
42 81
43 82
43 83
44 84
45 85
46 86
47 87
48 88
49 89
50 90
51 91
51 92
52 93
53 94
54 95
55 96
56 97
56 98
57 99
58 100
59 101
59 102
60 103
61 104
62 105
62 106
63 107
64 108
65 109
65 110
66 111
67 112
68 113
68 114
69 115
70 116
71 117
72 118
73 119
73 120
74 121
75 122
76 123
77 124
78 125
79 125
80 126
81 127
82 128
83 129
84 129
85 130
86 131
87 132
88 132
89 133
90 134
91 135
92 135
93 136
94 137
95 137
96 138
97 139
98 139
99 140
100 141
101 141
102 142
103 143
104 143
105 144
106 144
107 145
108 145
109 145
110 146
111 146
112 146
113 146
114 146
115 146
116 146
117 146
118 146
119 146
120 146
121 146
122 146
123 146
124 145
125 145
126 145
127 145
128 144
129 144
130 144
131 144
132 143
133 143
134 143
135 143
136 142
137 142
138 142
139 141
140 141
141 141
142 140
143 140
144 140
145 139
146 139
147 138
148 138
149 138
150 137
151 137
152 137
153 137
154 137
155 136
156 136
157 136
158 136
159 136
160 136
161 136
162 136
163 136
164 136
165 136
166 136
167 135
168 135
169 134
170 134
171 133
172 133
173 132
174 132
175 131
176 131
