10 54
11 54
12 55
13 55
14 55
15 56
16 56
17 56
18 57
19 57
20 57
21 58
22 58
23 58
24 58
25 59
26 59
27 59
28 59
29 60
30 60
31 60
32 60
33 61
34 61
35 61
36 61
37 61
38 62
39 62
40 62
41 62
42 62
43 63
44 63
45 63
46 63
47 63
48 64
49 64
50 64
51 64
52 65
53 65
54 65
55 65
56 66
57 66
58 66
59 67
60 67
61 68
62 68
63 68
64 69
65 69
66 70
67 70
68 71
69 72
70 72
71 73
72 73
73 74
74 75
75 75
76 76
77 77
78 78
79 78
80 79
81 80
82 81
83 82
84 82
85 83
86 84
87 85
88 86
89 87
90 88
91 89
92 90
93 91
94 92
95 93
96 94
97 95
98 96
99 97
100 98
101 99
101 100
102 101
103 102
104 103
105 104
106 105
107 106
107 107
108 108
109 109
110 110
111 111
112 112
113 113
113 114
114 115
115 116
116 117
117 118
118 119
119 120
119 121
120 122
121 123
122 124
123 125
124 126
125 127
126 128
127 129
128 130
129 131
130 132
131 133
132 134
133 135
134 136
135 137
136 138
137 139
138 140
139 141
140 141
141 142
142 143
143 144
144 145
145 145
146 146
147 147
148 147
149 148
150 148
151 149
152 150
153 150
154 150
155 151
156 151
157 152
158 152
159 152
160 153
161 153
162 153
163 153
164 154
165 154
166 154
167 154
168 154
169 154
170 154
171 154
172 155
173 155
174 155
175 155
176 155
177 155
178 155
179 154
180 154
181 154
182 154
183 154
184 154
185 154
186 154
187 154
188 154
189 154
190 154
191 154
192 154
193 154
194 154
195 154
196 155
197 155
198 155
199 156
200 156
201 157
202 158
203 158
204 159
205 159
206 160
207 160
208 161
209 161
210 161
211 162
212 162
213 162
214 162
215 162
216 162
217 162
218 162
219 162
220 162
221 161
222 161
223 161
224 160
225 160
226 159
227 159
228 158
229 157
230 157
231 156
232 155
233 154
234 154
235 153
236 152
237 151
238 150
239 149
240 148
241 147
242 146
243 145
244 144
245 143
246 142
247 141
248 140
249 139
250 138
251 137
251 136
252 135
253 134
254 133
255 132
256 131
257 130
258 129
259 128
259 127
260 126
261 125
262 124
263 123
264 122
265 122
266 121
267 120
268 119
269 118
270 118
271 117
272 117
273 116
274 116
275 115
276 115
277 114
278 114
279 113
280 113
