18 18
19 19
19 20
20 21
21 22
21 23
22 24
22 25
23 26
24 27
24 28
25 29
26 30
26 31
27 32
27 33
28 34
28 35
29 36
30 37
30 38
31 39
31 40
32 41
32 42
33 43
33 44
34 45
34 46
35 47
35 48
36 49
36 50
37 51
37 52
38 53
39 54
39 55
40 56
40 57
41 58
41 59
42 60
43 61
43 62
44 63
45 64
46 65
47 66
48 67
49 68
50 69
51 70
52 71
53 71
54 72
55 72
56 72
57 73
58 73
59 73
60 74
61 74
62 74
63 74
64 74
65 74
66 74
67 74
68 74
69 74
70 75
71 75
72 75
73 75
74 75
75 75
76 75
77 76
78 76
79 76
80 76
81 77
82 77
83 77
84 78
85 78
86 78
87 79
88 79
89 80
90 80
91 81
92 81
93 82
94 82
95 83
96 83
97 84
98 84
99 85
100 85
101 86
102 87
103 87
104 88
105 89
106 89
107 90
108 91
109 91
110 92
111 92
112 93
113 94
114 94
115 95
116 95
117 96
118 96
119 97
120 97
121 98
122 98
123 98
124 99
125 99
126 99
127 100
128 100
129 100
130 100
131 100
132 100
133 101
134 101
135 101
136 101
137 101
138 101
139 101
140 101
141 101
142 101
143 101
144 101
145 101
146 101
147 101
148 101
149 101
150 101
151 101
152 101
153 101
154 101
155 101
156 102
157 102
158 102
159 102
160 102
161 102
162 102
163 102
164 103
165 103
166 103
167 104
168 104
169 104
170 105
171 105
172 106
173 106
174 107
175 108
176 108
177 109
178 109
179 110
180 111
181 112
182 112
183 113
184 114
185 115
186 116
187 116
188 117
189 118
190 119
191 120
