20 64
21 63
22 63
23 63
24 62
25 62
26 61
27 61
28 60
29 60
30 60
31 59
32 59
33 59
34 58
35 58
36 57
37 57
38 57
39 56
40 56
41 56
42 55
43 55
44 55
45 55
46 54
47 54
48 54
49 53
50 53
51 53
52 53
53 53
54 52
55 52
56 52
57 52
58 52
59 52
60 52
61 51
62 51
63 51
64 51
65 51
66 51
67 51
68 51
69 51
70 52
71 52
72 52
73 52
74 52
75 52
76 52
77 53
78 53
79 53
80 54
81 54
82 54
83 55
84 55
85 55
86 56
87 56
88 57
89 57
90 58
91 59
92 59
93 60
94 60
95 61
96 62
97 63
98 63
99 64
100 65
101 66
102 67
103 68
104 68
105 69
106 70
107 71
108 72
109 73
110 74
111 75
112 76
113 77
114 77
115 78
116 79
117 80
118 81
119 82
120 82
121 83
122 84
123 85
124 85
125 86
126 87
127 88
128 88
129 89
130 90
131 91
132 91
133 92
134 93
135 94
136 94
137 95
138 96
139 96
140 97
141 97
142 98
143 98
144 99
145 99
146 100
147 100
148 100
149 100
150 101
151 101
152 101
153 101
154 101
155 102
156 102
157 102
158 102
159 102
160 102
161 102
162 102
163 102
164 102
165 102
166 101
167 101
168 101
169 101
170 101
171 101
172 101
173 101
174 101
175 101
176 101
177 100
178 100
179 100
180 100
181 100
182 100
183 100
184 100
185 100
186 100
187 100
188 100
189 100
190 100
191 100
192 100
193 100
194 100
195 100
196 100
197 100
198 100
199 100
200 100
201 100
202 100
203 100
204 101
205 101
206 101
207 101
208 101
209 101
210 101
211 101
212 101
213 102
214 102
215 102
216 102
217 102
218 103
219 103
220 103
221 103
222 103
223 103
224 104
225 104
226 104
227 104
228 104
229 105
230 105
231 105
232 105
233 105
234 106
235 106
236 106
237 106
238 106
239 106
240 106
241 106
242 106
243 106
244 106
245 106
246 106
247 106
248 105
249 105
250 105
251 105
252 104
253 104
254 104
255 103
256 103
257 103
258 102
259 102
260 101
261 101
262 100
263 100
264 100
265 99
266 99
267 98
268 98
269 97
270 97
271 96
272 96
273 95
274 95
275 94
276 94
277 94
278 93
279 93
280 93
281 93
282 92
283 92
284 92
285 92
286 92
287 92
288 92
289 91
290 91
291 91
292 91
293 91
294 91
295 91
296 91
297 91
298 91
299 91
300 91
301 91
302 91
303 91
304 91
305 91
306 91
307 92
308 92
309 92
310 92
311 92
312 92
313 92
314 92
315 92
316 92
317 92
318 92
319 92
320 93
321 93
322 93
323 93
324 94
325 94
326 94
327 95
328 95
329 96
330 96
331 96
332 97
333 97
334 98
335 98
336 99
337 99
338 100
339 100
340 101
341 101
342 102
343 102
344 103
345 103
346 104
347 104
348 105
349 105
350 106
351 107
352 107
353 108
354 109
355 110
356 111
357 112
358 113
359 114
360 115
361 116
362 117
363 118
364 119
364 120
365 121
366 122
367 123
368 124
368 125
