23 24
24 24
25 25
26 25
27 26
28 26
29 27
30 27
31 28
32 28
33 29
34 29
35 30
36 30
37 31
38 32
39 32
40 33
41 34
42 35
43 36
44 37
45 38
46 39
47 40
48 41
49 42
50 43
51 44
52 45
53 46
53 47
54 48
55 49
56 50
57 51
58 52
58 53
59 54
60 55
61 56
62 57
63 58
64 59
65 60
66 61
67 62
68 63
69 64
70 65
71 66
72 67
73 67
74 68
75 69
76 70
77 70
78 71
79 72
80 73
81 73
82 74
83 75
84 76
85 76
86 77
87 78
88 78
89 79
90 80
91 80
92 80
93 81
94 81
95 81
96 81
97 80
98 80
99 80
100 80
101 79
102 79
103 79
104 78
105 78
106 78
107 78
108 77
109 77
110 77
111 77
112 77
113 77
114 77
115 77
116 77
117 78
118 78
119 78
120 79
121 79
122 80
123 80
124 81
125 82
126 83
127 84
128 85
129 86
130 87
131 88
132 89
132 90
133 91
134 92
135 93
136 94
136 95
137 96
138 97
139 98
140 99
140 100
141 101
142 102
143 103
144 104
145 105
145 106
146 107
147 108
148 109
149 110
150 111
151 112
152 113
153 114
154 115
155 116
156 117
157 118
158 118
159 119
160 120
161 121
162 121
163 122
164 122
165 123
166 123
167 123
168 123
169 124
170 124
171 124
172 124
173 123
174 123
175 123
176 123
177 122
178 122
179 121
180 121
181 120
182 119
183 119
184 118
185 117
186 116
187 115
188 114
189 114
190 113
191 112
192 111
193 110
194 109
195 108
196 108
197 107
198 106
199 106
200 105
201 104
202 104
203 103
204 103
205 102
206 102
207 101
208 101
209 101
210 100
211 100
212 100
213 99
214 99
215 99
216 99
217 98
218 98
219 98
220 98
221 98
222 98
223 97
224 97
225 97
226 97
227 97
228 97
229 97
230 97
231 97
232 97
233 97
234 96
235 96
236 96
237 96
238 96
239 96
240 96
241 95
242 95
243 95
244 95
245 94
246 94
247 93
248 93
249 93
250 92
251 92
252 92
253 91
254 91
255 91
256 90
257 90
258 90
259 90
260 90
261 90
262 90
263 89
264 89
265 89
266 89
267 89
268 89
269 90
270 90
271 90
272 90
273 90
274 90
275 90
276 91
277 91
278 91
279 91
280 92
281 92
282 93
283 93
284 94
285 95
286 95
287 96
288 96
289 97
290 98
291 98
292 99
293 100
294 101
295 101
296 102
297 103
298 103
299 104
300 105
301 105
302 106
303 107
304 107
305 108
306 109
307 109
308 110
309 110
310 111
311 112
312 112
313 113
314 113
315 114
316 114
317 114
318 115
319 115
320 116
321 116
322 116
323 117
324 117
325 117
326 117
327 117
328 117
329 117
330 117
331 117
332 117
333 117
334 117
335 117
336 117
337 116
338 116
339 116
340 116
341 116
342 116
343 115
344 115
345 115
346 115
347 115
348 115
349 115
350 114
351 114
352 114
353 114
354 114
355 114
356 114
357 114
358 114
359 114
360 114
361 114
362 114
363 113
364 113
365 113
366 113
367 112
368 112
369 112
370 111
371 110
372 110
373 109
374 108
375 108
376 107
377 106
378 105
379 105
380 104
381 103
382 102
383 101
384 100
385 100
386 99
387 98
388 97
389 97
390 96
391 95
392 95
393 94
394 94
395 93
396 93
397 92
398 92
399 92
400 92
401 91
402 91
403 91
404 91
405 91
406 91
407 91
408 91
409 91
410 91
411 91
412 91
413 92
414 92
415 92
416 92
417 92
418 92
419 92
420 92
421 91
422 91
423 91
424 91
425 90
426 90
427 89
428 89
429 88
430 88
431 87
432 87
433 86
434 85
435 84
436 84
437 83
438 82
439 81
440 81
441 80
442 79
443 78
444 77
445 76
446 76
447 75
448 74
449 73
450 72
451 71
452 70
453 70
454 69
455 68
456 67
457 66
458 65
459 65
460 64
461 63
462 62
463 61
464 61
