29 18
30 19
31 20
32 21
32 22
33 23
34 24
35 25
36 26
37 27
37 28
38 29
39 30
40 31
41 32
42 33
43 34
44 35
44 36
45 37
46 38
47 39
48 40
49 41
50 42
51 43
52 44
53 45
54 46
55 47
56 47
57 48
58 49
59 50
60 51
61 51
62 52
63 53
64 54
65 54
66 55
67 56
68 57
69 58
70 59
71 60
72 61
73 62
74 63
75 64
75 65
76 66
77 67
78 68
78 69
79 70
79 71
80 72
81 73
81 74
82 75
82 76
83 77
83 78
84 79
85 80
85 81
86 82
86 83
87 84
87 85
88 86
88 87
89 88
90 89
90 90
91 91
91 92
92 93
93 94
93 95
94 96
95 97
95 98
96 99
97 100
98 101
99 102
100 103
101 104
102 105
103 106
104 107
105 107
106 107
107 107
108 107
109 107
110 107
111 106
112 106
113 105
114 105
115 104
116 103
117 103
118 102
119 101
120 101
121 101
122 100
123 100
124 100
125 100
126 100
127 100
128 101
129 101
130 102
131 103
132 104
133 105
134 106
135 107
135 108
136 109
137 110
137 111
138 112
139 113
139 114
140 115
140 116
141 117
142 118
142 119
143 120
144 121
144 122
145 123
146 124
147 125
147 126
148 127
149 128
150 129
151 130
152 131
153 131
154 132
155 133
156 133
157 134
158 134
159 134
160 134
161 135
162 135
163 135
164 135
165 135
166 135
167 135
168 134
169 134
170 134
171 134
172 134
173 133
174 133
175 133
176 133
177 132
178 132
179 132
180 131
181 131
182 130
183 130
184 130
185 129
186 129
187 129
188 128
189 128
190 127
191 127
192 127
193 126
194 126
195 126
196 126
197 125
198 125
199 125
200 125
201 125
202 125
203 124
204 124
205 124
206 124
207 124
208 124
209 124
210 124
211 124
212 124
213 124
214 124
215 124
216 124
217 124
218 124
219 124
220 124
221 124
222 124
223 124
224 125
225 125
226 125
227 125
228 125
229 125
230 125
231 125
232 125
233 125
234 124
235 124
236 124
237 124
238 124
239 124
240 124
241 124
242 124
243 124
244 124
245 124
246 124
247 124
248 124
249 124
250 124
251 124
252 123
253 123
254 123
255 123
256 122
257 122
258 121
259 121
260 120
261 120
262 119
263 118
264 118
265 117
266 116
267 116
268 115
269 114
270 113
271 113
272 112
273 111
274 111
275 110
276 109
277 109
278 108
279 108
280 107
281 107
282 107
283 106
284 106
285 106
286 105
287 105
288 105
289 105
290 104
291 104
292 104
293 104
294 104
295 104
296 104
297 104
298 103
299 103
300 103
301 103
302 103
303 103
304 103
305 103
306 103
307 103
308 103
309 103
310 103
311 103
312 103
313 103
314 102
315 102
316 102
317 102
318 101
319 101
320 101
321 100
322 100
323 99
324 99
325 98
326 98
327 97
328 97
329 96
330 96
331 95
332 94
333 94
334 93
