26 63
27 64
28 65
29 66
30 67
31 68
32 68
33 69
34 70
35 71
36 72
37 73
38 74
39 75
40 75
41 76
42 77
43 78
44 79
45 80
46 80
47 81
48 82
49 83
50 84
51 85
52 86
53 86
54 87
55 88
56 89
57 90
58 91
59 92
60 93
61 93
62 94
63 95
64 96
65 97
66 98
67 98
68 99
69 100
70 101
71 102
72 103
73 104
74 104
75 105
76 106
77 107
78 108
79 109
80 109
81 110
82 111
83 112
84 113
85 114
86 114
87 115
88 116
89 117
90 117
91 118
92 119
93 120
94 120
95 121
96 122
97 123
98 123
99 124
100 125
101 126
102 127
103 127
104 128
105 129
106 130
107 131
108 132
109 133
110 134
111 135
112 136
112 137
113 138
114 139
115 140
115 141
116 142
117 143
118 144
119 145
120 146
120 147
121 148
122 149
123 150
124 150
125 151
126 152
127 152
128 153
129 153
130 154
131 154
132 154
133 154
134 155
135 155
136 155
137 155
138 155
139 155
140 155
141 156
142 156
143 156
144 156
145 157
146 157
147 157
148 157
149 158
150 158
151 159
152 159
153 159
154 160
155 160
156 161
157 161
158 162
159 162
160 162
161 163
162 163
163 164
164 164
165 165
166 165
167 166
168 166
169 167
170 167
171 168
172 168
173 169
174 169
175 170
176 170
177 171
178 171
179 172
180 172
181 173
182 173
183 174
184 174
185 174
186 175
187 175
188 176
189 176
190 177
191 177
192 177
193 178
194 178
195 178
196 179
197 179
198 180
199 180
200 180
201 180
202 181
203 181
204 181
205 182
206 182
207 182
208 182
209 183
210 183
211 183
212 183
213 184
214 184
215 184
216 184
217 184
218 184
219 185
220 185
221 185
222 185
223 185
224 185
225 185
226 186
227 186
228 186
229 186
230 186
231 186
232 186
233 186
234 187
235 187
236 187
237 187
238 187
239 187
240 187
241 188
242 188
243 188
244 188
245 188
246 189
247 189
248 189
249 189
250 189
251 190
252 190
253 190
254 190
255 191
256 191
257 191
258 191
259 191
260 192
261 192
262 192
263 192
264 192
265 193
266 193
267 193
268 193
269 193
270 193
271 193
272 193
273 193
274 193
275 193
276 193
277 193
278 193
279 193
280 193
281 193
282 192
283 192
284 192
285 192
286 192
287 191
288 191
289 191
290 191
291 190
292 190
293 190
294 190
295 189
296 189
297 189
298 189
299 189
300 188
301 188
302 188
303 188
304 188
305 187
306 187
307 187
308 187
309 187
310 187
311 187
312 187
313 187
314 187
315 187
316 187
317 187
318 187
319 187
320 187
321 187
322 187
323 187
324 187
325 187
326 187
327 187
328 187
329 187
330 188
331 188
332 188
333 188
334 189
335 189
336 189
337 190
338 190
339 191
340 191
341 192
342 192
343 193
344 193
345 194
346 194
347 195
348 195
349 196
350 196
351 197
352 198
353 198
354 199
355 199
356 200
357 201
358 201
359 202
360 202
361 203
362 204
363 204
364 205
365 205
366 206
367 206
368 207
369 207
370 208
371 208
372 209
373 209
374 209
375 210
376 210
377 211
378 211
379 211
380 211
381 212
382 212
383 212
384 212
385 213
386 213
387 213
388 213
389 213
390 213
391 213
392 213
393 213
394 213
395 213
396 213
397 213
398 213
399 212
400 212
401 212
402 212
403 211
404 211
405 211
406 210
407 210
408 210
409 209
410 209
411 208
412 208
413 208
414 207
415 207
416 207
417 207
418 206
419 206
420 206
421 205
422 205
423 205
424 205
425 205
426 205
427 205
428 205
429 204
430 204
431 204
432 204
433 204
434 204
435 204
436 204
437 205
438 205
439 205
440 205
441 205
442 205
443 205
444 205
445 205
446 205
447 206
448 206
449 206
450 206
451 206
452 206
453 207
454 207
455 207
456 207
457 207
458 207
459 208
460 208
461 208
462 208
463 208
464 209
465 209
466 209
467 209
468 209
469 210
470 210
471 210
472 210
473 210
474 211
475 211
476 211
477 211
478 211
479 211
480 211
481 212
482 212
483 212
484 212
485 212
486 212
487 212
488 212
489 213
490 213
491 213
492 213
493 213
494 213
495 213
496 213
497 213
498 213
499 213
500 213
501 213
502 213
503 213
504 213
505 213
506 213
507 213
508 213
509 213
510 213
511 212
512 212
513 212
514 212
515 212
516 212
517 212
518 211
519 211
520 211
521 211
522 211
523 210
524 210
525 210
526 210
527 209
528 209
529 209
530 208
531 208
532 208
533 207
534 207
535 207
536 206
537 206
538 205
539 205
540 205
541 204
542 204
543 203
544 203
545 202
546 202
547 201
548 201
549 200
550 199
551 199
552 198
553 198
554 197
555 197
556 196
557 195
558 195
559 194
560 193
561 193
562 192
563 191
564 191
565 190
566 189
567 188
568 187
569 187
570 186
571 185
572 184
573 184
574 183
575 182
576 181
577 180
578 179
579 178
580 178
581 177
582 176
583 175
584 174
585 173
586 172
587 171
588 170
589 169
590 168
591 167
592 166
593 165
594 164
595 163
596 162
597 161
598 160
598 159
599 158
600 157
601 156
602 155
603 154
604 153
604 152
605 151
606 150
607 149
608 148
608 147
609 146
610 145
611 144
611 143
612 142
613 141
614 140
614 139
615 138
616 137
616 136
617 135
618 134
618 133
619 132
620 131
620 130
621 129
621 128
622 127
623 126
623 125
624 124
624 123
625 122
626 121
626 120
627 119
627 118
628 117
629 116
629 115
630 114
631 113
631 112
632 111
632 110
633 109
634 108
634 107
635 106
636 105
636 104
637 103
638 102
639 101
639 100
640 99
641 98
642 97
643 96
644 95
645 94
646 93
647 93
648 92
649 91
650 91
651 90
652 90
653 89
654 89
655 88
656 88
657 88
658 88
659 88
660 87
661 87
662 87
663 87
664 87
665 87
666 87
667 87
668 87
669 87
670 87
671 88
672 88
673 88
674 88
675 88
676 88
677 89
678 89
679 89
680 89
681 90
682 90
683 90
684 91
685 91
686 91
687 92
688 92
689 93
690 93
691 94
692 94
693 94
694 95
695 95
696 96
697 96
698 97
699 97
700 98
701 99
702 99
703 100
704 100
705 101
706 102
707 102
708 103
709 103
710 104
711 105
712 106
713 106
714 107
715 108
716 108
717 109
718 110
719 111
720 111
721 112
722 113
723 114
724 114
725 115
726 116
727 117
728 118
729 119
730 119
731 120
732 121
733 122
734 123
735 123
736 124
737 125
738 126
739 127
740 128
741 129
742 129
743 130
744 131
745 132
746 133
747 133
748 134
749 135
750 136
751 137
752 137
753 138
754 139
755 140
756 141
757 141
758 142
759 143
760 144
761 144
762 145
763 146
764 147
765 147
766 148
767 149
768 149
769 150
770 151
771 151
772 152
773 153
774 153
775 154
776 155
777 155
778 156
779 157
780 157
781 158
782 158
783 159
784 159
785 160
786 161
787 161
788 162
789 162
790 163
791 163
792 164
793 164
794 165
795 165
796 166
797 166
798 167
799 167
800 167
801 168
802 168
803 169
804 169
805 169
806 170
807 170
808 170
809 171
810 171
811 171
812 172
813 172
814 172
815 172
816 172
817 173
818 173
819 173
820 173
821 173
822 173
823 173
824 173
825 173
826 173
827 173
828 173
829 173
830 173
831 173
832 173
833 173
834 172
835 172
836 172
837 171
838 171
839 171
840 170
841 170
842 169
843 169
844 168
845 167
846 167
847 166
848 165
849 164
850 164
851 163
852 162
853 161
854 160
855 159
856 158
857 157
858 157
