12 69
13 69
14 70
15 71
16 72
17 73
18 74
19 75
20 76
21 77
22 78
23 79
24 80
25 81
26 82
27 83
28 84
29 85
30 86
31 87
31 88
32 89
33 90
34 91
35 92
36 93
37 94
37 95
38 96
39 97
40 98
41 99
41 100
42 101
43 102
44 103
44 104
45 105
46 106
47 107
48 108
48 109
49 110
50 111
51 112
52 113
52 114
53 115
54 116
55 117
56 118
57 119
58 120
59 121
60 122
61 123
62 124
63 125
64 126
65 127
66 127
67 128
68 129
69 129
70 130
71 131
72 131
73 131
74 132
75 132
76 133
77 133
78 133
79 133
80 134
81 134
82 134
83 134
84 134
85 135
86 135
87 135
88 135
89 136
90 136
91 137
92 137
93 138
94 138
95 139
96 140
97 140
98 141
99 142
100 143
101 143
102 144
103 145
104 146
105 147
106 147
107 148
108 149
109 149
110 150
111 151
112 151
113 152
114 152
115 153
116 153
117 153
118 154
119 154
120 154
121 154
122 155
123 155
124 155
125 155
126 155
127 155
128 155
129 155
130 155
131 155
132 155
133 154
134 154
135 154
136 154
137 154
138 153
139 153
140 153
141 152
142 152
143 152
144 151
145 151
146 150
147 150
148 150
149 149
150 149
151 148
152 148
153 147
154 147
155 146
156 146
157 145
158 144
159 144
160 143
161 143
162 142
163 141
164 141
165 140
166 140
167 139
168 138
169 138
170 137
171 136
172 135
173 135
174 134
175 133
176 133
177 132
178 131
179 130
180 130
181 129
182 128
183 127
184 127
185 126
186 125
187 124
188 123
189 123
190 122
191 121
192 120
193 119
194 118
195 118
196 117
197 116
198 115
199 114
200 113
201 113
202 112
203 111
204 110
205 109
206 108
207 108
208 107
209 106
210 105
211 104
212 104
213 103
214 102
215 101
216 100
217 100
218 99
219 98
220 97
221 97
222 96
223 95
224 95
225 94
226 93
227 93
228 92
229 92
230 91
231 91
232 90
233 90
234 89
235 89
236 88
237 88
238 88
239 87
240 87
241 87
242 86
243 86
244 86
245 86
246 85
247 85
248 85
249 85
250 85
