7 28
8 29
8 30
9 31
10 32
10 33
11 34
12 35
12 36
13 37
13 38
14 39
15 40
16 41
16 42
17 43
18 44
19 45
19 46
20 47
21 48
22 49
23 50
24 51
25 52
26 53
27 54
28 55
29 56
30 56
31 57
32 58
33 59
34 59
35 60
36 60
37 61
38 61
39 62
40 62
41 62
42 63
43 63
44 63
45 64
46 64
47 64
48 64
49 64
50 65
51 65
52 65
53 65
54 65
55 65
56 65
57 65
58 65
59 65
60 65
61 65
62 65
63 65
64 65
65 65
66 65
67 65
68 65
69 64
70 64
71 64
72 64
73 64
74 64
75 64
76 64
77 64
78 64
79 64
80 64
81 64
82 64
83 65
84 65
85 65
86 65
87 65
88 65
89 66
90 66
91 66
92 66
93 67
94 67
95 67
96 68
97 68
98 69
99 69
100 70
101 71
102 71
103 72
104 73
105 74
106 75
107 76
108 77
109 78
110 79
111 80
112 81
112 82
113 83
114 84
115 85
115 86
116 87
117 88
117 89
118 90
119 91
119 92
120 93
120 94
121 95
122 96
122 97
123 98
124 99
124 100
125 101
125 102
126 103
127 104
127 105
128 106
129 107
130 108
130 109
131 110
132 111
132 112
133 113
134 114
135 115
136 116
136 117
137 118
138 119
139 120
140 121
141 122
142 123
143 124
144 125
145 126
146 126
147 127
148 128
149 128
150 129
151 129
152 129
153 130
154 130
155 130
156 130
157 130
158 130
159 130
160 130
161 130
162 130
163 130
164 129
165 129
166 129
167 128
168 128
169 127
170 127
171 126
172 126
173 125
174 124
175 124
176 123
177 122
178 122
179 121
180 120
181 120
182 119
183 118
184 117
185 116
186 116
187 115
188 114
189 113
190 112
191 111
192 110
193 109
194 109
195 108
196 107
197 106
198 105
199 104
200 103
201 103
202 102
203 101
204 100
205 99
206 99
207 98
208 97
209 97
210 96
211 96
212 95
213 95
214 94
215 94
216 93
217 93
218 92
219 92
220 91
221 91
222 90
223 90
224 90
225 89
226 89
227 88
228 88
229 87
230 87
231 86
232 86
233 85
234 85
235 84
236 83
237 83
238 82
239 82
240 81
241 81
242 80
243 79
244 79
245 78
246 78
247 77
248 77
249 76
250 75
251 75
252 74
253 74
254 73
255 73
256 72
257 72
258 71
259 71
260 71
261 70
262 70
263 69
264 69
265 69
266 68
267 68
268 68
269 68
270 67
271 67
272 67
273 67
274 67
275 66
276 66
277 66
278 66
279 66
280 66
281 66
282 66
283 66
284 66
285 66
286 66
287 67
288 67
289 67
290 67
291 68
292 68
293 68
294 69
295 69
296 70
297 70
298 71
299 71
300 72
