12 59
13 60
14 61
14 62
15 63
16 64
16 65
17 66
18 67
18 68
19 69
19 70
20 71
21 72
21 73
22 74
23 75
23 76
24 77
25 78
25 79
26 80
27 81
27 82
28 83
29 84
29 85
30 86
31 87
32 88
32 89
33 90
34 91
34 92
35 93
36 94
37 95
38 96
39 97
39 98
40 99
41 100
42 101
43 102
44 103
45 104
46 105
47 106
48 107
49 108
50 109
51 109
52 110
53 111
54 112
55 112
56 113
57 114
58 114
59 115
60 116
61 116
62 117
63 117
64 118
65 118
66 119
67 119
68 120
69 120
70 121
71 121
72 122
73 122
74 123
75 123
76 123
77 124
78 124
79 125
80 125
81 125
82 126
83 126
84 127
85 127
86 128
87 128
88 128
89 129
90 130
91 130
92 131
93 131
94 132
95 132
96 133
97 134
98 134
99 135
100 135
101 136
102 137
103 137
104 138
105 138
106 139
107 139
108 140
109 140
110 140
111 141
112 141
113 141
114 142
115 142
116 142
117 142
118 142
119 143
120 143
121 143
122 143
123 143
124 143
125 143
126 143
127 142
128 142
129 142
130 142
131 142
132 142
133 141
134 141
135 141
136 141
137 140
138 140
139 140
140 139
141 139
142 139
143 138
144 138
145 138
146 137
147 137
148 136
149 136
150 136
151 135
152 135
153 134
154 134
155 134
156 133
157 133
158 133
159 132
160 132
161 131
162 131
163 131
164 130
165 130
166 130
167 129
168 129
169 128
170 128
171 128
172 127
173 127
174 126
175 126
176 125
177 125
178 124
179 124
180 123
181 122
182 121
183 121
184 120
185 119
186 118
187 117
188 117
189 116
190 115
191 114
192 113
193 112
194 111
195 110
196 109
197 108
198 107
