10 66
11 67
12 68
13 69
14 70
15 71
16 72
17 72
18 73
19 74
20 75
21 76
22 77
23 78
24 78
25 79
26 80
27 81
28 81
29 82
30 83
31 83
32 84
33 84
34 85
35 85
36 86
37 86
38 87
39 87
40 87
41 87
42 88
43 88
44 88
45 88
46 88
47 88
48 88
49 88
50 88
51 88
52 88
53 87
54 87
55 87
56 86
57 86
58 86
59 85
60 85
61 84
62 84
63 83
64 82
65 82
66 81
67 81
68 80
69 79
70 79
71 78
72 77
73 77
74 76
75 76
76 75
77 75
78 74
79 74
80 74
81 73
82 73
83 73
84 72
85 72
86 72
87 71
88 71
89 71
90 70
91 70
92 70
93 69
94 69
95 68
96 68
97 67
98 67
99 67
100 66
101 66
102 65
103 65
104 64
105 64
106 63
107 63
108 62
109 62
110 61
111 61
112 60
113 60
114 59
115 59
116 59
117 58
118 58
119 58
120 57
121 57
122 57
123 57
124 56
125 56
126 56
127 56
128 56
129 56
130 56
131 56
132 56
133 57
134 57
135 57
136 57
137 58
138 58
139 59
140 60
141 60
142 61
143 62
144 63
145 64
146 65
147 65
148 66
149 67
150 68
151 69
152 70
153 71
154 72
155 73
156 74
157 75
158 75
159 76
160 77
161 78
162 79
163 80
164 80
165 81
166 82
167 83
168 83
169 84
170 85
171 85
172 86
173 87
174 87
175 88
176 89
177 89
178 90
179 90
180 91
181 91
182 92
183 92
184 93
185 93
186 93
187 94
188 94
189 95
190 95
191 95
192 96
193 96
194 96
195 96
196 97
197 97
198 97
199 97
200 97
201 98
202 98
203 98
204 98
205 98
206 98
207 98
208 99
209 99
210 99
211 99
212 99
213 99
214 99
215 99
216 99
217 99
218 99
219 99
220 99
221 99
222 99
223 99
224 99
225 99
226 100
227 100
228 100
229 100
230 100
231 100
232 100
233 101
234 101
235 101
236 102
237 102
238 102
239 103
240 103
241 104
242 104
243 105
244 106
245 106
246 107
247 108
248 109
249 109
250 110
251 111
252 112
253 112
254 113
255 114
256 115
257 116
258 117
259 118
260 119
261 120
262 121
263 122
264 123
264 124
265 125
266 126
267 127
268 128
269 129
270 130
271 131
272 132
273 133
274 133
275 134
276 135
277 135
278 136
279 137
280 137
281 137
282 138
283 138
284 138
285 139
286 139
287 139
288 139
289 139
290 139
291 139
292 139
293 139
294 139
295 138
296 138
297 138
298 137
299 137
300 137
301 136
302 136
303 135
304 135
305 134
306 134
307 133
308 133
309 132
310 132
311 131
312 131
313 130
314 130
315 130
316 129
317 129
318 128
319 128
320 127
321 127
322 126
323 126
324 125
325 125
326 124
327 124
328 123
329 123
330 122
331 122
332 121
333 121
334 121
335 120
336 120
