6 8
7 9
7 10
8 11
9 12
10 13
11 14
12 15
13 16
13 17
14 18
15 19
16 20
17 21
18 22
19 23
20 24
21 25
22 26
23 27
24 28
25 29
26 30
27 31
28 32
29 33
30 34
31 35
32 36
33 37
34 38
35 39
36 40
37 41
38 42
39 43
40 44
41 45
42 46
43 47
44 48
45 49
46 50
47 51
48 52
49 53
50 54
51 55
52 56
53 57
54 58
55 59
56 60
57 61
58 62
59 63
60 64
61 65
62 66
63 67
64 68
65 69
66 70
67 71
68 72
69 73
70 73
71 74
72 75
73 76
74 76
75 77
76 78
77 79
78 79
79 80
80 81
81 81
82 82
83 82
84 83
85 84
86 84
87 85
88 85
89 86
90 86
91 86
92 87
93 87
94 87
95 87
96 88
97 88
98 88
99 88
100 88
101 87
102 87
103 87
104 87
105 87
106 86
107 86
108 86
109 85
110 85
111 85
112 85
113 84
114 84
115 84
116 83
117 83
118 83
119 83
120 82
121 82
122 82
123 82
124 81
125 81
126 81
127 81
128 80
129 80
130 80
131 80
132 80
133 80
134 79
135 79
136 79
137 79
138 79
139 79
140 79
141 79
142 78
143 78
144 78
145 78
146 78
147 78
148 78
149 78
150 78
151 78
152 78
153 79
154 79
155 79
156 79
157 79
158 79
159 80
160 80
161 80
162 80
163 81
164 81
165 81
166 82
167 82
168 83
169 83
170 83
171 84
172 84
173 85
174 85
175 86
176 86
177 87
178 87
179 88
180 88
181 89
