13 45
14 46
14 47
15 48
15 49
16 50
16 51
17 52
17 53
18 54
18 55
19 56
19 57
20 58
20 59
21 60
22 61
22 62
23 63
23 64
24 65
25 66
26 67
26 68
27 69
28 70
29 71
30 72
31 73
32 74
33 75
34 76
35 77
35 78
36 79
37 80
38 81
39 82
40 83
41 84
42 85
43 86
44 87
45 88
46 89
47 90
48 91
49 92
50 93
51 93
52 94
53 94
54 95
55 95
56 95
57 96
58 96
59 96
60 96
61 95
62 95
63 95
64 94
65 94
66 94
67 93
68 93
69 92
70 91
71 91
72 90
73 90
74 89
75 88
76 88
77 87
78 86
79 85
80 85
81 84
82 83
83 83
84 82
85 81
86 80
87 80
88 79
89 78
90 78
91 77
92 76
93 76
94 75
95 75
96 74
97 73
98 73
99 72
100 72
101 71
102 71
103 70
104 70
105 69
106 69
107 69
108 68
109 68
110 68
111 68
112 68
113 68
114 68
115 68
116 68
117 68
118 68
119 68
120 68
121 69
122 69
123 70
124 71
125 72
126 73
127 74
128 75
129 76
130 77
131 78
132 79
133 80
134 80
135 80
136 80
137 80
138 80
139 79
140 79
141 78
142 78
143 77
144 77
145 76
146 76
147 75
148 75
149 74
150 74
151 73
152 73
153 72
154 72
155 71
156 71
157 70
158 70
