19 33
19 34
20 35
21 36
22 37
22 38
23 39
24 40
25 41
25 42
26 43
27 44
28 45
28 46
29 47
30 48
31 49
32 50
32 51
33 52
34 53
35 54
36 55
37 56
38 57
39 58
39 59
40 60
41 61
42 62
43 63
44 64
45 64
46 65
47 66
48 67
49 68
50 69
51 69
52 70
53 71
54 71
55 72
56 72
57 73
58 74
59 74
60 75
61 75
62 75
63 76
64 76
65 77
66 77
67 77
68 78
69 78
70 78
71 79
72 79
73 79
74 80
75 80
76 80
77 81
78 81
79 81
80 82
81 82
82 83
83 83
84 83
85 84
86 84
87 85
88 85
89 86
90 86
91 87
92 88
93 88
94 89
95 90
96 90
97 91
98 92
99 93
100 94
101 95
102 96
103 97
104 98
105 99
106 100
107 100
108 101
109 102
110 103
111 104
112 105
113 106
114 106
115 107
116 108
117 109
118 109
119 110
120 111
121 111
122 112
123 113
124 114
125 114
126 115
127 116
128 116
129 117
130 118
131 119
132 119
133 120
134 121
135 122
136 122
137 123
138 124
139 125
140 126
141 127
142 127
143 128
144 129
145 130
146 131
147 132
148 133
149 133
150 134
151 135
152 136
153 137
154 138
155 139
156 139
157 140
158 141
159 142
160 143
161 144
162 144
163 145
164 146
165 147
166 147
167 148
168 149
169 150
170 150
171 151
172 152
173 153
174 153
175 154
176 155
177 155
178 156
179 156
180 157
181 158
182 158
183 159
184 159
185 160
186 160
187 161
188 161
189 162
190 162
191 163
192 163
193 163
194 164
195 164
196 164
197 165
198 165
199 165
200 165
201 166
202 166
203 166
204 166
205 166
206 166
207 166
208 166
209 166
210 166
211 166
212 166
213 166
214 166
215 166
216 166
217 165
218 165
219 165
220 165
221 164
222 164
223 163
224 163
225 163
226 162
227 162
228 161
229 161
230 160
231 160
232 159
233 159
234 158
235 157
236 157
237 156
238 155
239 155
240 154
241 153
242 152
243 151
244 151
245 150
246 149
247 148
248 147
249 146
250 145
251 144
252 143
253 142
254 141
255 140
256 139
257 138
258 137
259 136
260 135
261 134
262 133
263 132
264 131
265 130
265 129
266 128
267 127
268 126
269 125
270 124
271 123
271 122
272 121
273 120
274 119
275 118
276 117
276 116
277 115
278 114
279 113
280 112
280 111
281 110
282 109
283 108
284 107
285 106
285 105
286 104
287 103
288 102
289 101
290 100
291 99
292 98
293 97
294 96
295 96
296 95
297 94
298 94
299 93
300 93
301 92
302 92
303 92
304 92
305 91
306 91
307 91
308 91
309 91
310 91
311 91
312 91
313 91
314 92
315 92
316 92
317 92
318 93
319 93
320 93
321 94
322 94
323 94
324 95
325 95
326 96
327 96
328 97
329 97
330 98
331 98
332 99
333 99
334 100
335 100
336 101
337 101
338 102
339 103
340 103
341 104
342 104
343 105
344 106
345 106
346 107
347 108
348 108
349 109
350 110
351 110
352 111
353 111
354 112
355 113
356 113
357 114
358 115
359 115
360 116
361 117
362 117
363 118
364 119
365 119
366 120
367 120
368 121
369 122
370 122
371 123
372 123
373 124
374 124
375 125
376 125
377 126
378 126
379 127
380 127
381 128
382 128
383 129
384 129
385 130
386 130
387 130
388 131
389 131
390 132
391 132
392 132
393 133
394 133
395 133
396 133
397 134
398 134
399 134
400 134
401 135
402 135
403 135
404 135
405 135
406 136
407 136
408 136
409 136
410 136
411 136
412 136
413 136
414 136
415 137
416 137
417 137
418 137
419 137
420 137
421 137
422 137
423 137
424 137
425 137
426 137
427 137
428 137
429 137
430 137
431 137
432 138
433 138
434 138
435 138
436 138
437 138
438 139
439 139
440 139
441 140
442 140
443 140
444 141
445 141
446 142
447 142
448 143
449 144
450 144
451 145
452 146
453 146
454 147
455 148
456 149
457 149
458 150
459 151
460 152
461 153
462 153
463 154
464 155
465 156
466 157
467 158
468 158
469 159
470 160
471 161
472 161
473 162
474 163
475 163
476 164
477 164
478 165
479 165
480 166
481 166
482 166
483 167
484 167
485 167
486 167
487 167
488 167
489 166
490 166
491 166
492 165
493 165
494 165
495 165
496 164
497 164
498 164
499 163
500 163
501 163
502 163
503 162
504 162
505 162
506 162
507 161
508 161
509 161
510 161
511 160
512 160
513 160
514 160
515 159
516 159
517 158
518 158
519 158
520 157
521 157
522 156
523 156
524 155
525 154
526 154
527 153
528 153
529 152
530 152
531 151
532 150
533 150
534 149
535 149
536 148
537 147
538 147
539 146
540 146
541 145
542 144
543 144
544 143
545 143
546 142
547 141
548 141
549 140
550 139
551 139
552 138
553 138
554 137
555 136
556 136
557 135
558 135
559 134
560 134
561 133
562 132
563 132
564 131
565 131
566 130
567 130
568 129
569 129
570 128
571 128
572 127
573 127
574 126
575 126
576 126
577 125
578 125
579 124
580 124
581 124
582 123
583 123
584 123
585 122
586 122
587 122
588 122
589 121
590 121
591 121
592 120
593 120
594 120
595 120
596 119
597 119
598 119
599 119
600 118
601 118
602 118
603 118
604 117
605 117
606 117
607 117
608 116
609 116
610 116
611 116
612 115
613 115
614 115
615 114
616 114
617 114
618 113
619 113
620 113
621 112
622 112
623 111
624 111
625 111
626 110
627 110
628 110
629 109
630 109
631 108
632 108
633 108
634 107
635 107
636 106
637 106
638 106
639 105
640 105
641 104
642 104
643 104
644 103
645 103
646 103
647 102
648 102
649 102
650 102
651 101
652 101
653 101
654 101
655 101
656 101
657 101
658 101
659 101
660 101
661 101
662 101
663 101
664 101
665 101
666 101
667 101
668 101
669 101
670 100
671 100
672 100
673 100
674 100
675 99
676 99
677 99
678 99
679 98
680 98
681 97
682 97
683 97
684 96
685 96
686 95
687 95
688 94
689 94
690 93
691 93
692 92
693 92
694 91
695 91
