8 39
9 40
9 41
9 42
10 43
10 44
11 45
11 46
11 47
12 48
12 49
13 50
13 51
14 52
14 53
14 54
15 55
15 56
16 57
17 58
17 59
18 60
18 61
19 62
20 63
21 64
22 65
23 66
24 67
25 68
26 68
27 69
28 70
29 70
30 71
31 71
32 71
33 72
34 72
35 73
36 73
37 73
38 74
39 74
40 75
41 75
42 75
43 76
44 76
45 77
46 77
47 78
48 78
49 79
50 80
51 80
52 81
53 82
54 82
55 83
56 84
57 85
58 85
59 86
60 87
61 87
62 88
63 89
64 90
65 90
66 91
67 92
68 92
69 93
70 93
71 94
72 94
73 95
74 95
75 96
76 96
77 97
78 97
79 98
80 98
81 98
82 99
83 99
84 99
85 99
86 100
87 100
88 100
89 100
90 100
91 101
92 101
93 101
94 101
95 101
96 101
97 101
98 101
99 101
100 101
101 101
102 101
103 101
104 100
105 100
106 100
107 100
108 100
109 99
110 99
111 99
112 98
113 98
114 98
115 97
116 97
117 96
118 96
119 95
120 95
121 94
122 94
123 93
124 92
125 92
126 91
127 90
128 90
129 89
130 88
131 87
132 86
133 85
134 85
135 84
136 83
137 82
138 81
139 80
140 79
141 78
142 77
143 76
144 75
145 75
146 74
147 73
148 72
149 71
150 70
151 70
152 69
153 68
154 67
155 67
156 66
157 66
158 65
159 65
160 64
161 64
162 64
163 63
164 63
165 63
166 63
167 62
168 62
169 62
170 62
171 62
172 62
173 62
174 62
175 63
176 63
177 63
178 63
179 64
180 64
181 64
182 65
183 65
184 66
185 66
186 67
187 68
188 68
189 69
190 70
191 70
192 71
193 72
194 73
195 73
196 74
197 75
198 76
199 76
200 77
201 78
202 79
203 80
204 81
205 81
206 82
207 83
208 84
209 85
210 86
211 86
212 87
213 88
214 89
215 89
216 90
217 91
218 91
219 92
220 92
221 93
222 93
223 94
224 94
225 94
226 95
227 95
228 96
229 96
230 96
231 97
232 97
233 98
234 99
235 99
236 100
237 100
238 101
239 102
240 103
241 103
242 104
243 105
244 106
245 106
246 107
247 108
248 109
249 110
250 111
251 112
252 113
253 114
254 114
255 115
256 116
257 117
258 118
259 119
260 120
261 121
262 122
263 123
264 123
265 124
266 125
267 125
268 126
269 127
270 127
271 128
272 128
273 128
274 129
275 129
276 129
277 129
278 129
279 129
280 129
281 129
282 129
283 128
284 128
285 127
286 127
287 126
288 125
289 124
290 124
291 123
292 122
293 121
294 120
295 119
296 118
297 117
298 116
299 115
300 114
301 113
302 112
303 112
304 111
305 110
306 109
307 108
308 107
309 107
310 106
311 105
312 104
313 104
314 103
315 103
316 102
317 101
318 101
319 100
320 100
321 100
322 99
323 99
324 98
325 98
326 98
327 98
328 97
329 97
330 97
331 97
332 96
333 96
334 96
335 95
336 95
337 94
338 94
339 93
340 92
341 92
342 91
343 90
344 90
345 89
346 88
347 88
348 87
349 87
350 86
351 86
352 86
353 85
354 85
355 85
356 84
357 84
358 84
359 84
360 83
361 83
362 83
363 82
364 82
365 82
366 82
367 81
368 81
369 81
370 80
371 80
372 80
373 80
374 79
375 79
376 79
377 79
378 78
379 78
380 78
381 78
382 78
383 78
384 78
385 78
386 78
387 78
388 78
389 78
390 78
391 78
392 78
393 78
394 78
395 79
396 79
397 79
398 79
399 79
400 80
401 80
402 80
403 81
404 81
405 81
406 82
407 82
408 82
409 83
410 83
411 84
412 84
413 84
414 85
415 85
416 86
417 86
418 87
419 87
420 88
421 88
422 89
423 89
424 90
425 90
426 90
427 91
428 91
429 92
430 92
431 93
432 93
433 94
434 94
435 95
436 95
437 96
438 96
439 97
440 97
441 97
442 98
443 98
444 99
445 99
446 100
447 100
448 101
449 101
450 102
451 102
452 103
453 103
454 104
455 104
456 105
457 106
