10 36
11 36
12 37
13 37
14 37
15 37
16 37
17 37
18 38
19 38
20 38
21 39
22 39
23 40
24 40
25 41
26 42
27 42
28 43
29 43
30 44
31 44
32 45
33 45
34 45
35 46
36 46
37 46
38 46
39 46
40 46
41 46
42 46
43 46
44 46
45 46
46 46
47 46
48 46
49 46
50 46
51 46
52 45
53 45
54 45
55 45
56 45
57 44
58 44
59 44
60 44
61 43
62 43
63 43
64 43
65 42
66 42
67 42
68 42
69 41
70 41
71 41
72 41
73 41
74 40
75 40
76 40
77 40
78 40
79 40
80 41
81 41
82 41
83 41
84 42
85 42
86 43
87 43
88 44
89 44
90 45
91 46
92 46
93 47
