8 11
9 12
9 13
10 14
11 15
11 16
12 17
12 18
13 19
14 20
14 21
15 22
15 23
16 24
17 25
17 26
18 27
19 28
19 29
20 30
20 31
21 32
22 33
22 34
23 35
24 36
24 37
25 38
25 39
26 40
27 41
27 42
28 43
29 44
29 45
30 46
31 47
31 48
32 49
32 50
33 51
34 52
35 53
35 54
36 55
36 56
37 57
38 58
39 59
39 60
40 61
41 62
41 63
42 64
43 65
43 66
44 67
45 68
46 69
46 70
47 71
48 72
48 73
49 74
50 75
51 76
52 77
52 78
53 79
54 80
55 81
55 82
56 83
57 84
58 85
59 86
59 87
60 88
61 89
62 90
63 91
63 92
64 93
65 94
66 95
67 96
68 97
69 98
69 99
70 100
71 101
72 102
73 103
74 104
75 105
76 106
77 107
78 108
79 109
80 110
81 111
82 112
83 113
84 114
85 115
86 116
87 117
88 118
89 119
90 120
91 121
92 122
93 122
94 123
95 124
96 125
97 126
98 127
99 128
100 128
101 129
102 130
103 131
104 132
105 132
106 133
107 134
108 135
109 135
110 136
111 137
112 138
113 138
114 139
115 140
116 140
117 141
118 142
119 142
120 143
121 143
122 144
123 145
124 145
125 146
126 146
127 147
128 147
129 148
130 148
131 149
132 149
133 150
134 150
135 151
136 151
137 151
138 152
139 152
140 152
141 153
142 153
143 153
144 154
145 154
146 154
147 154
148 154
149 155
150 155
151 155
152 155
153 155
154 155
155 155
156 155
157 155
158 155
159 155
160 155
161 155
162 155
163 155
164 155
165 155
166 155
167 155
168 155
169 155
170 155
171 155
172 154
173 154
174 154
175 154
176 154
177 154
178 154
179 154
180 154
181 154
182 154
183 154
184 154
185 154
186 154
187 154
188 154
189 154
190 154
191 154
192 154
193 155
194 155
195 155
196 156
197 156
198 157
199 157
200 158
201 158
202 159
203 160
204 160
205 161
206 162
207 163
208 163
209 164
210 165
211 166
212 166
213 167
214 168
215 169
216 169
217 170
218 171
219 172
220 172
221 173
222 174
223 174
224 175
225 175
226 176
227 177
228 177
229 178
230 178
231 178
232 179
233 179
234 180
235 180
236 180
237 181
238 181
239 181
240 181
241 182
242 182
243 182
244 182
245 182
246 182
247 182
248 182
249 182
250 182
251 182
252 181
253 181
254 181
255 181
256 181
257 180
258 180
259 180
260 179
261 179
262 178
263 178
264 177
265 177
266 176
267 176
268 175
269 175
270 174
271 173
272 172
273 172
274 171
275 170
276 169
277 169
278 168
279 167
280 166
281 165
282 164
283 163
284 162
285 161
286 160
287 159
288 158
289 157
290 156
291 155
292 154
293 153
293 152
294 151
295 150
296 149
297 148
298 147
298 146
299 145
300 144
301 143
301 142
302 141
303 140
304 139
304 138
305 137
306 136
307 135
307 134
308 133
309 132
310 131
310 130
311 129
312 128
312 127
313 126
314 125
314 124
315 123
316 122
317 121
317 120
318 119
319 118
320 117
321 116
321 115
322 114
323 113
324 112
325 111
326 110
327 110
328 109
329 108
330 108
331 107
332 107
333 107
334 107
335 107
336 107
337 107
338 107
339 107
340 107
341 107
342 108
343 108
344 109
345 109
346 110
347 110
348 111
349 112
350 112
351 113
352 113
353 114
354 115
355 115
356 116
357 117
358 117
359 118
360 119
361 119
362 120
363 121
364 121
365 122
366 123
367 124
368 125
369 126
370 126
371 127
372 128
372 129
373 130
374 131
375 132
376 133
377 134
377 135
378 136
379 137
379 138
380 139
381 140
381 141
382 142
383 143
383 144
384 145
384 146
385 147
386 148
386 149
387 150
387 151
388 152
388 153
389 154
389 155
390 156
391 157
391 158
392 159
392 160
393 161
393 162
394 163
395 164
395 165
396 166
396 167
397 168
397 169
398 170
399 171
399 172
400 173
401 174
401 175
402 176
403 177
403 178
404 179
405 180
406 181
407 182
408 183
409 184
410 185
411 185
412 186
413 187
414 187
415 188
416 188
417 188
418 189
419 189
420 189
421 189
422 189
423 189
424 189
425 189
426 189
427 188
428 188
429 187
430 187
431 186
432 185
433 185
434 184
435 183
436 182
437 182
438 181
439 180
440 180
441 179
442 178
443 178
444 177
445 177
446 176
447 176
448 175
449 175
450 174
451 174
452 173
453 173
454 173
455 172
456 172
457 172
458 171
459 171
460 171
461 170
462 170
463 170
464 169
465 169
466 169
467 169
468 168
469 168
470 168
471 168
472 167
473 167
474 167
475 166
476 166
477 166
478 165
479 165
480 165
481 164
482 164
483 164
484 163
485 163
486 163
487 162
488 162
489 161
490 161
491 161
492 160
493 160
494 159
495 159
496 158
497 158
498 157
499 157
500 156
501 156
502 155
503 155
504 154
505 154
506 153
507 153
508 152
509 152
510 151
511 151
512 150
513 150
514 149
515 148
516 148
517 147
518 147
519 146
520 145
521 145
522 144
523 143
524 142
525 141
526 141
527 140
528 139
529 138
530 137
531 136
532 135
533 134
534 133
535 132
536 131
537 130
537 129
538 128
539 127
540 126
541 125
542 124
543 123
543 122
544 121
545 120
546 119
547 119
