14 20
15 21
16 22
17 23
18 23
19 24
20 25
21 26
22 27
23 27
24 28
25 29
26 29
27 30
28 30
29 31
30 31
31 32
32 32
33 33
34 34
35 34
36 35
37 36
38 36
39 37
40 38
41 39
42 40
43 41
43 42
44 43
45 44
46 45
47 46
47 47
48 48
49 49
50 50
50 51
51 52
52 53
52 54
53 55
54 56
54 57
55 58
56 59
56 60
57 61
58 62
58 63
59 64
60 65
61 66
61 67
62 68
63 69
64 70
65 70
66 71
67 72
68 72
69 73
70 73
71 73
72 73
73 74
74 74
75 74
76 74
77 74
78 74
79 74
80 73
81 73
82 73
83 73
84 72
85 72
86 71
87 71
88 70
89 70
90 69
91 69
92 68
93 68
94 68
95 67
96 67
97 66
98 66
99 66
100 65
101 65
102 65
103 65
104 64
105 64
106 64
107 64
108 63
109 63
110 63
111 63
112 62
113 62
114 62
115 62
116 61
117 61
118 61
119 61
120 60
121 60
122 60
123 60
124 60
125 60
126 60
127 60
128 60
129 60
130 60
131 61
132 61
133 61
134 62
135 62
136 63
137 63
138 64
139 64
140 64
141 65
142 65
143 65
144 65
145 65
146 65
147 65
148 65
149 65
150 64
151 64
152 64
153 63
154 63
155 63
156 62
157 62
158 61
159 61
160 60
161 60
162 60
163 59
164 59
165 58
166 58
167 57
168 57
169 57
170 56
171 56
172 56
173 55
174 55
175 55
176 55
177 55
178 54
179 54
180 54
181 54
182 54
183 54
184 54
185 54
186 54
187 54
188 54
189 54
190 55
191 55
192 55
193 56
194 56
195 57
196 57
197 58
198 59
199 60
200 61
201 62
202 63
203 64
204 65
205 66
206 67
207 68
208 69
209 70
210 71
211 72
212 73
213 74
214 74
215 75
216 76
217 76
218 77
219 77
220 77
221 77
222 77
223 77
224 77
225 77
226 76
227 76
228 76
229 75
230 74
231 74
232 73
233 72
234 71
235 70
236 69
237 68
238 67
239 66
240 65
241 64
242 63
243 62
243 61
244 60
245 59
246 58
246 57
