5 0
5 1
6 2
6 3
7 4
7 5
7 6
8 7
8 8
9 9
9 10
9 11
10 12
10 13
10 14
11 15
11 16
11 17
12 18
12 19
12 20
13 21
13 22
13 23
14 24
14 25
14 26
15 27
15 28
15 29
16 30
16 31
17 32
17 33
18 34
18 35
19 36
19 37
20 38
21 39
21 40
22 41
23 42
24 43
25 44
26 45
27 46
28 47
29 48
30 49
31 49
32 50
33 51
34 51
35 52
36 52
37 53
38 53
39 54
40 54
41 54
42 55
43 55
44 56
45 56
46 56
47 57
48 57
49 57
50 57
51 58
52 58
53 58
54 58
55 59
56 59
57 59
58 59
59 59
60 59
61 59
62 59
63 60
64 60
65 60
66 60
67 60
68 59
69 59
70 59
71 59
72 59
73 59
74 59
75 59
76 59
77 59
78 59
79 59
80 59
81 59
82 59
83 60
84 60
85 60
86 60
87 60
88 61
89 61
90 62
91 62
92 63
93 63
94 64
95 64
96 65
97 65
98 66
99 66
100 67
101 67
102 67
103 68
104 68
105 68
106 68
107 68
108 67
109 67
110 67
111 66
112 66
113 65
114 65
115 64
116 63
117 63
118 62
119 61
120 61
121 60
122 59
123 59
124 58
