19 11
20 12
21 12
22 13
23 13
24 14
25 14
26 15
27 16
28 16
29 17
30 18
31 19
32 20
32 21
33 22
34 23
34 24
35 25
36 26
36 27
37 28
38 29
39 30
39 31
40 32
41 33
42 34
43 35
44 36
45 37
46 38
47 38
48 39
49 39
50 40
51 40
52 40
53 41
54 41
55 41
56 42
57 42
58 42
59 43
60 43
61 44
62 44
63 45
64 45
65 45
66 45
67 45
68 45
69 45
70 45
71 44
72 44
73 44
74 44
75 43
76 43
77 43
78 43
79 43
80 43
81 44
82 44
83 44
84 45
85 45
86 46
87 47
88 48
89 49
90 50
91 51
92 52
92 53
93 54
94 55
94 56
95 57
96 58
96 59
97 60
98 61
98 62
99 63
99 64
100 65
101 66
101 67
102 68
102 69
103 70
104 71
104 72
105 73
106 74
106 75
107 76
108 77
109 78
110 79
111 79
112 80
113 80
114 80
115 80
116 79
117 79
118 78
119 77
120 76
121 75
121 74
122 73
123 72
124 71
124 70
125 69
126 68
127 67
128 66
129 65
130 64
131 64
132 64
133 65
134 65
135 66
135 67
136 68
137 69
138 70
139 71
140 72
141 73
142 74
143 75
144 75
145 76
146 75
147 75
148 75
149 74
150 73
151 73
152 72
153 72
154 71
155 70
156 70
157 69
158 69
159 68
160 67
161 67
162 66
163 66
164 65
165 65
166 64
167 64
168 63
169 63
170 63
171 62
172 62
173 61
174 61
175 61
176 60
177 60
178 60
179 59
180 59
181 59
182 58
183 58
184 58
185 57
186 57
187 57
188 57
189 56
190 56
191 56
192 55
193 55
194 55
195 55
196 54
197 54
198 54
199 54
200 53
201 53
202 53
203 53
204 52
205 52
206 52
207 52
208 52
209 51
210 51
211 51
212 51
213 51
214 50
215 50
216 50
217 50
218 50
219 50
220 50
221 51
222 51
223 51
224 52
225 52
226 53
227 54
228 54
229 55
230 56
231 57
231 58
232 59
233 60
234 61
234 62
