14 6
15 7
16 7
17 8
18 9
19 9
20 10
21 10
22 11
23 12
24 12
25 13
26 14
27 14
28 15
29 15
30 16
31 17
32 17
33 18
34 19
35 19
36 20
37 21
38 21
39 22
40 22
41 23
42 24
43 24
44 25
45 26
46 26
47 27
48 28
49 28
50 29
51 30
52 30
53 31
54 31
55 32
56 33
57 34
58 34
59 35
60 36
61 36
62 37
63 38
64 38
65 39
66 40
67 41
68 41
69 42
70 43
71 44
72 44
73 45
74 46
75 47
76 48
77 49
78 50
79 51
80 52
81 53
82 54
83 55
84 56
85 57
85 58
86 59
87 60
88 61
88 62
89 63
90 64
90 65
91 66
91 67
92 68
93 69
93 70
94 71
94 72
95 73
95 74
96 75
96 76
97 77
97 78
98 79
98 80
99 81
99 82
100 83
100 84
101 85
101 86
102 87
102 88
103 89
103 90
104 91
104 92
105 93
105 94
106 95
106 96
107 97
107 98
108 99
108 100
109 101
109 102
110 103
110 104
111 105
111 106
112 107
112 108
113 109
114 110
114 111
115 112
115 113
116 114
117 115
117 116
118 117
119 118
119 119
120 120
121 121
122 122
122 123
123 124
124 125
125 126
126 127
127 128
127 129
128 130
129 131
130 132
131 133
132 134
133 135
134 136
135 137
136 138
137 139
138 139
139 140
140 141
141 142
142 143
143 144
144 144
145 145
146 146
147 146
148 147
149 148
150 149
151 149
152 150
153 150
154 151
155 152
156 152
157 153
158 153
159 154
160 154
161 155
162 155
163 156
164 156
165 156
166 157
167 157
168 157
169 158
170 158
171 158
172 159
173 159
174 159
175 159
176 160
177 160
178 160
179 160
180 160
181 160
182 161
183 161
184 161
185 161
186 161
187 161
188 161
189 161
190 161
191 161
192 161
193 161
194 161
195 161
196 160
197 160
198 160
199 160
200 160
201 160
202 159
203 159
204 159
205 159
206 158
207 158
208 158
209 157
210 157
211 157
212 156
213 156
214 156
215 155
216 155
217 154
218 154
219 154
220 153
221 153
222 152
223 152
224 152
225 151
226 151
227 150
228 150
229 149
230 149
231 148
232 148
233 147
234 147
235 147
236 146
237 146
238 145
239 145
240 144
241 144
242 144
243 143
244 143
245 143
246 142
247 142
248 142
249 142
250 141
251 141
252 141
253 141
254 141
255 141
256 141
257 141
258 141
259 141
260 141
261 141
262 141
263 141
264 142
265 142
266 142
267 142
268 143
269 143
270 143
271 144
272 144
273 144
274 145
275 145
276 146
277 146
278 147
279 147
280 147
281 148
282 148
283 149
284 149
285 150
286 150
287 150
288 151
289 151
290 151
291 152
292 152
293 152
294 152
295 153
296 153
297 153
298 153
299 153
300 153
301 153
302 153
303 153
304 153
305 153
306 153
307 153
308 153
309 152
310 152
311 152
312 152
313 151
314 151
315 150
316 150
317 150
318 149
319 149
320 148
321 148
322 147
323 146
324 146
325 145
326 145
327 144
328 144
329 143
330 142
331 142
332 141
333 141
334 140
335 139
336 139
337 138
338 138
339 137
340 137
341 136
342 136
343 136
344 135
345 135
346 135
347 135
348 135
349 134
350 134
351 134
352 134
353 134
354 134
355 135
356 135
357 135
358 135
359 136
360 136
361 137
362 137
363 138
364 138
365 139
366 139
367 140
368 141
369 141
370 142
371 143
372 144
373 144
374 145
375 146
376 146
377 147
378 148
379 148
380 149
381 150
382 150
383 151
384 151
385 152
386 152
387 153
388 153
389 154
390 154
391 154
392 155
393 155
394 155
395 156
396 156
397 156
398 156
399 157
400 157
401 157
402 157
403 157
404 158
405 158
406 158
407 158
408 158
409 158
410 158
411 158
412 157
413 157
414 157
415 157
416 157
417 156
418 156
419 156
420 155
421 155
422 154
423 154
424 153
425 153
426 152
427 152
428 151
429 150
430 150
431 149
432 148
433 147
434 146
435 146
436 145
437 144
438 143
439 142
440 141
441 140
442 139
443 138
444 137
445 136
446 135
447 134
448 133
449 132
450 131
451 130
452 129
453 128
454 127
455 126
456 125
457 124
458 123
459 122
460 121
461 120
462 120
463 119
464 118
465 117
466 117
467 116
468 115
469 114
470 114
471 113
472 112
473 112
474 111
475 111
476 110
477 110
478 109
479 109
480 108
481 108
482 107
483 107
484 106
485 106
486 105
487 105
488 105
489 104
490 104
491 104
492 103
493 103
494 103
495 102
496 102
497 102
498 102
499 101
500 101
501 101
502 101
503 101
504 101
505 101
506 100
507 100
508 100
509 100
510 100
511 100
512 100
513 100
514 100
515 100
516 100
517 100
518 100
519 100
520 100
521 100
522 100
523 100
524 100
525 101
526 101
527 101
528 101
529 101
530 101
531 101
532 102
533 102
534 102
535 102
536 102
537 103
538 103
539 103
540 103
541 104
542 104
543 104
544 104
545 105
546 105
547 105
548 105
549 106
550 106
551 106
552 106
553 107
554 107
555 107
556 108
557 108
558 108
559 108
560 109
561 109
562 109
563 110
564 110
565 110
566 111
567 111
568 111
569 111
570 112
571 112
572 112
573 113
574 113
575 113
576 114
577 114
578 114
579 114
580 115
581 115
582 115
583 116
584 116
585 116
586 116
587 117
588 117
589 117
590 118
591 118
592 118
593 118
594 119
595 119
596 119
597 119
598 119
599 120
600 120
601 120
602 120
603 121
604 121
605 121
606 121
607 121
608 121
609 122
610 122
611 122
612 122
613 122
614 122
615 123
616 123
617 123
618 123
619 123
620 123
621 123
622 123
623 124
624 124
625 124
626 124
627 124
