13 17
14 18
14 19
14 20
14 21
14 22
15 23
15 24
15 25
15 26
15 27
16 28
16 29
16 30
16 31
16 32
17 33
17 34
17 35
17 36
17 37
18 38
18 39
18 40
18 41
18 42
19 43
19 44
19 45
19 46
20 47
20 48
20 49
20 50
20 51
21 52
21 53
21 54
21 55
22 56
22 57
22 58
22 59
22 60
23 61
23 62
23 63
23 64
24 65
24 66
24 67
24 68
25 69
25 70
25 71
25 72
26 73
26 74
26 75
26 76
27 77
27 78
27 79
28 80
28 81
28 82
28 83
29 84
29 85
29 86
30 87
30 88
30 89
31 90
31 91
31 92
32 93
32 94
32 95
33 96
33 97
33 98
34 99
34 100
35 101
35 102
35 103
36 104
36 105
37 106
37 107
38 108
38 109
39 110
39 111
40 112
41 113
41 114
42 115
42 116
43 117
44 118
45 119
46 120
47 121
48 122
49 123
50 124
51 125
52 125
53 126
54 126
55 127
56 127
57 127
58 128
59 128
60 128
61 128
62 128
63 128
64 128
65 128
66 127
67 127
68 127
69 127
70 126
71 126
72 126
73 125
74 125
75 124
76 124
77 123
78 123
79 122
80 122
81 121
82 121
83 120
84 119
85 119
86 118
87 117
88 117
89 116
90 115
91 114
92 114
93 113
94 112
95 111
96 111
97 110
98 109
99 108
100 107
101 106
102 106
103 105
104 104
105 103
106 102
107 101
108 100
109 99
110 98
111 97
112 97
113 96
114 95
115 94
116 93
117 92
118 91
119 90
120 89
121 88
122 88
123 87
124 86
125 85
126 84
127 84
128 83
129 82
130 81
131 81
132 80
133 79
134 79
135 78
136 78
137 77
138 77
139 77
140 76
141 76
142 76
143 76
144 76
145 76
146 76
147 76
148 76
149 77
150 77
151 77
152 78
153 78
154 79
155 80
156 81
157 81
158 82
159 83
160 84
161 85
162 86
163 87
164 88
165 89
166 90
167 91
168 92
169 93
170 94
171 95
172 96
173 97
173 98
174 99
175 100
176 101
177 102
178 103
179 104
180 105
181 106
182 107
183 108
184 109
185 110
186 111
187 112
188 113
189 114
190 115
191 116
192 117
193 118
194 119
195 120
196 121
197 122
198 123
199 124
200 125
201 125
202 126
203 127
204 128
205 129
206 129
207 130
208 131
209 131
210 132
211 133
212 133
213 134
214 135
215 135
216 136
217 136
218 137
219 137
220 138
221 138
222 138
223 139
224 139
225 139
226 140
227 140
228 140
229 141
230 141
231 141
232 141
233 142
234 142
235 142
236 142
237 142
238 142
239 143
240 143
241 143
242 143
243 143
244 143
245 143
246 143
247 143
248 143
249 143
250 143
251 143
252 143
253 143
254 142
255 142
256 142
257 142
258 142
259 142
260 142
261 141
262 141
263 141
264 141
265 140
266 140
267 140
268 140
269 139
270 139
271 139
272 138
273 138
274 138
275 137
276 137
277 136
278 136
279 135
280 135
281 134
282 134
283 133
284 133
285 132
286 132
287 131
288 131
289 130
290 130
291 130
292 129
293 129
294 128
295 128
296 128
297 127
298 127
299 127
300 127
301 127
302 127
303 127
304 127
305 127
306 128
307 128
308 128
309 128
310 129
311 129
312 130
313 130
314 130
315 131
316 131
317 132
318 132
319 133
320 133
321 134
322 134
323 135
324 136
325 136
326 137
327 137
328 138
329 138
330 139
331 139
332 140
333 140
334 141
335 141
336 142
337 142
338 143
339 143
340 144
341 144
342 145
343 145
344 146
345 146
346 147
347 147
348 147
349 148
350 148
351 149
352 149
353 150
354 150
355 151
356 151
357 152
358 152
359 153
360 153
