22 28
23 28
24 29
25 30
26 31
27 32
28 33
29 34
30 35
31 36
32 37
33 38
34 39
35 40
36 41
37 41
38 42
39 43
40 43
41 43
42 44
43 44
44 44
45 45
46 45
47 45
48 45
49 45
50 45
51 45
52 45
53 44
54 44
55 44
56 44
57 44
58 44
59 43
60 43
61 43
62 43
63 43
64 43
65 43
66 43
67 43
68 43
69 43
70 44
71 44
72 44
73 45
74 46
75 47
76 47
77 48
77 49
78 50
79 51
80 52
80 53
81 54
82 55
82 56
83 57
84 58
84 59
85 60
85 61
86 62
87 63
87 64
88 65
88 66
89 67
89 68
90 69
91 70
91 71
92 72
92 73
93 74
93 75
94 76
95 77
95 78
96 79
97 80
97 81
98 82
99 83
99 84
100 85
101 86
102 87
102 88
103 89
104 90
105 91
105 92
106 93
107 94
107 95
108 96
109 97
110 98
111 99
111 100
112 101
113 102
114 103
114 104
115 105
116 106
117 107
118 108
119 109
120 110
121 111
122 112
123 113
124 114
125 114
126 115
127 116
128 116
129 117
130 117
131 117
132 118
133 118
134 118
135 119
136 119
137 119
138 119
139 119
140 118
141 118
142 118
143 117
144 117
145 116
146 115
147 115
148 114
149 113
150 112
150 111
151 110
152 109
152 108
153 107
154 106
154 105
155 104
155 103
156 102
157 101
157 100
158 99
158 98
159 97
159 96
160 95
161 94
161 93
162 92
163 91
163 90
164 89
165 88
166 87
167 86
168 85
169 84
170 84
171 83
172 83
173 83
174 82
175 82
176 82
177 82
178 82
179 82
180 82
181 82
182 81
183 81
184 81
185 81
186 81
187 81
188 81
189 81
190 81
191 80
192 80
193 80
194 80
195 80
196 79
197 79
198 79
199 79
200 78
201 78
202 78
203 78
204 77
205 77
206 77
207 77
208 76
209 76
210 76
211 75
212 75
213 75
214 74
215 74
216 74
217 73
218 73
219 73
220 73
221 72
222 72
223 72
224 71
225 71
226 71
227 71
228 70
229 70
230 70
231 69
232 69
233 69
234 69
235 69
236 68
237 68
238 68
239 68
240 68
241 67
242 67
243 67
244 67
245 67
246 67
247 67
248 67
249 67
250 67
251 67
252 67
253 67
254 67
255 67
256 67
257 67
258 68
259 68
260 68
261 68
262 69
263 69
264 69
265 70
266 70
267 71
268 71
269 72
270 72
271 73
272 73
273 74
274 74
275 75
276 75
277 76
278 77
279 77
280 78
281 79
282 80
283 80
284 81
285 82
286 82
287 83
288 84
289 85
290 86
291 86
292 87
293 88
294 89
295 90
296 91
297 92
298 93
299 93
300 94
301 95
302 96
303 97
304 98
305 99
306 100
307 101
308 102
309 103
310 104
311 105
312 106
312 107
313 108
314 109
315 110
316 111
317 112
318 113
319 114
319 115
320 116
321 117
322 118
323 119
324 120
324 121
325 122
326 123
327 124
328 125
329 126
330 127
331 128
332 129
332 130
333 131
334 132
335 133
336 133
337 134
338 135
339 136
340 137
341 137
342 138
343 138
344 139
345 139
346 140
347 140
348 140
349 140
350 140
351 140
352 140
353 140
354 140
355 140
356 139
357 139
358 138
359 138
360 138
361 137
362 137
363 136
364 136
365 135
366 135
367 134
368 134
369 134
370 133
371 133
372 133
373 133
374 132
375 132
376 132
377 132
378 132
379 132
380 132
381 132
382 132
383 132
384 132
385 132
386 132
387 133
388 133
389 133
390 133
