6 34
7 34
8 34
9 34
10 34
11 34
12 35
13 35
14 35
15 35
16 35
17 35
18 35
19 35
20 35
21 35
22 36
23 36
24 36
25 36
26 36
27 36
28 36
29 36
30 36
31 36
32 36
33 36
34 36
35 36
36 37
37 37
38 37
39 37
40 37
41 38
42 38
43 38
44 38
45 38
46 39
47 39
48 39
49 40
50 40
51 40
52 41
53 41
54 42
55 42
56 43
57 43
58 44
59 44
60 45
61 45
62 46
63 47
64 48
65 49
66 50
67 51
68 52
69 53
70 54
71 55
72 56
72 57
73 58
74 59
75 60
76 61
76 62
77 63
78 64
78 65
79 66
80 67
80 68
81 69
82 70
82 71
83 72
83 73
84 74
84 75
85 76
86 77
86 78
87 79
87 80
88 81
88 82
89 83
90 84
90 85
91 86
92 87
92 88
93 89
94 90
95 91
96 92
97 93
98 93
99 94
100 94
101 94
102 93
103 93
104 92
105 91
106 91
107 90
108 89
109 88
110 87
111 86
112 85
113 84
114 83
115 82
116 81
117 80
118 80
119 79
120 79
121 78
122 78
123 77
124 77
125 77
126 76
127 75
128 75
129 74
130 73
131 72
132 71
133 70
134 69
134 68
135 67
136 66
137 65
137 64
138 63
139 62
139 61
140 60
141 59
142 59
143 58
144 58
145 58
146 59
147 59
148 60
149 60
150 61
151 62
152 63
153 64
154 65
155 66
156 66
157 67
158 68
159 68
160 68
161 69
162 69
163 70
164 70
165 70
166 70
167 71
168 71
169 71
170 72
