34 65
35 66
36 67
37 68
37 69
38 70
39 71
39 72
40 73
41 74
42 75
42 76
43 77
44 78
44 79
45 80
46 81
47 82
47 83
48 84
49 85
50 86
50 87
51 88
52 89
53 90
53 91
54 92
55 93
56 94
57 95
57 96
58 97
59 98
60 99
61 100
62 101
63 102
64 103
64 104
65 105
66 106
67 107
68 108
69 109
70 110
71 110
72 111
73 112
74 113
75 114
76 115
77 116
78 117
79 118
80 118
81 119
82 120
83 121
84 122
85 123
86 123
87 124
88 125
89 126
90 127
91 127
92 128
93 129
94 130
95 130
96 131
97 132
98 133
99 134
100 134
101 135
102 136
103 137
104 137
105 138
106 139
107 140
108 140
109 141
110 142
111 142
112 143
113 144
114 144
115 145
116 146
117 146
118 147
119 148
120 148
121 149
122 149
123 150
124 150
125 151
126 151
127 152
128 152
129 153
130 153
131 154
132 154
133 154
134 155
135 155
136 155
137 156
138 156
139 156
140 157
141 157
142 157
143 158
144 158
145 158
146 159
147 159
148 160
149 160
150 161
151 161
152 161
153 162
154 162
155 163
156 163
157 164
158 164
159 165
160 165
161 166
162 166
163 167
164 167
165 168
166 168
167 169
168 169
169 170
170 170
171 171
172 171
173 172
174 172
175 173
176 173
177 174
178 174
179 175
180 175
181 176
182 176
183 176
184 177
185 177
186 178
187 178
188 179
189 179
190 180
191 180
192 181
193 181
194 181
195 182
196 182
197 183
198 183
199 183
200 184
201 184
202 185
203 185
204 185
205 186
206 186
207 186
208 187
209 187
210 187
211 187
212 188
213 188
214 188
215 188
216 188
217 189
218 189
219 189
220 189
221 189
222 189
223 188
224 188
225 188
226 188
227 188
228 187
229 187
230 187
231 186
232 186
233 185
234 185
235 184
236 184
237 183
238 182
239 182
240 181
241 180
242 179
243 178
244 178
245 177
246 176
247 175
248 174
249 173
250 172
251 171
252 170
253 169
254 168
255 167
256 166
256 165
257 164
258 163
259 162
260 161
261 160
262 160
263 159
264 158
265 157
266 156
267 156
268 155
269 154
270 154
271 153
272 152
273 152
274 151
275 151
276 150
277 150
278 149
279 149
280 148
281 147
282 146
283 145
284 144
285 143
286 142
286 141
287 140
287 139
288 138
289 137
289 136
290 135
290 134
291 133
291 132
292 131
292 130
293 129
293 128
294 127
294 126
295 125
295 124
296 123
296 122
296 121
297 120
297 119
298 118
299 117
299 116
300 115
300 114
301 113
301 112
302 111
302 110
303 109
304 108
304 107
305 106
306 105
307 104
308 103
309 102
310 101
311 100
312 99
313 99
314 99
315 98
316 98
317 98
318 97
319 97
320 97
321 97
322 97
323 97
324 96
325 96
326 96
327 96
328 96
329 96
330 96
331 96
332 96
333 96
334 96
335 96
336 96
337 96
338 96
339 96
340 96
341 96
342 96
343 95
344 95
345 95
346 95
347 95
348 95
349 95
350 95
351 94
352 94
353 94
354 94
355 94
356 94
357 94
358 94
359 94
360 94
361 94
362 94
363 94
364 94
365 94
366 94
367 94
368 94
369 95
370 95
371 95
372 95
373 95
374 96
375 96
376 96
377 97
378 97
379 97
380 98
381 98
382 99
383 99
384 100
385 100
386 101
387 101
388 102
389 102
390 103
391 103
392 104
393 105
394 105
395 106
396 106
397 107
398 107
399 108
400 109
401 109
402 110
403 110
404 111
405 112
406 112
407 113
408 113
409 114
410 114
411 114
412 115
413 115
414 116
415 116
416 116
417 117
418 117
419 117
420 117
421 117
422 117
423 117
424 117
425 117
426 117
427 116
428 116
429 116
430 116
431 115
432 115
433 114
434 114
435 113
436 113
437 112
438 112
439 111
440 111
441 110
442 110
443 109
444 108
445 108
446 107
447 107
448 106
449 106
450 105
451 105
452 104
453 103
454 103
455 103
