27 24
28 25
28 26
29 27
30 28
30 29
31 30
32 31
32 32
33 33
34 34
34 35
35 36
36 37
36 38
37 39
38 40
38 41
39 42
40 43
40 44
41 45
42 46
42 47
43 48
44 49
45 50
45 51
46 52
47 53
47 54
48 55
49 56
50 57
51 58
51 59
52 60
53 61
54 62
55 63
56 64
57 65
58 66
59 67
60 68
61 69
62 70
63 71
64 72
64 73
65 74
66 75
67 76
67 77
68 78
69 79
69 80
70 81
70 82
71 83
71 84
72 85
72 86
73 87
73 88
74 89
74 90
75 91
75 92
76 93
76 94
77 95
77 96
78 97
78 98
78 99
79 100
79 101
80 102
80 103
81 104
81 105
82 106
82 107
83 108
83 109
84 110
84 111
85 112
85 113
86 114
86 115
87 116
87 117
88 118
89 119
89 120
90 121
91 122
92 123
93 124
94 125
95 126
96 127
97 127
98 128
99 128
100 128
101 128
102 128
103 128
104 128
105 128
106 127
107 127
108 127
109 126
110 126
111 125
112 125
113 124
114 123
115 123
116 122
117 122
118 121
119 120
120 120
121 119
122 119
