6 36
7 37
8 38
9 39
9 40
10 41
11 42
11 43
12 44
13 45
13 46
14 47
15 48
16 49
16 50
17 51
18 52
19 53
20 54
20 55
21 56
22 57
23 58
24 59
25 60
26 61
27 62
28 63
29 64
30 65
31 66
32 67
33 68
34 68
35 69
36 70
37 70
38 71
39 71
40 72
41 72
42 73
43 73
44 73
45 73
46 74
47 74
48 74
49 74
50 74
51 74
52 74
53 74
54 74
55 74
56 74
57 74
58 74
59 74
60 74
61 74
62 75
63 75
64 75
65 75
66 76
67 76
68 77
69 77
70 78
71 78
72 79
73 79
74 80
75 80
76 81
77 81
78 81
79 82
80 82
81 82
82 82
83 82
84 82
85 82
86 82
87 81
88 81
89 80
90 80
91 79
92 79
93 78
94 77
95 76
96 75
97 74
98 73
99 72
100 71
101 70
101 69
102 68
103 67
104 66
104 65
105 64
106 63
107 62
107 61
108 60
109 59
109 58
110 57
110 56
111 55
112 54
112 53
113 52
114 51
114 50
115 49
115 48
116 47
117 46
117 45
118 44
118 43
119 42
120 41
120 40
121 39
122 38
123 37
123 36
124 35
125 34
126 34
127 33
128 32
129 32
130 31
131 31
132 31
133 31
134 31
135 31
136 32
137 32
138 32
139 32
140 33
141 33
142 34
143 34
144 34
145 35
146 35
147 36
148 36
149 36
150 36
151 36
152 36
153 37
154 36
155 36
156 36
157 36
158 36
159 36
160 36
161 36
162 35
163 35
