11 32
12 33
12 34
12 35
13 36
13 37
14 38
14 39
14 40
15 41
15 42
16 43
16 44
17 45
17 46
18 47
18 48
19 49
19 50
20 51
21 52
22 53
23 54
24 55
25 55
26 55
27 56
28 56
29 55
30 55
31 55
32 55
33 55
34 55
35 55
36 55
37 55
38 55
39 55
40 55
41 55
42 55
43 56
44 56
45 56
46 57
47 58
48 58
49 59
50 59
51 60
52 61
53 62
54 62
55 63
56 64
57 65
58 66
59 67
60 68
61 68
62 69
63 70
64 71
65 72
66 73
67 74
68 75
69 76
70 77
71 78
72 79
73 80
74 81
75 82
76 83
77 84
78 85
79 86
80 87
81 88
82 89
83 89
84 90
85 91
86 91
87 91
88 92
89 92
90 92
91 92
92 92
93 93
94 93
95 93
96 93
97 93
98 93
99 93
100 93
101 93
102 94
103 94
104 94
105 94
106 94
107 94
108 95
109 95
110 95
111 95
112 96
113 96
114 96
115 96
116 96
117 97
118 97
119 97
120 97
121 97
122 97
123 98
124 98
125 98
126 98
127 98
128 98
129 98
130 98
131 99
132 99
133 99
134 99
135 99
136 99
137 99
138 99
139 99
140 99
141 99
142 99
143 99
144 99
145 99
146 99
147 99
148 99
149 99
150 98
151 98
152 98
153 98
154 98
155 98
