25 79
26 80
27 81
27 82
28 83
29 84
29 85
30 86
31 87
31 88
32 89
33 90
33 91
34 92
35 93
35 94
36 95
37 96
37 97
38 98
38 99
39 100
40 101
40 102
41 103
42 104
42 105
43 106
44 107
44 108
45 109
46 110
46 111
47 112
48 113
48 114
49 115
49 116
50 117
51 118
51 119
52 120
53 121
53 122
54 123
55 124
55 125
56 126
57 127
58 128
58 129
59 130
60 131
61 132
61 133
62 134
63 135
64 136
64 137
65 138
66 139
67 140
68 141
69 142
70 143
71 144
72 145
73 146
74 147
75 148
76 149
77 150
78 151
79 152
80 153
81 154
82 154
83 155
84 156
85 156
86 157
87 158
88 158
89 159
90 160
91 160
92 161
93 161
94 162
95 162
96 162
97 163
98 163
99 163
100 164
101 164
102 164
103 164
104 164
105 164
106 164
107 164
108 164
109 164
110 164
111 164
112 164
113 164
114 164
115 164
116 163
117 163
118 163
119 163
120 163
121 162
122 162
123 162
124 162
125 161
126 161
127 161
128 161
129 160
130 160
131 160
132 159
133 159
134 159
135 158
136 158
137 158
138 157
139 157
140 156
141 156
142 156
143 155
144 155
145 154
146 154
147 153
148 152
149 152
150 151
151 151
152 150
153 149
154 149
155 148
156 148
157 147
158 147
159 146
160 146
161 145
162 145
163 144
164 144
165 143
166 143
167 143
168 143
169 142
170 142
171 142
172 142
173 142
174 142
175 142
176 142
177 142
178 142
179 142
180 142
181 142
182 142
183 142
184 143
185 143
186 143
187 143
188 144
189 144
190 144
191 144
192 145
193 145
194 145
195 146
196 146
197 146
198 147
199 147
200 147
201 148
202 148
203 148
204 149
205 149
206 149
207 150
208 150
209 150
210 151
211 151
212 151
213 152
214 152
215 152
216 153
217 153
218 153
219 154
220 154
221 154
222 154
223 155
224 155
225 155
226 155
227 155
228 155
229 156
230 156
231 156
232 156
233 156
234 156
235 156
236 155
237 155
238 155
239 155
240 154
241 154
242 154
243 153
244 153
245 153
246 152
247 152
248 151
249 151
250 151
251 150
252 150
253 150
254 150
255 150
256 150
257 150
258 150
259 150
260 150
261 151
262 151
263 152
264 153
265 153
266 154
267 155
268 156
269 157
270 158
271 159
272 160
272 161
273 162
274 163
275 164
276 165
276 166
277 167
278 168
279 169
280 170
280 171
281 172
282 173
283 174
284 175
285 176
286 177
286 178
287 179
288 180
289 181
290 181
291 182
292 183
293 184
294 185
295 185
296 186
297 186
298 187
299 187
300 187
301 188
302 188
303 188
304 188
305 187
306 187
307 187
308 187
309 186
310 186
311 186
312 185
313 185
314 185
315 185
316 184
317 184
318 184
319 184
320 184
321 184
322 184
323 184
324 184
325 184
326 184
327 184
328 184
329 184
330 184
331 184
332 184
333 184
334 184
335 184
336 184
337 184
338 184
339 184
340 184
341 183
342 183
343 183
344 183
345 183
346 182
347 182
348 182
349 181
350 181
351 181
352 180
353 180
354 180
355 179
356 179
357 178
358 178
359 178
360 177
361 177
362 176
363 176
364 175
365 175
366 174
367 174
368 173
369 172
370 172
371 171
372 171
373 170
374 169
375 168
376 168
377 167
378 166
379 166
380 165
381 164
382 163
383 163
384 162
385 161
386 160
387 160
388 159
389 158
390 157
391 156
392 156
393 155
394 154
395 153
396 152
397 152
398 151
399 150
400 149
401 149
402 148
403 147
404 146
405 146
406 145
407 144
408 143
409 143
410 142
411 141
412 141
413 140
414 140
415 139
416 139
417 138
418 138
419 137
420 137
421 137
422 136
423 136
424 136
425 136
426 135
427 135
428 135
429 135
430 135
431 136
432 136
433 136
434 136
435 137
436 137
437 137
438 138
439 138
440 139
441 139
442 140
443 140
444 141
445 142
446 142
447 143
448 144
449 145
450 145
451 146
452 147
453 147
454 148
455 149
456 149
457 150
458 150
459 151
460 151
461 151
462 152
463 152
464 151
465 151
466 150
467 150
468 149
469 148
470 147
471 146
472 145
472 144
473 143
474 142
475 141
475 140
476 139
477 138
478 137
479 136
479 135
480 134
481 133
482 132
483 131
484 130
485 129
486 128
487 127
488 126
489 126
490 125
491 124
492 124
493 123
494 123
495 122
496 122
497 122
498 122
499 122
500 122
501 122
502 122
503 122
504 122
505 122
506 123
507 123
508 124
509 125
510 126
511 127
512 128
513 129
514 130
515 131
515 132
516 133
517 134
517 135
518 136
519 137
519 138
520 139
520 140
521 141
522 142
522 143
522 144
