10 19
11 19
12 20
13 21
14 22
15 22
16 23
17 24
18 25
19 26
20 26
21 27
22 28
23 28
24 29
25 30
26 30
27 31
28 31
29 32
30 32
31 33
32 33
33 33
34 34
35 34
36 34
37 35
38 35
39 35
40 35
41 36
42 36
43 36
44 36
45 36
46 37
47 37
48 37
49 37
50 37
51 38
52 38
53 38
54 38
55 38
56 39
57 39
58 39
59 40
60 40
61 40
62 41
63 41
64 42
65 43
66 43
67 44
68 45
69 45
70 46
71 47
72 48
73 49
74 50
75 51
76 52
77 53
78 54
79 55
79 56
80 57
81 58
82 59
82 60
83 61
84 62
84 63
85 64
86 65
86 66
87 67
88 68
88 69
89 70
90 71
90 72
91 73
91 74
92 75
93 76
93 77
94 78
94 79
95 80
95 81
96 82
97 83
97 84
98 85
98 86
99 87
99 88
100 89
101 90
101 91
102 92
102 93
103 94
103 95
104 96
105 97
105 98
106 99
106 100
107 101
108 102
108 103
109 104
109 105
110 106
111 107
111 108
112 109
113 110
113 111
114 112
115 113
116 114
117 115
118 116
119 117
120 118
121 119
122 120
123 121
124 121
125 122
126 122
127 122
128 123
129 123
130 123
131 123
132 123
133 123
134 123
135 123
136 123
137 123
138 122
139 122
140 122
141 122
142 122
143 122
144 121
145 121
146 121
147 121
148 121
149 121
150 121
151 121
152 121
153 121
154 120
155 120
156 120
157 120
158 120
159 121
160 121
161 121
162 121
163 121
164 121
165 121
166 121
167 121
168 121
169 122
170 122
171 122
172 122
173 122
174 123
175 123
176 123
177 123
178 123
179 124
180 124
181 124
182 125
183 125
184 125
185 125
186 126
187 126
188 126
189 127
190 127
191 127
192 128
193 128
194 129
195 129
196 129
197 130
198 130
199 130
200 131
201 131
202 132
203 132
204 133
205 133
206 133
207 134
208 134
209 135
210 135
211 136
212 136
213 137
214 137
215 138
216 138
217 138
218 139
219 139
220 140
221 140
222 141
223 141
224 142
225 142
226 143
227 143
228 144
229 144
230 145
231 145
232 145
233 146
234 146
235 147
236 147
237 148
238 148
239 149
240 149
241 150
242 150
243 150
244 151
245 151
246 152
247 152
248 153
249 153
250 154
251 154
252 154
253 155
254 155
255 156
256 156
257 156
258 157
259 157
260 158
261 158
262 158
263 159
264 159
265 160
266 160
267 160
268 161
269 161
270 161
271 162
272 162
273 162
274 163
275 163
276 163
277 164
278 164
279 164
280 164
281 165
282 165
283 165
284 166
285 166
286 166
287 167
288 167
289 167
290 167
291 168
292 168
293 168
294 168
295 169
296 169
297 170
