39 74
40 75
40 76
41 77
42 78
42 79
43 80
44 81
44 82
45 83
46 84
47 85
47 86
48 87
48 88
49 89
50 90
51 91
51 92
52 93
53 94
53 95
54 96
55 97
56 98
56 99
57 100
58 101
59 102
59 103
60 104
61 105
62 106
63 107
63 108
64 109
65 110
66 111
67 112
68 113
68 114
69 115
70 116
71 117
72 118
73 119
74 120
75 121
76 122
77 123
78 124
79 125
80 126
81 127
82 128
83 129
84 130
85 131
86 132
87 133
88 134
89 135
90 135
91 136
92 137
93 138
94 139
95 140
96 140
97 141
98 142
99 143
100 144
101 144
102 145
103 146
104 147
105 148
106 148
107 149
108 150
109 151
110 151
111 152
112 153
113 154
114 154
115 155
116 156
117 156
118 157
119 158
120 159
121 159
122 160
123 161
124 161
125 162
126 163
127 163
128 164
129 165
130 166
131 166
132 167
133 168
134 168
135 169
136 170
137 170
138 171
139 172
140 172
141 173
142 174
143 175
144 175
145 176
146 177
147 177
148 178
149 179
150 179
151 180
152 181
153 182
154 182
155 183
156 184
157 184
158 185
159 186
160 187
161 187
162 188
163 189
164 189
165 190
166 191
167 191
168 192
169 192
170 193
171 193
172 194
173 195
174 195
175 195
176 196
177 196
178 197
179 197
180 197
181 198
182 198
183 198
184 198
185 199
186 199
187 199
188 199
189 199
190 199
191 199
192 199
193 199
194 199
195 198
196 198
197 198
198 198
199 197
200 197
201 197
202 196
203 196
204 195
205 195
206 194
207 193
208 193
209 192
210 191
211 190
212 189
213 188
214 187
215 186
216 185
217 184
218 183
219 182
220 181
221 180
221 179
222 178
223 177
224 176
225 175
225 174
226 173
227 172
228 171
228 170
229 169
230 168
231 167
231 166
232 165
233 164
233 163
234 162
235 161
236 160
236 159
237 158
238 157
239 156
239 155
240 154
241 153
242 152
243 151
243 150
244 149
245 148
246 147
247 146
248 145
249 144
250 143
251 142
252 141
253 140
254 139
255 138
256 137
257 137
258 136
259 135
260 134
261 134
262 133
263 133
264 132
265 131
266 131
267 130
268 130
269 129
270 129
271 128
272 128
273 128
274 127
275 127
276 127
277 126
278 126
279 126
280 126
281 126
282 125
283 125
284 125
285 125
286 125
287 125
288 125
289 125
290 125
291 125
292 125
293 125
294 125
295 125
296 126
297 126
298 126
299 126
300 126
301 127
302 127
303 127
304 127
305 128
306 128
307 129
308 129
309 129
310 130
311 130
312 131
313 131
314 132
315 132
316 133
317 134
318 134
319 135
320 136
321 136
322 137
323 138
324 138
325 139
326 140
327 141
328 142
329 142
330 143
331 144
332 145
333 146
334 147
335 148
336 149
337 150
338 151
339 152
340 153
341 154
342 155
343 156
344 157
345 158
346 159
347 160
348 161
349 162
350 163
351 164
352 164
353 165
354 166
355 167
356 167
357 168
358 169
359 169
360 170
361 170
362 170
363 171
364 171
365 171
366 171
367 171
368 171
369 171
370 171
371 171
372 171
373 171
374 170
375 170
376 170
377 170
378 170
379 169
380 169
381 169
382 168
383 168
384 168
385 168
386 167
387 167
388 167
389 166
390 166
391 166
392 165
393 165
394 165
395 164
396 164
397 164
398 163
399 163
400 162
401 162
402 162
403 161
404 161
405 161
406 161
407 160
408 160
409 160
410 159
411 159
412 159
413 158
414 158
415 158
416 158
417 157
418 157
419 157
420 156
421 156
422 156
423 155
424 155
425 155
426 155
427 154
428 154
429 154
430 153
431 153
432 152
433 152
434 151
435 151
436 150
437 150
438 149
439 149
440 148
441 148
442 147
443 146
444 145
445 145
446 144
447 143
448 142
449 141
450 140
451 139
452 138
453 137
454 136
455 135
456 134
456 133
457 132
458 131
459 130
460 129
460 128
461 127
462 126
462 125
463 124
464 123
465 122
465 121
466 120
467 119
468 118
468 117
469 116
470 115
470 114
471 113
472 112
473 111
473 110
474 109
475 108
476 107
477 106
478 105
478 104
479 103
480 102
481 101
482 100
483 99
484 99
485 98
486 97
487 96
488 96
489 95
490 95
491 94
492 94
493 93
494 93
495 93
496 92
497 92
498 92
499 92
500 92
501 91
502 91
503 91
504 91
505 91
506 91
507 91
508 91
509 91
510 91
511 91
512 91
513 91
514 90
515 90
516 90
517 90
518 90
519 90
520 90
521 90
522 90
523 90
524 90
525 90
526 90
527 91
528 91
529 91
530 91
531 91
532 91
533 91
534 92
535 92
536 92
537 92
538 93
539 93
540 94
541 94
542 95
543 95
544 96
545 96
546 97
547 98
548 98
549 99
550 99
551 100
552 101
553 101
554 102
555 103
556 103
557 104
558 105
559 105
560 106
561 107
562 107
563 108
564 108
565 109
566 109
567 109
568 110
569 110
570 110
571 111
572 111
573 111
574 111
575 112
576 112
577 112
578 112
579 112
580 112
581 112
582 112
583 112
584 112
585 112
586 112
587 112
588 112
589 112
590 112
591 112
592 112
593 112
594 112
595 112
596 112
597 112
598 112
599 112
600 112
601 112
602 112
603 113
604 113
605 113
606 113
607 114
608 114
609 114
610 115
611 115
612 116
613 116
614 116
615 117
616 117
617 118
618 119
619 119
620 120
621 120
622 121
623 122
624 122
625 123
626 124
627 125
628 125
629 126
630 127
631 128
632 129
633 130
634 131
635 132
636 133
637 134
638 135
639 136
640 137
641 137
642 138
643 139
644 140
645 141
646 142
647 143
648 144
649 145
650 146
651 147
652 148
653 149
654 149
655 150
656 151
657 152
658 152
659 153
660 154
661 154
662 155
663 156
664 156
665 157
666 157
667 157
668 158
669 158
670 158
671 159
672 159
673 159
674 159
675 159
676 160
677 160
678 160
679 160
680 160
681 160
682 160
683 160
684 160
685 160
686 160
687 160
688 160
689 161
690 161
691 161
692 161
693 161
694 161
695 161
696 161
697 161
698 161
