23 67
24 68
25 68
26 69
27 70
28 71
29 71
30 72
31 73
32 74
33 74
34 75
35 76
36 76
37 77
38 78
39 78
40 79
41 79
42 80
43 81
44 81
45 81
46 82
47 82
48 83
49 83
50 83
51 83
52 84
53 84
54 84
55 84
56 84
57 84
58 84
59 84
60 84
61 84
62 85
63 85
64 85
65 86
66 86
67 87
68 88
69 89
70 90
71 91
72 92
72 93
73 94
74 95
75 96
75 97
76 98
77 99
77 100
78 101
79 102
79 103
80 104
81 105
82 106
82 107
83 108
84 109
85 110
86 111
87 112
88 113
89 114
90 114
91 115
92 116
93 116
94 117
95 117
96 118
97 118
98 119
99 119
100 119
101 120
102 120
103 120
104 121
105 121
106 121
107 121
108 121
109 121
110 121
111 122
112 122
113 122
114 122
115 122
116 122
117 122
118 122
119 122
120 122
121 122
122 122
123 122
124 122
125 122
126 122
127 122
128 122
129 121
130 121
131 121
132 121
133 122
134 122
135 122
136 122
137 122
138 122
139 122
140 122
141 122
142 123
143 123
144 123
145 124
146 124
147 124
148 125
149 125
150 126
151 126
152 127
153 128
154 128
155 129
156 130
157 131
158 131
159 132
160 133
161 134
162 135
163 136
164 137
165 137
166 138
167 139
168 140
169 140
170 141
171 142
172 142
173 143
174 144
175 144
176 144
177 145
178 145
179 146
180 146
181 146
182 147
183 147
184 147
185 148
186 148
187 148
188 148
189 148
190 149
191 149
192 149
193 149
194 149
195 149
196 149
197 149
198 150
199 150
200 150
201 150
202 150
203 150
204 150
205 150
206 150
207 150
208 150
209 150
210 149
211 149
212 149
213 149
214 148
215 148
216 148
217 147
218 146
219 146
220 145
221 144
222 143
223 142
224 141
225 140
226 139
227 138
228 137
229 136
230 135
231 134
231 133
232 132
233 131
234 130
234 129
235 128
236 127
237 126
238 125
238 124
239 123
240 122
241 121
242 120
243 119
243 118
244 117
245 116
246 115
247 114
248 113
249 112
250 111
251 110
252 109
253 108
254 107
255 106
256 105
257 104
258 103
259 102
260 101
261 100
262 100
263 99
264 98
265 97
266 96
267 96
268 95
269 94
270 94
271 93
272 92
273 92
274 91
275 91
276 90
277 89
278 89
279 88
280 88
281 87
282 86
283 86
284 85
285 85
