50 30
51 31
51 32
52 33
52 34
53 35
53 36
53 37
54 38
54 39
55 40
55 41
56 42
56 43
57 44
57 45
58 46
58 47
59 48
59 49
60 50
60 51
61 52
61 53
62 54
62 55
63 56
63 57
63 58
64 59
64 60
65 61
65 62
66 63
66 64
67 65
67 66
68 67
68 68
69 69
69 70
70 71
70 72
70 73
71 74
71 75
72 76
72 77
73 78
73 79
74 80
74 81
75 82
75 83
75 84
76 85
76 86
77 87
77 88
78 89
78 90
79 91
79 92
80 93
80 94
81 95
81 96
82 97
82 98
83 99
83 100
84 101
84 102
85 103
85 104
86 105
87 106
87 107
88 108
88 109
89 110
90 111
90 112
91 113
92 114
93 115
93 116
94 117
95 118
96 119
97 120
98 121
99 122
100 123
101 124
102 124
103 125
104 126
105 126
106 127
107 127
108 128
109 128
110 128
111 129
112 129
113 129
114 130
115 130
116 130
117 130
118 130
119 130
120 130
121 130
122 130
123 130
124 130
125 130
126 130
127 130
128 130
129 130
130 130
131 130
132 130
133 129
134 129
135 129
136 129
137 129
138 128
139 128
140 128
141 128
142 127
143 127
144 127
145 126
146 126
147 126
148 125
149 125
150 125
151 124
152 124
153 124
154 123
155 123
156 123
157 122
158 122
159 121
160 121
161 120
162 120
163 119
164 119
165 119
166 118
167 118
168 117
169 117
170 116
171 116
172 115
173 115
174 114
175 114
176 113
177 113
178 112
179 112
180 111
181 111
182 110
183 110
184 109
185 109
186 108
187 108
188 107
189 107
190 106
191 106
192 105
193 105
194 104
195 104
196 103
197 102
198 102
199 102
200 101
201 101
202 100
203 100
204 99
205 99
206 98
207 98
208 97
209 97
210 96
211 96
212 95
213 95
214 95
215 94
216 94
217 93
218 93
219 93
220 92
221 92
222 92
223 91
224 91
225 91
226 90
227 90
228 90
229 89
230 89
231 89
232 89
233 89
234 88
235 88
236 88
237 88
238 88
239 88
240 87
241 87
242 87
243 87
244 87
245 87
246 87
247 87
248 87
249 87
250 87
251 87
252 87
253 87
254 87
255 87
256 87
257 88
258 88
259 88
260 88
261 88
262 88
263 88
264 88
265 88
266 89
267 89
268 89
269 89
270 89
271 89
272 89
273 90
274 90
275 90
276 90
277 90
278 90
279 90
280 90
281 91
282 91
283 91
284 91
285 91
286 91
287 91
288 91
289 92
290 92
291 92
292 92
293 92
294 92
295 92
296 92
297 92
298 93
299 93
300 93
301 93
302 93
303 93
304 93
305 93
306 93
307 93
308 94
309 94
310 94
311 94
312 94
313 94
314 94
315 94
316 94
317 94
318 94
319 95
320 95
321 95
322 95
323 95
324 95
325 95
326 95
327 95
328 95
329 95
330 96
331 96
332 96
333 96
334 96
335 96
336 96
337 96
338 96
339 96
340 96
341 97
342 97
343 97
344 97
345 97
346 97
347 97
348 97
349 97
350 97
351 97
352 97
353 98
354 98
355 98
356 98
357 98
358 98
359 98
360 98
361 98
362 98
363 98
364 98
365 98
366 98
367 98
368 99
369 99
370 99
371 99
372 99
373 99
374 99
375 99
376 99
377 99
378 99
379 100
380 100
381 100
382 100
383 100
384 100
385 100
386 101
387 101
388 101
389 101
390 101
391 102
392 102
393 102
394 102
395 103
396 103
397 103
398 103
399 104
400 104
401 104
402 105
403 105
404 105
405 106
406 106
407 106
408 107
409 107
410 108
411 108
412 108
413 109
414 109
415 110
416 110
417 111
418 111
419 111
420 112
421 112
422 113
423 113
424 114
425 114
426 115
427 115
428 116
429 116
430 117
431 117
432 118
433 118
434 119
435 119
436 120
437 120
438 121
439 121
440 122
441 122
442 123
443 124
444 124
445 125
446 125
447 126
448 126
449 127
450 127
451 128
452 128
453 129
454 129
455 130
456 130
457 131
458 131
459 132
460 132
461 133
462 133
463 133
464 134
465 134
466 135
467 135
468 136
469 136
470 136
471 137
472 137
473 137
474 138
475 138
476 138
477 139
478 139
479 139
480 140
481 140
482 140
483 141
484 141
485 141
486 141
487 142
488 142
489 142
490 142
491 143
492 143
493 143
494 143
495 144
496 144
497 144
498 144
499 144
500 145
501 145
502 145
503 145
504 145
505 146
506 146
507 146
508 146
509 146
510 146
511 146
512 147
513 147
514 147
515 147
516 147
517 147
518 147
519 147
520 147
521 147
522 147
523 147
524 147
525 146
526 146
527 146
528 146
529 146
530 146
531 145
532 145
533 145
534 145
535 144
536 144
537 144
538 143
539 143
540 143
541 142
542 142
543 141
544 141
545 141
546 140
547 140
548 139
549 139
550 138
551 138
552 137
553 137
554 136
555 136
556 135
557 135
558 134
559 134
560 133
561 133
562 132
563 131
564 131
565 130
566 130
567 129
568 129
569 128
570 127
571 127
572 126
573 125
574 125
575 124
576 124
577 123
578 122
579 122
580 121
581 120
582 119
583 119
584 118
585 117
586 117
587 116
588 115
589 114
590 114
591 113
592 112
593 111
594 110
595 110
596 109
597 108
598 107
599 106
600 106
601 105
602 104
603 103
604 102
605 101
606 101
607 100
608 99
609 98
610 97
611 96
612 95
613 95
614 94
615 93
616 92
617 91
618 91
619 90
620 89
621 88
622 87
623 86
624 86
625 85
626 84
627 83
628 82
629 82
630 81
631 80
632 79
633 78
634 78
635 77
636 76
637 76
638 75
639 74
640 73
641 73
642 72
643 71
644 71
645 70
646 70
647 69
648 68
649 68
650 67
651 67
652 66
653 66
654 65
655 65
656 64
657 64
658 64
659 63
660 63
661 63
662 62
663 62
664 62
665 62
666 61
667 61
668 61
669 61
670 60
671 60
672 60
673 60
674 60
675 60
676 59
677 59
678 59
679 59
680 59
681 59
682 59
683 59
684 58
685 58
686 58
687 58
688 58
689 58
690 58
691 58
692 58
693 58
694 58
695 58
696 58
697 58
698 58
699 58
700 58
701 58
702 58
703 58
704 58
705 58
706 58
707 58
708 58
709 58
710 58
711 58
712 58
713 58
714 58
715 58
716 58
717 59
718 59
719 59
720 59
721 59
722 59
723 59
724 59
725 59
726 59
727 59
728 60
729 60
730 60
731 60
732 60
733 60
734 60
735 60
736 60
737 61
738 61
739 61
740 61
741 61
742 61
743 61
744 61
745 61
746 61
747 61
748 61
749 61
750 62
751 62
752 62
753 62
754 62
755 62
756 62
757 62
758 62
759 61
760 61
761 61
762 61
763 61
764 61
765 61
766 61
767 61
768 61
769 61
770 61
771 60
772 60
773 60
774 60
775 60
776 60
777 60
778 60
779 60
780 59
