24 88
25 89
26 90
26 91
27 92
27 93
28 94
29 95
29 96
30 97
30 98
31 99
32 100
33 101
33 102
34 103
35 104
36 105
37 106
38 106
39 107
40 107
41 108
42 108
43 108
44 108
45 108
46 107
47 107
48 106
49 106
50 105
51 105
52 104
53 103
54 103
55 102
56 101
57 100
58 100
59 99
60 98
61 97
62 97
63 96
64 96
65 95
66 94
67 94
68 93
69 93
70 92
71 92
72 91
73 91
74 91
75 90
76 90
77 90
78 90
79 90
80 89
81 89
82 89
83 89
84 89
85 89
86 89
87 89
88 89
89 89
90 89
91 89
92 90
93 90
94 90
95 90
96 90
97 91
98 91
99 92
100 92
101 92
102 93
103 93
104 94
105 94
106 95
107 96
108 96
109 97
110 97
111 98
112 99
113 99
114 100
115 101
116 101
117 102
118 103
119 103
120 104
121 105
122 105
123 106
124 107
125 107
126 108
127 109
128 109
129 110
130 111
131 111
132 112
133 113
134 114
135 114
136 115
137 116
138 117
139 118
140 119
141 119
142 120
143 121
144 122
145 123
146 124
147 125
148 126
149 127
150 128
151 129
152 130
153 131
154 132
155 133
156 134
157 135
158 136
159 137
160 138
161 139
162 140
163 141
164 142
165 142
166 143
167 144
168 145
169 145
170 146
171 146
172 147
173 147
174 148
175 148
176 149
177 149
178 149
179 150
180 150
181 150
182 150
183 151
184 151
185 151
186 151
187 151
188 151
189 151
190 151
191 151
192 151
193 151
194 151
195 151
196 151
197 150
198 150
199 150
200 150
201 150
202 150
203 150
204 150
205 150
206 150
207 150
208 150
209 150
210 150
211 150
212 150
213 150
214 150
215 150
216 150
217 150
218 150
219 151
220 151
221 151
222 151
223 151
224 152
225 152
226 152
227 153
228 153
229 153
230 154
231 154
232 154
233 155
234 155
235 156
236 156
237 157
238 157
239 158
240 158
241 159
242 159
243 160
244 161
245 161
246 162
247 162
248 163
249 164
250 164
251 165
252 166
253 166
254 167
255 168
256 168
257 169
258 170
259 171
260 171
261 172
262 173
263 174
264 175
265 175
266 176
267 177
268 178
269 179
270 180
271 180
272 181
273 182
274 183
275 184
276 185
277 186
278 186
279 187
280 188
281 189
282 190
283 191
284 192
285 193
286 193
287 194
288 195
289 196
290 197
291 198
292 198
293 199
294 200
295 200
296 201
297 202
298 202
299 203
300 203
301 204
302 204
303 204
304 204
305 205
306 205
307 205
308 205
309 205
310 205
311 204
312 204
313 204
314 203
315 203
316 203
317 202
318 202
319 201
320 201
321 200
322 200
323 199
324 199
325 198
326 197
327 197
328 196
329 195
330 195
331 194
332 193
333 192
334 192
335 191
336 190
337 189
338 189
339 188
340 187
341 186
342 185
343 184
344 184
345 183
346 182
347 181
348 180
349 179
350 178
351 177
352 176
353 175
354 174
355 173
356 172
357 171
358 170
359 169
360 168
361 167
362 166
363 165
364 164
365 163
366 162
367 161
368 160
369 160
370 159
371 158
372 157
373 156
374 155
375 155
376 154
377 153
378 153
379 152
380 151
381 151
382 150
383 150
384 149
385 149
386 148
387 148
388 147
389 147
390 147
391 146
392 146
393 146
394 145
395 145
396 144
397 144
398 144
399 144
400 143
401 143
402 143
403 142
404 142
405 142
406 142
407 141
408 141
409 141
410 141
411 140
412 140
413 140
414 140
415 139
416 139
417 139
418 139
419 139
420 138
421 138
422 138
423 138
424 137
425 137
426 137
427 136
428 136
429 136
430 136
431 135
432 135
433 135
434 134
435 134
436 134
437 133
438 133
439 133
440 132
441 132
442 132
443 132
444 131
445 131
446 131
447 130
448 130
449 130
450 129
451 129
452 129
453 128
454 128
455 128
456 128
457 127
458 127
459 127
460 127
461 126
462 126
463 126
464 126
465 125
466 125
467 125
468 125
469 125
470 125
471 125
472 124
473 124
474 124
475 124
476 124
477 124
478 124
479 124
480 124
481 124
482 124
483 124
484 124
485 124
486 123
487 123
488 123
489 123
490 123
491 123
492 123
493 123
494 123
495 123
496 123
497 123
498 123
499 123
500 123
501 123
502 123
503 123
504 123
505 123
506 123
507 123
508 123
509 123
510 123
511 122
512 122
513 122
514 122
515 122
516 122
517 121
518 121
519 121
520 121
521 120
522 120
523 120
524 119
525 119
526 118
527 118
528 118
529 117
530 117
531 116
532 116
533 115
534 115
535 114
536 114
537 114
538 113
539 113
540 112
541 112
