6 16
7 17
7 18
7 19
8 20
8 21
8 22
9 23
9 24
10 25
10 26
10 27
11 28
11 29
11 30
12 31
12 32
13 33
13 34
13 35
14 36
14 37
15 38
15 39
16 40
16 41
17 42
17 43
18 44
18 45
19 46
19 47
20 48
21 49
21 50
22 51
23 52
23 53
24 54
25 55
25 56
26 57
27 58
28 59
29 60
30 61
31 62
32 63
33 64
34 65
35 66
36 67
37 68
38 69
39 69
40 70
41 71
42 71
43 72
44 72
45 73
46 73
47 74
48 74
49 75
50 75
51 75
52 76
53 76
54 77
55 77
56 77
57 78
58 78
59 78
60 79
61 79
62 79
63 79
64 80
65 80
66 80
67 80
68 80
69 80
70 80
71 80
72 80
73 80
74 80
75 80
76 80
77 80
78 80
79 80
80 80
81 80
82 80
83 80
84 80
85 80
86 80
87 80
88 80
89 80
90 80
91 80
92 80
93 80
94 80
95 80
96 80
97 80
98 80
99 80
100 80
101 80
102 80
103 80
104 80
105 80
106 80
107 80
108 80
109 80
110 80
111 80
112 80
113 81
114 81
115 81
116 81
117 81
118 81
119 81
120 81
121 81
122 81
123 81
124 81
125 81
126 81
127 81
