8 39
8 40
9 41
9 42
9 43
10 44
10 45
11 46
11 47
11 48
12 49
12 50
12 51
13 52
13 53
13 54
14 55
14 56
15 57
15 58
16 59
16 60
16 61
17 62
17 63
18 64
18 65
19 66
20 67
20 68
21 69
21 70
22 71
23 72
24 73
25 74
25 75
26 76
27 77
28 78
29 78
30 79
31 80
32 81
33 81
34 82
35 82
36 83
37 83
38 83
39 84
40 84
41 84
42 84
43 84
44 85
45 85
46 85
47 85
48 85
49 85
50 85
51 86
52 86
53 86
54 87
55 87
56 87
57 88
58 88
59 89
60 89
61 90
62 90
63 91
64 91
65 91
66 91
67 92
68 92
69 92
70 91
71 91
72 91
73 91
74 90
75 90
76 89
77 89
78 89
79 88
80 88
81 87
82 87
83 87
84 86
85 86
86 86
87 85
88 85
89 85
90 85
91 84
92 84
93 84
94 84
95 84
96 84
97 84
98 84
99 84
100 84
101 84
102 84
103 84
104 84
105 84
106 85
107 85
108 85
109 85
110 85
111 86
112 86
113 86
114 87
115 87
116 87
117 88
118 88
119 89
120 89
121 89
122 90
123 90
124 91
125 91
126 92
127 92
128 92
129 93
130 93
131 93
132 94
133 94
134 94
135 94
136 94
137 95
138 95
139 95
140 95
141 94
142 94
143 94
144 94
145 94
146 93
147 93
148 93
149 93
150 92
151 92
152 92
153 91
154 91
155 90
156 90
157 90
158 89
159 89
160 88
161 88
162 88
163 87
164 87
165 86
166 86
167 85
168 85
169 85
170 84
171 84
172 83
173 83
174 83
175 82
176 82
177 81
178 81
179 81
180 81
181 80
182 80
183 80
184 79
185 79
186 79
187 79
188 79
189 79
190 78
191 78
192 78
193 78
194 78
195 78
196 78
197 77
198 77
199 77
200 77
201 77
202 76
203 76
204 76
205 75
206 75
207 75
208 74
209 74
210 73
211 73
212 72
213 72
214 71
215 71
216 70
217 70
218 69
219 69
220 68
221 68
222 67
223 67
224 67
225 66
226 66
227 66
228 66
229 66
230 65
231 65
232 65
233 66
234 66
235 66
236 66
237 66
238 67
239 67
240 67
241 68
242 68
243 69
244 69
245 70
246 71
247 71
248 72
249 73
250 73
251 74
252 75
253 76
254 76
255 77
256 78
257 79
258 80
259 80
260 81
261 82
262 83
263 84
264 85
265 85
266 86
267 87
268 88
269 89
270 90
271 91
272 92
273 92
274 93
274 94
