35 74
36 74
37 74
38 74
39 74
40 74
41 74
42 73
43 73
44 73
45 73
46 73
47 73
48 73
49 73
50 73
51 73
52 73
53 73
54 73
55 73
56 73
57 73
58 73
59 73
60 73
61 73
62 73
63 73
64 73
65 73
66 73
67 74
68 74
69 74
70 74
71 74
72 74
73 74
74 74
75 75
76 75
77 75
78 75
79 75
80 76
81 76
82 76
83 77
84 77
85 77
86 77
87 78
88 78
89 79
90 79
91 79
92 80
93 80
94 81
95 81
96 82
97 82
98 83
99 83
100 84
101 84
102 85
103 85
104 86
105 87
106 87
107 88
108 89
109 89
110 90
111 91
112 92
113 93
114 94
115 94
116 95
117 96
118 97
119 98
120 99
121 100
122 101
123 102
124 103
125 104
126 105
127 106
128 107
129 108
130 109
131 109
132 110
133 110
134 111
135 111
136 111
137 112
138 112
139 112
140 113
141 113
142 113
143 114
144 115
145 116
146 117
147 118
148 119
149 120
150 121
151 122
151 123
152 124
153 125
154 126
154 127
155 128
156 129
156 130
157 131
158 132
159 133
159 134
160 135
161 136
162 137
163 138
163 139
164 140
165 141
166 142
167 143
168 144
169 145
170 145
171 146
172 147
173 148
174 148
175 148
176 149
177 149
178 149
179 149
180 148
181 148
182 148
183 147
184 146
185 146
186 145
187 144
188 143
189 143
190 142
191 141
192 140
193 139
194 138
195 137
196 136
197 135
198 134
199 134
200 133
201 132
202 131
203 131
204 130
205 129
206 129
207 128
208 128
209 128
210 127
211 127
212 127
213 126
214 126
215 126
216 126
217 126
218 126
219 126
220 126
221 126
222 127
223 127
224 127
225 127
226 128
227 128
228 128
229 129
230 129
231 130
232 130
233 131
234 131
235 132
236 132
237 133
238 133
239 134
240 135
241 135
242 136
243 137
244 138
245 139
246 139
247 140
248 141
249 142
250 143
251 144
252 145
253 146
254 147
255 148
256 149
257 150
258 151
259 152
260 153
261 154
262 155
263 156
264 157
264 158
265 159
266 160
267 161
268 162
269 163
270 164
271 165
272 166
273 167
274 168
275 169
276 170
277 171
278 172
279 173
280 173
281 174
282 175
283 176
284 177
285 177
286 178
287 179
288 179
289 180
290 180
291 181
292 181
293 181
294 181
295 181
296 181
297 181
298 180
299 180
300 179
301 178
302 177
303 176
304 175
305 174
306 173
307 172
308 171
308 170
309 169
310 168
310 167
311 166
312 165
312 164
313 163
314 162
314 161
315 160
