21 22
22 22
23 22
24 22
25 22
26 23
27 23
28 23
29 23
30 24
31 24
32 24
33 24
34 25
35 25
36 25
37 25
38 26
39 26
40 26
41 26
42 27
43 27
44 27
45 28
46 28
47 28
48 29
49 29
50 30
51 30
52 30
53 31
54 31
55 32
56 32
57 33
58 33
59 34
60 34
61 35
62 36
63 36
64 37
65 38
66 38
67 39
68 40
69 40
70 41
71 42
72 42
73 43
74 44
75 45
76 46
77 46
78 47
79 48
80 49
81 50
82 51
83 52
84 53
85 54
86 55
87 56
88 57
89 58
90 59
91 60
92 61
93 62
94 63
95 64
96 65
97 66
98 67
99 68
100 69
101 70
102 71
103 72
104 73
104 74
105 75
106 76
107 77
108 78
109 79
110 80
111 81
112 82
113 83
113 84
114 85
115 86
116 87
117 88
118 89
119 90
120 91
121 92
122 93
123 94
124 95
125 96
126 97
127 97
128 98
129 99
130 100
131 101
132 101
133 102
134 103
135 103
136 104
137 105
138 105
139 106
140 106
141 107
142 107
143 107
144 108
145 108
146 108
147 109
148 109
149 109
150 110
151 110
152 110
153 110
154 110
155 111
156 111
157 111
158 111
159 112
160 112
161 112
162 112
163 113
164 113
165 113
166 113
167 114
168 114
169 114
170 115
171 115
172 115
173 116
174 116
175 117
176 117
177 117
178 118
179 118
180 119
181 119
182 120
183 120
184 121
185 121
186 122
187 122
188 123
189 124
190 124
191 125
192 125
193 126
194 127
195 127
196 128
197 129
198 130
199 130
200 131
201 132
202 132
203 133
204 134
205 135
206 136
207 136
208 137
209 138
210 139
211 139
212 140
213 141
214 142
215 142
216 143
217 144
218 144
219 145
220 145
221 145
222 146
223 146
224 146
225 147
226 147
227 147
228 147
229 147
230 147
231 146
232 146
233 146
234 145
235 145
236 145
237 144
238 143
239 143
240 142
241 142
242 141
243 140
244 140
245 139
246 139
247 138
248 137
249 137
250 136
251 135
252 135
253 134
254 134
255 133
256 133
257 132
258 132
259 131
260 131
261 131
262 130
263 130
264 130
265 129
266 129
267 129
268 128
269 128
270 128
271 127
272 127
273 127
274 126
275 126
276 126
277 126
278 125
279 125
280 125
281 124
282 124
283 124
284 123
285 123
286 123
287 122
288 122
289 122
290 121
291 121
292 121
293 121
294 120
295 120
296 120
297 119
298 119
299 119
300 119
301 119
302 118
303 118
304 118
305 118
306 118
