20 62
21 63
22 64
23 65
24 66
25 67
26 68
26 69
27 70
28 71
29 72
30 73
31 74
32 75
33 76
34 77
35 78
36 79
37 80
38 81
39 82
40 83
41 84
42 85
43 86
44 87
45 88
46 89
47 89
48 90
49 91
50 91
51 92
52 93
53 93
54 94
55 94
56 95
57 95
58 96
59 96
60 97
61 97
62 98
63 98
64 98
65 99
66 99
67 100
68 100
69 101
70 101
71 102
72 102
73 103
74 103
75 104
76 104
77 105
78 106
79 107
80 108
81 109
82 110
83 111
84 112
85 113
85 114
86 115
87 116
87 117
88 118
89 119
89 120
90 121
90 122
91 123
91 124
92 125
92 126
93 127
93 128
93 129
94 130
94 131
95 132
95 133
95 134
96 135
96 136
97 137
97 138
97 139
98 140
98 141
98 142
99 143
99 144
99 145
100 146
100 147
100 148
101 149
101 150
101 151
102 152
102 153
102 154
103 155
103 156
103 157
104 158
104 159
104 160
105 161
105 162
105 163
106 164
106 165
106 166
107 167
107 168
107 169
108 170
108 171
108 172
109 173
109 174
110 175
110 176
110 177
111 178
111 179
112 180
112 181
113 182
113 183
114 184
114 185
115 186
115 187
116 188
116 189
117 190
118 191
118 192
119 193
120 194
120 195
121 196
122 197
123 198
124 199
125 200
126 201
127 202
128 203
129 203
130 204
131 205
132 205
133 206
134 206
135 207
136 207
137 208
138 208
139 209
140 209
141 209
142 209
143 209
144 210
145 210
146 210
147 210
148 210
149 210
150 210
151 209
152 209
153 209
154 209
155 208
156 208
157 208
158 207
159 207
160 207
161 206
162 206
163 205
164 205
165 204
166 203
167 203
168 202
169 201
170 201
171 200
172 199
173 198
174 197
175 197
176 196
177 195
178 194
179 193
180 192
181 191
182 190
183 189
184 188
184 187
185 186
186 185
187 184
188 183
189 182
189 181
190 180
191 179
192 178
192 177
193 176
194 175
195 174
195 173
196 172
197 171
197 170
198 169
199 168
199 167
200 166
201 165
201 164
202 163
203 162
203 161
204 160
204 159
205 158
206 157
206 156
207 155
207 154
208 153
209 152
209 151
210 150
210 149
211 148
211 147
212 146
212 145
213 144
214 143
214 142
215 141
215 140
216 139
216 138
217 137
217 136
218 135
218 134
219 133
219 132
220 131
220 130
221 129
221 128
222 127
222 126
223 125
223 124
223 123
224 122
224 121
225 120
225 119
226 118
226 117
227 116
227 115
228 114
228 113
229 112
229 111
230 110
230 109
231 108
231 107
232 106
232 105
233 104
233 103
234 102
234 101
235 100
235 99
236 98
236 97
237 96
238 95
238 94
239 93
240 92
241 91
242 90
243 89
244 88
245 87
246 87
247 86
248 86
249 86
250 86
251 86
252 86
253 86
254 86
255 86
256 87
257 87
258 88
259 88
260 89
261 90
262 91
263 92
264 93
265 94
266 95
267 96
268 97
269 98
270 99
271 100
272 101
273 102
274 103
274 104
275 105
276 106
277 107
278 108
279 109
280 110
280 111
281 112
282 113
283 114
284 115
285 116
286 117
287 118
288 119
289 120
290 121
291 122
292 123
293 124
294 125
295 126
296 127
297 128
298 129
299 130
300 131
301 132
302 133
303 134
304 135
305 135
306 136
307 137
308 138
309 138
310 139
311 139
312 140
313 140
314 140
315 141
316 141
317 141
318 141
319 141
320 141
321 141
322 140
323 140
324 140
325 139
326 139
327 138
328 138
329 137
330 136
331 136
332 135
333 134
334 133
335 132
336 131
337 130
338 130
339 129
340 128
341 127
342 126
343 125
343 124
344 123
345 122
346 121
347 120
348 119
349 118
349 117
350 116
351 115
352 114
353 113
354 112
354 111
355 110
356 109
357 108
358 107
359 106
359 105
360 104
361 103
362 102
363 101
364 100
365 99
366 98
367 97
368 96
369 95
370 94
371 93
372 92
373 91
374 90
375 90
376 89
377 88
378 88
379 87
380 86
381 86
382 85
383 85
384 84
385 84
386 83
387 83
388 82
389 82
390 82
391 81
392 81
393 81
394 80
395 80
396 80
397 80
398 80
399 80
400 80
401 80
402 80
403 80
404 80
405 80
406 80
407 80
408 80
409 80
410 80
411 81
412 81
413 81
414 81
415 82
416 82
417 82
418 82
419 83
420 83
421 83
422 83
423 84
424 84
425 84
426 84
427 84
428 84
429 84
430 84
431 85
432 85
433 85
434 85
435 85
436 85
437 85
438 85
439 85
440 86
441 86
442 86
443 86
444 87
445 87
446 87
447 88
448 88
449 88
450 89
451 89
452 90
453 90
454 91
455 92
456 92
457 93
458 94
459 94
460 95
461 96
462 97
463 98
464 99
465 100
466 101
467 102
468 103
469 104
470 105
470 106
471 107
472 108
473 109
474 110
474 111
475 112
476 113
477 114
477 115
478 116
479 117
479 118
480 119
481 120
481 121
482 122
483 123
483 124
484 125
485 126
485 127
486 128
486 129
487 130
488 131
488 132
489 133
489 134
490 135
490 136
491 137
492 138
492 139
493 140
493 141
494 142
494 143
495 144
495 145
496 146
496 147
497 148
497 149
498 150
498 151
499 152
499 153
500 154
501 155
501 156
501 157
502 158
502 159
503 160
503 161
504 162
504 163
505 164
505 165
506 166
506 167
507 168
507 169
508 170
508 171
509 172
