12 26
13 26
14 26
15 26
16 26
17 26
18 26
19 26
20 26
21 26
22 26
23 26
24 26
25 26
26 26
27 26
28 26
29 26
30 26
31 27
32 27
33 27
34 27
35 28
36 28
37 29
38 29
39 30
40 31
41 31
42 32
43 33
44 34
45 35
46 36
47 37
48 38
48 39
49 40
50 41
51 42
51 43
52 44
53 45
53 46
54 47
55 48
55 49
56 50
56 51
57 52
58 53
58 54
59 55
59 56
60 57
60 58
61 59
62 60
62 61
63 62
63 63
64 64
64 65
65 66
65 67
66 68
66 69
67 70
67 71
68 72
68 73
69 74
69 75
70 76
70 77
71 78
71 79
72 80
72 81
73 82
73 83
74 84
74 85
75 86
75 87
76 88
76 89
77 90
77 91
78 92
78 93
79 94
80 95
80 96
81 97
81 98
82 99
82 100
83 101
84 102
84 103
85 104
86 105
87 106
87 107
88 108
89 109
90 110
91 111
92 112
93 113
94 114
95 115
96 115
97 116
98 117
99 117
100 118
101 119
102 119
103 120
104 120
105 121
106 121
107 122
108 122
109 123
110 123
111 124
112 124
113 125
114 125
115 126
116 126
117 127
118 127
119 127
120 128
121 128
122 129
123 129
124 129
125 129
126 130
127 130
128 130
129 130
130 130
131 131
132 131
133 131
134 131
135 130
136 130
137 130
138 130
139 129
140 129
141 128
142 128
143 127
144 126
145 125
146 124
147 123
148 122
149 121
150 120
151 119
151 118
152 117
153 116
154 115
154 114
155 113
156 112
156 111
157 110
157 109
158 108
158 107
159 106
160 105
160 104
161 103
161 102
162 101
162 100
163 99
163 98
164 97
164 96
165 95
165 94
166 93
167 92
167 91
168 90
168 89
169 88
169 87
170 86
171 85
171 84
172 83
173 82
174 81
175 80
176 79
177 78
178 77
179 77
180 76
181 76
182 75
183 75
184 75
185 75
186 74
187 74
188 74
189 74
190 74
191 74
192 74
193 74
194 74
195 74
196 74
197 75
198 75
199 75
200 75
201 75
202 75
203 75
204 75
205 75
206 75
207 75
208 74
209 74
210 74
211 74
212 74
213 74
214 73
215 73
216 73
217 73
218 72
219 72
220 72
221 71
222 71
223 71
224 70
225 70
226 70
227 69
228 69
229 69
230 68
231 68
232 68
233 67
234 67
235 67
236 66
237 66
238 66
239 65
240 65
241 65
242 65
243 65
244 65
245 65
246 65
247 65
248 65
249 65
250 65
251 65
252 65
253 65
254 65
255 65
256 66
257 66
258 66
259 66
260 66
261 66
262 66
263 66
264 67
265 67
266 66
267 66
268 66
269 66
270 66
271 66
272 65
273 65
274 65
275 64
276 64
277 64
278 63
279 63
280 63
281 62
282 62
283 61
284 61
285 61
286 60
287 60
288 60
289 59
290 59
291 59
292 59
293 58
294 58
295 58
296 58
297 58
298 58
299 58
300 58
301 58
302 58
303 58
304 58
305 58
306 58
307 58
308 59
309 59
310 59
311 60
312 60
313 60
314 61
315 61
316 62
317 62
318 62
319 63
320 63
321 64
322 64
323 65
324 65
325 66
326 67
327 67
328 68
