9 44
10 44
11 44
12 44
13 44
14 44
15 44
16 43
17 43
18 43
19 43
20 43
21 44
22 44
23 44
24 44
25 44
26 44
27 44
28 45
29 45
30 45
31 46
32 46
33 47
34 47
35 47
36 48
37 48
38 49
39 49
40 50
41 51
42 51
43 52
44 52
45 53
46 54
47 54
48 55
49 56
50 56
51 57
52 58
53 59
54 59
55 60
56 61
57 62
58 63
59 63
60 64
61 65
62 66
63 67
64 67
65 68
66 69
67 70
68 71
69 72
70 73
71 73
72 74
73 75
74 76
75 77
76 78
77 79
78 79
79 80
80 81
81 82
82 83
83 84
84 85
85 86
86 87
87 88
88 88
89 89
90 90
91 91
92 92
93 93
94 94
95 95
96 96
97 97
98 98
99 99
100 100
101 101
102 102
103 103
104 104
105 105
106 106
107 107
108 108
108 109
109 110
110 111
111 112
112 113
112 114
113 115
114 116
115 117
115 118
116 119
117 120
118 121
118 122
119 123
120 124
120 125
121 126
122 127
122 128
123 129
124 130
124 131
125 132
125 133
126 134
127 135
127 136
128 137
129 138
129 139
130 140
131 141
131 142
132 143
133 144
133 145
134 146
135 147
136 148
136 149
137 150
138 151
139 152
140 153
141 154
142 155
143 156
144 157
145 158
146 158
147 159
148 159
149 159
150 159
151 160
152 160
153 159
154 159
155 159
156 159
157 158
158 158
159 158
160 157
161 157
162 156
163 155
164 155
165 154
166 153
167 152
168 151
169 150
170 149
171 148
172 147
173 146
174 145
175 144
176 143
177 142
178 141
178 140
179 139
180 138
181 137
182 136
183 135
183 134
184 133
185 132
186 131
187 130
187 129
188 128
189 127
190 126
191 125
192 124
193 123
193 122
194 121
195 120
196 119
197 118
198 117
199 116
200 115
201 114
202 114
203 113
204 112
205 111
206 111
207 110
208 109
209 109
210 108
211 108
212 107
213 107
214 107
215 106
216 106
217 106
218 106
219 106
220 105
221 105
222 105
223 105
224 105
225 105
226 105
227 105
228 106
229 106
230 106
231 106
232 106
233 106
234 106
235 107
236 107
237 107
238 107
239 107
240 107
241 108
242 108
243 108
244 108
245 108
246 108
247 108
248 109
249 109
250 109
251 109
252 109
253 109
254 109
255 109
256 109
257 109
258 109
259 109
260 109
261 109
262 109
263 109
264 109
265 109
266 109
267 109
268 109
269 108
270 108
271 108
272 108
273 108
274 108
275 108
276 108
277 108
278 107
279 107
280 107
281 107
282 107
283 107
284 107
285 107
286 107
287 107
288 107
289 106
290 106
291 106
292 106
293 106
294 106
295 107
296 107
297 107
298 107
299 107
300 107
301 107
302 107
303 108
304 108
305 108
306 109
307 109
308 109
309 109
310 110
311 110
312 110
313 111
314 111
315 111
316 111
317 111
318 112
319 112
320 112
321 112
322 112
323 112
324 112
325 112
326 112
327 111
328 111
329 111
330 111
331 111
332 110
333 110
334 110
335 109
336 109
337 108
338 108
339 108
340 107
341 107
342 106
343 106
344 105
345 105
346 104
347 104
348 103
349 103
350 102
351 102
352 101
353 101
354 100
355 100
356 99
357 99
358 99
359 98
360 98
361 97
362 97
363 96
364 96
365 95
366 95
367 94
368 94
369 94
370 93
371 93
372 93
373 92
374 92
375 92
376 91
377 91
378 91
379 91
380 90
381 90
382 90
383 90
384 90
385 90
386 90
387 90
388 90
389 90
390 90
391 90
392 90
393 90
394 90
395 90
396 90
397 91
398 91
399 91
400 91
401 91
402 92
403 92
404 92
405 92
406 93
407 93
