12 42
13 43
14 44
15 45
16 46
17 47
18 48
19 48
20 49
21 50
22 50
23 51
24 51
25 52
26 52
27 52
28 52
29 52
30 52
31 53
32 53
33 53
34 53
35 53
36 54
37 54
38 54
39 55
40 55
41 55
42 56
43 56
44 57
45 57
46 58
47 58
48 59
49 60
50 60
51 61
52 61
53 62
54 63
55 63
56 64
57 65
58 65
59 66
60 66
61 67
62 68
63 68
64 69
65 69
66 70
67 70
68 71
69 71
70 72
71 72
72 73
73 73
74 73
75 73
76 74
77 74
78 74
79 74
80 74
81 73
82 73
83 72
84 71
85 70
86 69
87 68
88 67
89 66
90 65
90 64
91 63
92 63
93 62
94 62
95 62
96 62
97 62
98 63
99 63
100 64
101 65
102 66
103 67
104 68
105 69
106 70
107 70
108 71
109 72
110 73
111 74
112 74
113 75
114 75
115 76
116 76
117 76
118 76
119 77
120 77
121 77
122 77
123 77
124 77
125 77
126 77
127 77
128 77
129 77
130 77
131 77
132 78
133 78
134 78
135 79
136 80
137 80
138 81
139 82
140 83
141 84
142 85
143 86
144 87
145 88
146 89
147 90
148 91
149 91
150 92
151 93
152 93
153 94
154 94
155 95
156 95
157 96
158 96
159 96
160 97
161 97
162 97
163 97
164 97
165 97
166 97
167 96
168 96
169 95
170 94
171 93
172 92
173 91
174 90
174 89
175 88
176 87
176 86
177 85
177 84
178 83
178 82
179 81
179 80
180 79
180 78
180 77
181 76
181 75
182 74
182 73
182 72
183 71
183 70
184 69
184 68
184 67
185 66
185 65
186 64
186 63
187 62
187 61
188 60
188 59
189 58
190 57
190 56
191 55
192 54
193 53
194 53
195 52
196 52
197 52
198 52
199 52
200 52
201 52
202 52
203 53
204 53
205 54
206 54
207 54
208 55
209 55
210 56
