28 54
29 55
30 56
31 57
31 58
32 59
33 60
34 61
34 62
35 63
36 64
36 65
37 66
38 67
39 68
39 69
40 70
41 71
42 72
42 73
43 74
44 75
45 76
45 77
46 78
47 79
48 80
49 81
50 82
50 83
51 84
52 85
53 86
54 87
55 88
56 89
57 90
58 91
59 92
60 93
61 94
62 95
63 95
64 96
65 97
66 98
67 99
68 100
69 101
70 101
71 102
72 103
73 104
74 105
75 105
76 106
77 107
78 108
79 109
80 109
81 110
82 111
83 112
84 112
85 113
86 114
87 115
88 115
89 116
90 117
91 118
92 118
93 119
94 120
95 120
96 121
97 122
98 122
99 123
100 123
101 124
102 125
103 125
104 126
105 126
106 127
107 127
108 127
109 128
110 128
111 128
112 129
113 129
114 129
115 130
116 130
117 130
118 131
119 131
120 132
121 132
122 132
123 133
124 133
125 134
126 134
127 135
128 135
129 136
130 136
131 136
132 137
133 137
134 138
135 138
136 139
137 139
138 140
139 140
140 141
141 141
142 142
143 142
144 143
145 143
146 144
147 144
148 145
149 145
150 146
151 146
152 147
153 147
154 148
155 148
156 149
157 149
158 149
159 150
160 150
161 151
162 151
163 152
164 152
165 152
166 153
167 153
168 154
169 154
170 154
171 155
172 155
173 155
174 156
175 156
176 156
177 156
178 157
179 157
180 157
181 157
182 157
183 157
184 157
185 157
186 157
187 157
188 156
189 156
190 156
191 155
192 155
193 155
194 154
195 154
196 153
197 152
198 152
199 151
200 150
201 150
202 149
203 148
204 147
205 146
206 145
207 144
208 143
209 142
210 141
211 140
212 139
213 138
214 137
215 136
216 135
217 134
218 133
219 132
220 131
221 130
222 130
223 129
224 128
225 128
226 127
227 127
228 126
229 126
230 125
231 125
232 124
233 123
234 122
235 122
236 121
236 120
237 119
238 118
239 117
239 116
240 115
240 114
241 113
241 112
242 111
242 110
243 109
243 108
244 107
244 106
245 105
245 104
246 103
246 102
247 101
247 100
248 99
248 98
249 97
249 96
250 95
250 94
251 93
251 92
252 91
253 90
253 89
254 88
255 87
256 86
257 85
258 84
259 83
260 83
261 82
262 82
263 81
264 81
265 81
266 81
267 81
268 80
269 80
270 80
271 80
272 80
273 80
274 80
275 80
276 80
277 80
278 80
279 80
280 80
281 80
282 80
283 80
284 80
285 79
286 79
287 79
288 79
289 79
290 79
291 79
292 79
293 78
294 78
295 78
296 78
297 78
298 78
299 78
300 78
301 78
302 78
303 78
304 78
305 78
306 78
307 79
308 79
309 79
310 79
311 79
312 80
313 80
314 80
315 81
316 81
317 82
318 82
319 82
320 83
321 83
322 84
323 85
324 85
325 86
326 86
327 87
328 87
329 88
330 88
331 89
332 90
333 90
334 91
335 91
336 92
337 93
338 93
339 94
340 94
341 95
342 95
343 95
344 96
345 96
346 97
347 97
348 97
349 97
350 97
351 98
352 98
353 97
354 97
355 97
356 97
357 96
358 96
359 96
360 95
361 95
362 94
363 94
364 93
365 93
366 92
367 92
368 91
369 91
370 90
371 90
372 89
373 88
374 88
375 87
376 87
377 86
378 86
379 85
