19 36
20 36
21 36
22 36
23 36
24 36
25 36
26 36
27 36
28 36
29 36
30 36
31 37
32 37
33 37
34 37
35 38
36 38
37 39
38 39
39 40
40 41
41 41
42 42
43 43
43 44
44 45
45 46
46 47
47 48
48 49
48 50
49 51
50 52
51 53
52 54
52 55
53 56
54 57
55 58
56 59
57 60
58 61
59 62
60 63
61 64
62 65
63 65
64 66
65 67
66 67
67 68
68 68
69 68
70 69
71 69
72 69
73 69
74 69
75 69
76 68
77 68
78 68
79 67
80 66
81 65
82 64
83 63
84 62
85 61
85 60
86 59
87 58
87 57
88 56
89 55
89 54
90 53
90 52
91 51
92 50
93 49
94 48
95 48
96 48
97 48
98 49
99 50
100 51
101 52
101 53
102 54
103 55
103 56
104 57
104 58
105 59
106 60
106 61
107 62
107 63
108 64
109 65
109 66
110 67
111 68
112 69
112 70
113 71
114 72
115 73
116 74
117 75
118 76
119 77
120 78
121 79
122 80
123 81
124 81
125 82
126 82
127 83
128 83
129 84
130 84
131 84
132 84
133 85
134 85
135 85
136 84
137 84
138 84
139 84
140 83
141 83
142 83
143 82
144 82
145 81
146 80
147 80
148 79
149 78
150 78
151 77
152 76
153 76
154 75
155 75
156 74
157 74
158 74
159 74
160 74
161 74
162 74
163 74
