10 34
10 35
11 36
11 37
12 38
12 39
12 40
13 41
13 42
14 43
14 44
15 45
15 46
15 47
16 48
16 49
17 50
17 51
17 52
18 53
18 54
19 55
19 56
20 57
20 58
20 59
21 60
21 61
21 62
22 63
22 64
23 65
23 66
23 67
24 68
24 69
24 70
25 71
25 72
26 73
26 74
26 75
27 76
27 77
27 78
28 79
28 80
29 81
29 82
29 83
30 84
30 85
31 86
31 87
31 88
32 89
32 90
33 91
33 92
34 93
34 94
35 95
35 96
36 97
36 98
37 99
37 100
38 101
38 102
39 103
40 104
40 105
41 106
41 107
42 108
43 109
44 110
44 111
45 112
46 113
47 114
48 115
49 116
50 117
51 118
52 119
53 120
54 121
55 122
56 123
57 124
58 124
59 125
60 126
61 126
62 127
63 128
64 128
65 129
66 129
67 130
68 130
69 131
70 131
71 132
72 132
73 133
74 133
75 134
76 134
77 135
78 136
79 136
80 137
81 137
82 138
83 138
84 139
85 139
86 140
87 140
88 141
89 142
90 142
91 143
92 143
93 144
94 145
95 145
96 146
97 147
98 147
99 148
100 149
101 149
102 150
103 151
104 152
105 152
106 153
107 154
108 155
109 155
110 156
111 156
112 157
113 157
114 158
115 158
116 159
117 159
118 159
119 160
120 160
121 160
122 161
123 161
124 162
125 162
126 163
127 164
128 164
129 165
130 166
131 167
132 167
133 168
134 169
135 170
136 170
137 171
138 172
139 173
140 173
141 174
142 175
143 175
144 176
145 176
146 177
147 177
148 178
149 178
150 178
151 179
152 179
153 179
154 180
155 180
156 180
157 180
158 180
159 180
160 180
161 180
162 180
163 180
164 180
165 180
166 180
167 180
168 179
169 179
170 179
171 179
172 178
173 178
174 178
175 177
176 177
177 177
178 176
179 176
180 175
181 175
182 174
183 174
184 173
185 173
186 172
187 172
188 171
189 170
190 170
191 169
192 168
193 167
194 167
195 166
196 165
197 164
198 164
199 163
200 162
201 161
202 160
203 160
204 159
205 158
206 157
207 156
208 155
209 154
210 153
211 153
212 152
213 151
214 150
215 149
216 148
217 147
218 146
219 145
220 144
221 144
222 143
223 142
224 141
225 140
226 139
227 138
228 138
229 137
230 136
231 135
232 134
233 133
234 133
235 132
236 131
237 130
238 129
239 128
240 128
241 127
242 126
243 125
244 124
245 124
246 123
247 122
248 121
249 121
250 120
251 119
252 118
253 117
254 117
255 116
256 115
257 115
258 114
259 113
260 113
261 112
262 111
263 111
264 110
265 110
266 110
267 109
268 109
269 108
270 108
271 108
272 108
273 107
274 107
275 107
276 106
277 106
278 106
279 105
280 105
281 105
282 104
283 104
284 104
285 103
286 103
287 102
288 102
289 102
290 101
291 101
292 101
293 100
294 100
295 100
296 100
297 99
298 99
299 99
300 99
301 99
302 99
303 99
304 99
305 99
306 99
307 99
308 99
309 99
310 99
311 100
312 100
313 100
314 100
315 100
316 101
317 101
318 101
319 101
320 102
321 102
322 103
323 103
324 103
325 104
326 104
327 104
328 105
329 105
330 106
331 106
332 106
333 107
334 107
335 107
336 108
337 108
338 108
339 108
340 108
341 108
342 108
343 108
344 108
345 107
346 107
347 107
348 106
349 106
350 105
351 105
352 104
353 104
354 103
355 103
356 102
357 102
358 101
359 101
360 100
361 100
362 99
363 99
364 99
365 99
366 99
367 99
368 100
369 100
370 101
371 102
372 103
373 104
374 105
375 106
375 107
376 108
377 109
377 110
378 111
379 112
380 113
381 114
381 115
382 116
383 117
384 118
385 119
386 119
387 120
388 121
389 121
390 121
391 121
392 121
393 121
394 120
395 120
396 119
397 119
398 118
399 117
400 116
401 115
