26 17
27 18
28 18
29 19
30 20
31 20
32 21
33 22
34 22
35 23
36 24
37 24
38 25
39 26
40 27
41 27
42 28
43 29
44 29
45 30
46 31
47 32
48 32
49 33
50 34
51 34
52 35
53 36
54 37
55 37
56 38
57 39
58 40
59 41
60 41
61 42
62 43
63 44
64 44
65 45
66 46
67 47
68 48
69 49
70 49
71 50
72 51
73 52
74 53
75 54
76 55
77 56
78 57
79 58
80 59
81 60
82 61
83 62
84 63
85 64
85 65
86 66
87 67
88 68
89 69
89 70
90 71
91 72
92 73
93 74
93 75
94 76
95 77
96 78
96 79
97 80
98 81
99 82
100 83
100 84
101 85
102 86
103 87
104 88
105 89
106 90
107 91
108 92
109 92
110 93
111 94
112 94
113 95
114 95
115 96
116 96
117 96
118 96
119 97
120 97
121 97
122 97
123 97
124 97
125 97
126 97
127 98
128 98
129 98
130 98
131 98
132 98
133 98
134 98
135 98
136 98
137 98
138 98
139 99
140 99
141 99
142 99
143 99
144 99
145 100
146 100
147 100
148 100
149 100
150 100
151 100
152 101
153 101
154 101
155 101
156 101
157 101
158 101
159 101
160 101
161 101
162 102
163 102
164 102
165 102
166 102
167 103
168 103
169 103
170 103
171 104
172 104
173 104
174 105
175 105
176 106
177 106
178 107
179 107
180 107
181 108
182 108
183 109
184 109
185 110
186 110
187 110
188 111
189 111
190 112
191 112
192 112
193 113
194 113
195 113
196 114
197 114
198 114
199 114
200 114
201 115
202 115
203 115
204 115
205 115
206 115
207 115
208 115
209 115
210 115
211 115
212 115
213 116
214 116
215 116
216 116
217 116
218 116
219 116
220 116
221 116
222 116
223 116
224 116
225 116
226 116
227 117
228 117
229 117
230 117
231 118
232 118
233 118
234 119
235 119
236 120
237 120
238 121
239 121
240 122
241 122
242 123
243 123
244 124
245 125
246 125
247 126
248 127
249 128
250 128
251 129
252 130
253 131
254 131
255 132
256 133
257 134
258 135
259 135
260 136
261 137
262 138
263 138
264 139
265 140
266 141
267 141
268 142
269 143
270 143
271 144
272 145
273 145
274 146
275 146
276 147
277 147
278 147
279 148
280 148
281 148
282 149
283 149
284 149
285 149
286 149
287 149
288 149
289 149
290 149
291 149
292 149
293 149
294 149
295 148
296 148
297 148
298 147
299 147
300 147
301 146
302 146
303 145
304 145
305 144
306 143
307 142
308 142
309 141
310 140
311 139
312 138
313 137
314 136
315 135
316 134
316 133
317 132
318 131
319 130
319 129
320 128
321 127
321 126
322 125
323 124
323 123
324 122
324 121
325 120
326 119
326 118
327 117
327 116
328 115
328 114
329 113
329 112
330 111
330 110
331 109
331 108
332 107
333 106
333 105
334 104
334 103
335 102
335 101
336 100
336 99
337 98
337 97
338 96
338 95
339 94
339 93
340 92
340 91
341 90
341 89
