13 47
14 48
15 49
16 49
17 50
18 51
19 52
20 52
21 53
22 54
23 54
24 55
25 56
26 56
27 57
28 58
29 59
30 59
31 60
32 61
33 61
34 62
35 63
36 64
37 64
38 65
39 66
40 66
41 67
42 68
43 69
44 69
45 70
46 71
47 71
48 72
49 73
50 74
51 74
52 75
53 75
54 76
55 77
56 77
57 78
58 78
59 79
60 79
61 80
62 80
63 80
64 81
65 81
66 81
67 82
68 82
69 82
70 82
71 83
72 83
73 83
74 83
75 83
76 83
77 84
78 84
79 84
80 84
81 84
82 84
83 84
84 84
85 84
86 84
87 84
88 84
89 84
90 84
91 84
92 84
93 84
94 84
95 85
96 85
97 85
98 85
99 85
100 85
101 86
102 86
103 87
104 87
105 88
106 88
107 89
108 90
109 91
109 92
110 93
111 94
112 95
112 96
113 97
114 98
114 99
115 100
115 101
116 102
117 103
117 104
118 105
118 106
119 107
119 108
120 109
121 110
121 111
122 112
122 113
123 114
124 115
124 116
125 117
125 118
126 119
127 120
127 121
128 122
129 123
129 124
130 125
131 126
132 127
133 128
133 129
134 130
135 131
136 132
137 133
138 134
139 135
140 136
141 137
142 137
143 138
144 139
145 140
146 140
147 141
148 142
149 142
150 143
151 143
152 144
153 144
154 145
155 145
156 145
157 146
158 146
159 146
160 147
161 147
162 147
163 147
164 147
165 147
166 147
167 147
168 147
169 147
170 147
171 147
172 147
173 147
174 147
175 147
176 147
177 146
178 146
179 146
180 146
181 145
182 145
183 145
184 144
185 144
186 144
187 143
188 143
189 143
190 142
191 142
192 141
193 141
194 141
195 140
196 140
197 139
198 139
199 138
200 138
201 137
202 137
203 136
204 136
205 135
206 135
207 134
208 134
209 133
210 133
211 132
212 131
213 131
214 130
215 130
216 129
217 129
218 128
219 128
220 127
221 127
222 126
223 126
224 125
225 125
226 124
227 124
228 123
229 123
230 122
231 122
232 121
233 121
234 121
235 120
236 120
237 119
238 119
239 119
240 118
241 118
242 117
243 117
244 117
245 116
246 116
247 116
248 116
249 115
250 115
251 115
252 115
253 114
254 114
255 114
256 114
257 114
258 113
259 113
260 113
261 113
262 113
263 113
264 113
265 113
266 113
267 113
268 113
269 113
270 113
271 113
272 113
273 113
274 113
275 113
276 113
277 113
278 113
279 114
280 114
281 114
282 114
283 114
284 115
285 115
286 115
287 115
288 116
289 116
290 117
291 117
292 117
293 118
294 118
295 119
296 119
297 120
298 120
299 121
300 122
301 122
302 123
303 124
304 125
305 125
306 126
307 127
308 128
309 129
310 129
311 130
312 131
313 132
314 133
315 134
316 135
317 135
318 136
319 137
320 138
321 139
322 140
323 141
324 141
325 142
326 143
327 144
328 145
329 145
330 146
331 147
332 147
333 148
334 149
335 149
336 150
337 150
338 151
339 151
340 152
341 152
342 153
343 153
344 153
345 154
346 154
347 154
348 155
349 155
350 155
351 155
352 155
353 155
354 155
355 155
356 155
357 155
358 155
359 155
360 155
361 155
362 155
363 155
364 154
365 154
366 154
367 154
368 154
369 154
370 153
371 153
372 153
373 153
374 153
375 152
376 152
377 152
378 152
379 152
380 152
381 152
382 152
383 152
384 152
385 152
386 152
387 152
388 152
389 152
390 152
391 152
392 152
393 152
394 152
395 152
396 152
397 153
398 153
399 153
400 153
401 153
402 154
403 154
404 154
405 155
406 155
407 155
408 156
409 156
410 156
411 157
412 157
413 158
414 158
415 159
416 159
417 160
418 160
419 161
420 161
421 162
422 162
423 163
424 164
425 164
426 165
427 165
428 166
429 167
430 167
431 168
432 168
433 169
434 170
435 170
436 171
437 172
438 172
439 173
440 173
441 174
442 175
443 175
444 176
445 176
446 177
447 178
448 178
449 179
450 180
451 180
452 181
453 181
454 182
455 183
456 183
457 184
458 184
459 185
460 186
461 186
462 187
462 188
