14 14
15 15
16 16
17 17
18 18
19 19
19 20
20 21
21 22
22 23
22 24
23 25
24 26
25 27
25 28
26 29
27 30
27 31
28 32
28 33
29 34
30 35
30 36
31 37
31 38
32 39
32 40
33 41
33 42
34 43
34 44
35 45
35 46
36 47
36 48
37 49
37 50
38 51
38 52
39 53
39 54
40 55
40 56
41 57
41 58
42 59
42 60
43 61
43 62
44 63
45 64
45 65
46 66
46 67
47 68
48 69
48 70
49 71
50 72
51 73
51 74
52 75
53 76
54 77
55 78
56 79
57 79
58 80
59 80
60 81
61 81
62 81
63 82
64 82
65 82
66 81
67 81
68 81
69 80
70 80
71 79
72 79
73 78
74 77
75 77
76 76
77 75
78 74
79 73
80 72
81 71
82 70
83 69
84 68
85 67
86 66
87 65
88 64
89 63
90 62
91 61
92 60
93 60
94 59
95 59
96 59
97 59
98 58
99 58
100 58
101 58
102 58
103 59
104 59
105 59
106 59
107 59
108 59
109 60
110 60
111 60
112 60
113 61
114 61
115 61
116 61
117 61
118 62
119 62
120 62
121 63
122 63
123 63
124 64
125 64
126 65
127 65
128 66
129 66
130 67
131 67
132 68
133 69
134 69
135 70
136 70
137 71
138 72
139 72
140 73
141 73
142 74
143 74
144 75
145 75
146 76
147 76
148 76
149 77
150 77
151 77
152 78
153 78
154 78
155 78
156 79
157 79
158 79
159 79
160 79
161 79
162 79
163 79
164 78
165 78
166 78
167 77
168 77
169 76
170 75
171 75
172 74
173 73
174 72
175 71
176 70
177 69
178 68
179 67
180 66
181 65
182 64
183 63
183 62
184 61
185 60
186 59
187 58
188 57
188 56
189 55
190 54
191 53
192 52
193 51
