16 34
17 34
18 34
19 35
20 35
21 35
22 36
23 36
24 37
25 37
26 38
27 38
28 39
29 39
30 40
31 40
32 41
33 41
34 41
35 42
36 42
37 43
38 43
39 44
40 44
41 45
42 46
43 46
44 47
45 47
46 48
47 48
48 49
49 49
50 50
51 50
52 51
53 51
54 52
55 53
56 53
57 54
58 54
59 55
60 55
61 56
62 56
63 57
64 58
65 58
66 59
67 59
68 60
69 60
70 61
71 61
72 62
73 62
74 63
75 63
76 64
77 64
78 65
79 65
80 65
81 66
82 66
83 67
84 67
85 67
86 68
87 68
88 69
89 69
90 69
91 70
92 70
93 70
94 71
95 71
96 71
97 71
98 72
99 72
100 72
101 73
102 73
103 73
104 74
105 74
106 74
107 75
108 75
109 75
110 76
111 76
112 76
113 77
114 77
115 77
116 78
117 78
118 79
119 79
120 80
121 80
122 81
123 81
124 82
125 82
126 83
127 83
128 84
129 85
130 86
131 86
132 87
133 88
134 89
135 90
136 91
137 92
138 93
139 94
140 95
141 96
141 97
142 98
143 99
144 100
144 101
145 102
146 103
146 104
147 105
148 106
148 107
149 108
150 109
150 110
151 111
151 112
152 113
153 114
153 115
154 116
154 117
155 118
156 119
156 120
157 121
157 122
158 123
159 124
159 125
160 126
160 127
161 128
162 129
162 130
163 131
164 132
164 133
165 134
166 135
166 136
167 137
168 138
169 139
169 140
170 141
171 142
172 143
173 144
173 145
174 146
175 147
176 148
177 149
178 150
179 151
180 152
181 153
182 153
183 154
184 155
185 156
186 157
187 157
188 158
189 159
190 159
191 160
192 160
193 161
194 161
195 162
196 162
197 163
198 163
199 164
200 164
201 164
202 165
203 165
204 165
205 165
206 165
207 166
208 166
209 166
210 166
211 166
212 166
213 166
214 166
215 166
216 165
217 165
218 165
219 165
220 165
221 164
222 164
223 164
224 163
225 163
226 163
227 162
228 162
229 162
230 161
231 161
232 160
233 160
234 160
235 159
236 159
