11 12
12 13
12 14
12 15
13 16
13 17
14 18
14 19
15 20
15 21
16 22
16 23
17 24
17 25
18 26
18 27
19 28
19 29
20 30
20 31
21 32
21 33
22 34
22 35
23 36
23 37
24 38
24 39
25 40
25 41
26 42
26 43
27 44
27 45
28 46
28 47
29 48
29 49
30 50
30 51
31 52
32 53
32 54
33 55
33 56
34 57
34 58
35 59
36 60
36 61
37 62
38 63
38 64
39 65
40 66
41 67
41 68
42 69
43 70
44 71
45 72
46 73
47 74
48 75
49 76
50 77
51 77
52 78
53 78
54 79
55 79
56 80
57 80
58 80
59 80
60 80
61 81
62 81
63 80
64 80
65 80
66 80
67 80
68 80
69 79
70 79
71 79
72 79
73 79
74 78
75 78
76 78
77 78
78 77
79 77
80 77
81 77
82 77
83 77
84 76
85 76
86 76
87 76
88 77
89 77
90 77
91 77
92 77
93 78
94 78
95 79
96 80
97 81
98 82
99 83
100 84
101 85
102 86
103 87
103 88
104 89
105 90
106 91
106 92
107 93
108 94
109 95
110 96
111 97
111 98
112 99
113 100
114 101
115 102
116 103
117 104
118 105
119 106
120 106
121 107
122 108
123 109
124 110
125 111
126 111
127 112
128 113
129 114
130 114
131 115
132 116
133 116
134 117
135 118
136 118
137 119
138 120
139 120
140 121
141 121
142 122
143 123
144 123
145 124
146 125
147 125
148 126
149 127
150 127
151 128
152 128
153 129
154 130
155 130
156 131
157 132
158 132
159 133
160 134
161 134
162 135
163 136
164 136
165 137
166 138
167 138
168 139
169 140
170 140
171 141
172 141
173 142
174 142
175 143
176 143
177 144
178 144
179 145
180 145
181 146
182 146
183 146
184 146
185 147
186 147
187 147
188 147
189 147
190 147
191 147
192 147
193 146
194 146
195 146
196 145
197 145
198 144
199 143
200 143
201 142
202 141
203 140
204 139
205 138
206 137
207 136
208 135
208 134
209 133
210 132
211 131
212 130
212 129
213 128
214 127
215 126
215 125
216 124
217 123
217 122
218 121
219 120
220 119
220 118
221 117
222 116
223 115
223 114
224 113
225 112
226 111
226 110
227 109
228 108
229 107
230 106
230 105
231 104
232 103
233 102
234 101
235 100
236 99
236 98
237 97
238 96
239 95
240 94
241 93
242 92
243 91
244 90
245 90
246 89
247 88
248 87
249 86
250 85
251 85
252 84
253 83
254 82
255 82
256 81
257 80
258 80
259 79
260 78
261 78
262 77
263 76
264 76
265 75
266 75
267 74
268 73
269 73
270 72
271 72
272 71
273 71
274 70
275 70
276 69
277 69
278 68
279 68
280 67
281 67
282 66
283 66
284 66
285 65
286 65
287 64
288 64
289 63
290 63
291 63
292 62
293 62
294 61
295 61
296 61
297 60
298 60
299 59
300 59
301 59
302 58
303 58
304 58
305 57
