12 63
13 64
14 65
15 66
15 67
16 68
17 69
18 70
18 71
19 72
20 73
21 74
21 75
22 76
23 77
24 78
24 79
25 80
26 81
27 82
28 83
28 84
29 85
30 86
31 87
32 88
33 89
33 90
34 91
35 92
36 93
37 94
38 95
39 96
40 97
41 98
42 99
43 100
44 100
45 101
46 102
47 103
48 104
49 104
50 105
51 105
52 106
53 107
54 107
55 108
56 108
57 109
58 109
59 110
60 110
61 110
62 111
63 111
64 111
65 112
66 112
67 112
68 112
69 113
70 113
71 113
72 113
73 113
74 113
75 113
76 113
77 113
78 113
79 113
80 113
81 112
82 112
83 112
84 112
85 111
86 111
87 111
88 110
89 110
90 110
91 110
92 109
93 109
94 109
95 108
96 108
97 108
98 108
99 108
100 107
101 107
102 107
103 107
104 107
105 107
106 107
107 107
108 107
109 107
110 107
111 107
112 107
113 107
114 107
115 107
116 108
117 108
118 108
119 108
120 108
121 108
122 109
123 109
124 109
125 109
126 110
127 110
128 110
129 111
130 111
131 111
132 112
133 112
134 112
135 113
136 113
137 113
138 114
139 114
140 114
141 115
142 115
143 115
144 115
145 115
146 115
147 115
148 115
149 114
150 114
151 113
152 112
153 112
154 111
155 110
156 109
157 108
158 108
159 107
160 106
161 105
162 104
163 103
164 102
165 101
166 100
167 99
168 98
169 97
170 97
171 96
172 95
173 95
174 94
175 94
176 93
177 93
178 92
179 92
180 92
181 92
182 92
183 91
184 91
185 91
186 91
187 91
188 91
189 91
190 91
191 91
192 91
193 91
194 92
195 92
196 92
197 92
198 92
199 92
200 92
201 93
202 93
203 93
204 93
205 93
206 93
207 93
208 94
209 94
210 94
211 94
212 94
213 94
214 94
215 94
216 94
217 94
218 94
219 94
220 94
221 94
222 94
223 94
224 94
225 94
226 94
227 94
228 93
229 93
230 93
231 93
232 93
233 93
234 93
235 93
236 93
237 93
238 93
239 93
240 93
241 93
242 93
243 93
244 93
245 93
246 93
247 93
248 93
249 93
250 93
251 93
252 93
253 93
254 93
255 93
256 94
257 94
258 94
259 94
260 94
261 94
262 95
263 95
264 95
265 95
266 96
267 96
268 96
269 96
270 97
271 97
272 97
273 98
274 98
275 99
276 99
277 99
278 100
279 100
280 101
281 101
282 101
283 102
284 102
285 103
286 103
287 104
288 104
289 105
290 106
291 106
292 107
293 107
294 108
295 108
296 109
297 109
298 110
299 111
300 111
301 112
302 113
303 113
304 114
305 114
306 115
307 116
308 116
309 117
310 118
311 118
312 119
313 119
314 120
315 121
316 121
317 122
318 122
319 123
320 123
321 124
322 124
323 124
324 124
325 125
326 125
327 125
328 125
329 124
330 124
331 124
332 123
333 123
334 122
335 122
336 121
337 120
338 120
339 119
340 118
341 117
342 116
343 115
344 114
345 114
346 113
