29 4
30 5
31 6
32 7
33 8
34 9
34 10
35 11
36 12
37 13
38 14
39 15
40 16
40 17
41 18
42 19
43 20
44 21
44 22
45 23
46 24
47 25
47 26
48 27
49 28
50 29
50 30
51 31
52 32
52 33
53 34
54 35
54 36
55 37
55 38
56 39
57 40
57 41
58 42
59 43
59 44
60 45
60 46
61 47
62 48
62 49
63 50
63 51
64 52
65 53
65 54
66 55
67 56
67 57
68 58
68 59
69 60
70 61
70 62
71 63
72 64
72 65
73 66
74 67
74 68
75 69
76 70
76 71
77 72
78 73
79 74
79 75
80 76
81 77
82 78
82 79
83 80
84 81
85 82
86 83
87 84
88 85
89 86
90 87
91 88
92 88
93 89
94 90
95 90
96 91
97 91
98 91
99 91
100 91
101 91
102 91
103 91
104 90
105 90
106 89
107 89
108 88
109 88
110 87
111 86
112 85
113 85
114 84
115 83
116 82
117 82
118 81
119 80
120 80
121 79
122 78
123 77
124 77
125 76
126 76
127 75
128 75
129 74
130 74
131 73
132 73
133 72
134 72
135 72
136 71
137 71
138 71
139 70
140 70
141 70
142 70
143 70
144 70
145 69
146 69
147 69
148 69
149 69
150 69
151 69
152 69
153 69
154 69
155 69
156 70
157 70
158 70
159 70
160 70
161 70
162 70
163 70
164 70
165 70
166 70
167 70
168 70
169 70
170 70
171 70
172 71
173 71
174 71
175 71
176 72
177 72
178 73
179 74
180 75
181 76
182 77
183 78
183 79
184 80
184 81
185 82
185 83
186 84
186 85
187 86
187 87
188 88
188 89
189 90
189 91
189 92
190 93
190 94
191 95
191 96
191 97
192 98
192 99
193 100
193 101
193 102
194 103
194 104
195 105
195 106
196 107
196 108
197 109
197 110
198 111
198 112
199 113
199 114
200 115
200 116
201 117
202 118
202 119
203 120
204 121
205 122
206 123
207 124
208 125
209 126
210 127
211 128
212 128
213 129
214 129
215 130
216 130
217 130
218 131
219 131
220 131
221 132
222 132
223 132
224 133
225 133
226 133
227 133
228 134
229 134
230 134
231 134
232 135
233 135
234 135
235 135
236 136
237 136
238 136
239 136
240 137
241 137
242 137
243 137
244 137
245 138
246 138
247 138
248 138
249 138
250 138
251 138
252 138
253 138
254 138
255 138
256 138
257 138
258 138
259 137
260 137
261 137
262 136
263 136
264 135
265 135
266 135
267 134
268 133
269 133
270 132
271 132
272 131
273 130
274 130
275 129
276 129
277 128
278 127
279 127
280 126
281 125
282 125
283 124
284 124
285 123
286 122
287 122
288 121
289 121
290 120
291 120
292 120
293 119
294 119
295 119
296 118
297 118
298 118
299 118
300 117
301 117
302 117
303 117
304 117
305 117
306 117
307 117
308 117
309 117
310 117
311 117
312 117
313 117
314 117
315 117
316 117
317 117
318 117
319 117
320 117
321 117
322 117
323 117
324 117
325 117
326 117
327 117
328 117
329 116
330 116
331 116
332 116
333 116
334 115
335 115
336 114
337 114
338 113
339 113
340 112
341 111
342 110
343 109
344 108
345 107
346 106
347 105
348 104
349 103
349 102
350 101
351 100
352 99
353 98
354 97
355 96
356 95
357 95
358 94
359 94
360 93
361 93
362 93
363 93
364 93
365 93
366 93
367 94
368 94
369 95
370 96
371 96
372 97
373 98
374 99
375 100
376 101
377 102
378 103
379 104
380 105
381 106
382 107
383 108
384 109
385 110
386 111
387 112
388 113
389 114
390 114
391 115
392 116
393 117
394 117
395 118
396 119
397 119
398 120
399 121
400 121
401 122
402 122
403 123
404 123
405 124
406 124
407 124
408 125
409 125
410 126
411 126
412 126
413 127
414 127
415 127
416 128
417 128
418 128
419 128
420 129
421 129
422 129
423 130
424 130
425 130
426 130
427 131
428 131
429 131
430 132
431 132
432 132
433 133
434 133
435 134
436 134
437 134
438 135
439 135
440 136
441 136
442 137
443 137
444 138
