14 50
15 51
16 52
17 53
17 54
18 55
19 56
20 57
20 58
21 59
22 60
23 61
23 62
24 63
25 64
26 65
27 66
27 67
28 68
29 69
30 70
31 71
31 72
32 73
33 74
34 75
35 76
35 77
36 78
37 79
38 80
39 81
40 82
41 83
42 84
42 85
43 86
44 87
45 88
46 89
47 90
48 91
49 92
50 93
51 94
52 95
53 96
54 97
55 98
56 99
57 100
57 101
58 102
59 103
60 104
61 105
62 106
63 107
64 108
65 109
66 110
67 111
68 112
69 113
70 114
71 115
71 116
72 117
73 118
74 119
75 120
76 121
77 122
78 123
78 124
79 125
80 126
81 127
82 128
83 129
83 130
84 131
85 132
86 133
87 134
87 135
88 136
89 137
90 138
91 139
91 140
92 141
93 142
94 143
95 144
95 145
96 146
97 147
98 148
98 149
99 150
100 151
101 152
102 153
102 154
103 155
104 156
105 157
105 158
106 159
107 160
108 161
108 162
109 163
110 164
111 165
112 166
112 167
113 168
114 169
115 170
116 171
116 172
117 173
118 174
119 175
120 176
121 177
122 178
123 179
124 180
125 181
126 182
127 183
128 184
129 185
130 186
131 187
132 187
133 188
134 189
135 189
136 190
137 190
138 190
139 191
140 191
141 191
142 191
143 191
144 192
145 192
146 192
147 192
148 192
149 192
150 192
151 193
152 193
153 193
154 193
155 193
156 194
157 194
158 194
159 195
160 195
161 195
162 196
163 196
164 197
165 197
166 197
167 198
168 198
169 198
170 199
171 199
172 199
173 200
174 200
175 200
176 201
177 201
178 201
179 201
180 202
181 202
182 202
183 202
184 203
185 203
186 203
187 203
188 203
189 203
190 203
191 204
192 204
193 204
194 204
195 204
196 204
197 204
198 204
199 203
200 203
201 203
202 203
203 203
204 202
205 202
206 202
207 201
208 201
209 200
210 200
211 199
212 199
213 198
214 198
215 197
216 196
217 196
218 195
219 194
220 194
221 193
222 192
223 191
224 190
225 189
226 188
227 187
228 186
229 185
230 184
231 183
232 182
233 181
234 180
235 179
236 178
237 177
238 176
238 175
239 174
240 173
241 172
242 171
243 170
244 169
244 168
245 167
246 166
247 165
248 164
249 163
250 162
250 161
251 160
252 159
253 158
254 157
255 156
256 155
257 154
257 153
258 152
259 151
260 150
261 149
262 148
263 147
264 146
265 145
266 144
267 143
268 143
269 142
270 141
271 140
272 139
273 139
274 138
275 137
276 136
277 136
278 135
279 135
280 134
281 134
282 133
283 133
284 132
285 132
286 131
287 131
288 131
289 131
290 130
291 130
292 130
293 130
294 130
295 130
296 130
297 130
298 130
299 130
300 130
301 130
302 130
303 130
304 130
305 131
306 131
307 131
308 131
309 132
310 132
311 132
312 133
313 133
314 134
315 134
316 134
317 135
318 135
319 136
320 136
321 137
322 137
323 138
324 139
325 139
326 140
327 140
328 141
329 141
330 142
331 143
332 143
333 144
334 145
335 145
336 146
337 147
338 147
339 148
340 149
341 149
342 150
343 151
344 152
345 152
346 153
347 154
348 155
349 155
350 156
351 157
352 157
353 158
354 159
355 160
356 160
357 161
358 162
359 162
360 163
361 164
362 164
363 165
364 166
365 166
366 167
367 167
368 168
369 168
370 169
371 169
372 170
373 170
374 170
375 170
376 170
377 170
378 170
379 169
380 169
381 168
382 168
383 167
384 167
385 166
386 166
387 165
388 164
389 164
390 163
391 163
392 162
393 161
394 161
395 160
396 160
397 159
398 159
399 158
400 158
401 157
402 157
403 157
404 156
405 156
406 155
407 155
408 155
409 155
410 154
411 154
412 154
413 154
414 153
415 153
416 153
417 153
418 153
419 153
420 153
421 153
422 153
423 153
424 153
425 153
426 153
427 153
428 153
429 153
430 153
431 154
432 154
433 154
434 154
435 154
436 154
437 155
438 155
439 155
440 155
441 156
442 156
443 156
444 156
445 157
446 157
447 157
448 157
449 157
450 158
451 158
452 158
453 158
454 159
455 159
456 159
457 159
458 159
459 159
460 160
461 160
462 160
463 160
464 160
465 160
466 160
467 160
468 160
469 160
470 160
471 161
472 161
473 161
474 161
475 161
476 161
477 161
478 161
479 161
480 161
481 160
482 160
483 160
484 160
485 160
486 160
487 160
488 160
489 160
490 160
491 160
492 159
493 159
494 159
495 159
496 159
497 159
498 158
499 158
500 158
501 158
502 158
503 157
504 157
505 157
506 157
507 156
508 156
509 156
510 156
511 155
512 155
513 155
514 155
515 154
516 154
517 154
518 154
519 153
520 153
521 153
522 153
523 152
524 152
525 152
526 152
527 151
528 151
529 151
530 151
531 151
532 150
533 150
534 150
535 150
536 150
537 149
538 149
539 149
540 149
541 149
542 149
543 148
544 148
545 148
546 148
547 148
548 148
549 148
550 148
551 148
552 148
553 148
554 148
555 148
556 148
557 148
558 148
559 148
560 148
561 148
562 148
563 148
564 148
565 148
566 148
567 148
568 148
569 149
570 149
571 149
572 149
573 149
574 150
575 150
576 150
577 150
578 150
579 151
580 151
581 151
582 151
583 152
584 152
585 152
586 152
587 153
588 153
589 153
590 154
591 154
592 154
593 155
594 155
595 155
596 155
597 156
598 156
599 156
600 157
601 157
602 157
603 158
604 158
605 158
606 159
607 159
608 159
609 159
610 160
611 160
612 160
613 161
614 161
615 161
616 161
617 161
618 162
619 162
620 162
621 162
622 163
623 163
624 163
625 163
626 163
627 163
628 163
629 163
630 163
631 163
632 163
633 163
634 163
635 163
636 163
637 163
638 163
639 163
640 162
641 162
642 162
643 161
644 161
645 161
646 160
647 160
648 159
649 159
650 158
651 157
652 157
653 156
654 155
655 155
656 154
657 153
658 152
659 151
660 150
661 149
662 148
663 147
664 146
665 145
666 144
667 143
668 142
669 141
670 140
671 139
672 138
672 137
673 136
674 135
675 134
676 133
677 132
677 131
678 130
679 129
680 128
680 127
681 126
682 125
683 124
683 123
684 122
685 121
686 120
686 119
687 118
688 117
688 116
689 115
690 114
691 113
692 112
