22 9
23 9
24 9
25 9
26 9
27 9
28 9
29 9
30 10
31 10
32 10
33 10
34 10
35 10
36 10
37 10
38 10
39 10
40 10
41 11
42 11
43 11
44 11
45 12
46 12
47 12
48 13
49 13
50 13
51 14
52 14
53 15
54 15
55 16
56 17
57 17
58 18
59 19
60 20
61 21
62 22
63 22
64 23
65 24
66 25
67 26
68 27
68 28
69 29
70 30
71 31
72 32
73 33
74 34
75 35
76 36
77 37
77 38
78 39
79 40
80 41
81 42
82 43
83 44
84 45
85 46
86 47
87 48
88 49
89 50
90 50
91 51
92 52
93 52
94 53
95 53
96 54
97 54
98 54
99 54
100 55
101 55
102 55
103 55
104 55
105 55
106 54
107 54
108 54
109 54
110 54
111 53
112 53
113 53
114 53
115 52
116 52
117 51
118 51
119 51
120 50
121 50
122 49
123 49
124 49
125 48
126 48
127 47
128 47
129 47
130 46
131 46
132 46
133 46
134 46
135 46
136 46
137 46
138 46
139 46
140 46
141 47
142 47
143 48
144 49
145 50
146 51
147 52
148 53
148 54
149 55
150 56
150 57
151 58
151 59
152 60
152 61
153 62
153 63
154 64
154 65
155 66
155 67
156 68
156 69
156 70
157 71
157 72
158 73
158 74
159 75
159 76
160 77
160 78
161 79
161 80
162 81
162 82
163 83
163 84
163 85
164 86
164 87
165 88
165 89
166 90
166 91
167 92
168 93
168 94
169 95
169 96
170 97
170 98
171 99
171 100
172 101
172 102
173 103
174 104
174 105
175 106
175 107
176 108
176 109
177 110
178 111
178 112
179 113
180 114
180 115
181 116
181 117
182 118
183 119
183 120
184 121
185 122
186 123
186 124
187 125
188 126
188 127
189 128
190 129
191 130
192 131
192 132
193 133
194 134
195 135
196 136
197 137
198 138
199 139
200 140
201 141
202 141
203 142
204 143
205 143
206 144
207 144
208 145
209 145
210 145
211 145
212 145
213 145
214 145
215 144
216 144
217 143
218 142
219 142
220 141
221 140
222 139
223 138
223 137
224 136
225 135
226 134
227 133
227 132
228 131
229 130
229 129
230 128
230 127
231 126
232 125
232 124
233 123
233 122
234 121
235 120
235 119
236 118
236 117
237 116
237 115
238 114
238 113
239 112
240 111
240 110
241 109
241 108
242 107
243 106
243 105
244 104
245 103
246 102
247 101
248 101
249 101
250 101
251 101
252 102
253 103
254 104
255 105
255 106
256 107
256 108
257 109
258 110
258 111
259 112
259 113
260 114
260 115
261 116
262 117
262 118
263 119
264 120
264 121
265 122
266 123
266 124
267 125
268 126
269 127
270 128
271 129
272 130
273 130
274 131
275 131
276 132
277 132
278 133
279 133
280 133
281 133
282 134
283 134
284 134
285 134
286 134
287 133
288 133
289 133
290 133
291 133
292 132
293 132
294 132
295 131
296 131
297 130
298 130
299 129
300 129
301 128
302 127
303 127
304 126
305 125
306 125
307 124
308 123
309 122
310 121
311 120
312 119
313 118
314 117
315 116
316 115
317 114
318 113
319 112
320 111
321 110
321 109
322 108
323 107
324 106
325 105
325 104
326 103
327 102
328 101
328 100
329 99
330 98
331 97
331 96
332 95
333 94
334 93
334 92
335 91
336 90
337 89
338 88
338 87
339 86
340 85
341 84
342 83
343 83
344 82
345 81
346 81
347 80
348 80
349 79
350 79
351 79
352 79
353 79
354 79
355 79
356 80
357 80
358 80
359 81
360 81
361 82
362 83
363 84
364 84
365 85
366 86
367 87
368 88
369 89
370 90
371 91
371 92
372 93
373 94
374 95
375 96
376 97
376 98
377 99
378 100
379 101
380 102
381 103
381 104
382 105
383 106
384 107
385 108
386 109
387 110
388 111
389 112
390 113
391 114
392 115
393 116
394 116
395 117
396 117
397 118
398 118
399 118
400 118
401 118
402 117
403 117
404 117
405 116
406 116
407 115
408 115
409 115
410 114
411 114
412 113
413 113
414 112
415 111
416 111
417 110
418 110
419 109
420 109
421 108
422 108
423 107
424 107
425 106
426 105
427 105
428 104
429 104
430 103
431 103
432 102
433 102
