15 56
16 56
17 57
18 57
19 58
20 59
21 59
22 60
23 60
24 61
25 62
26 62
27 63
28 64
29 64
30 65
31 66
32 67
33 67
34 68
35 69
36 70
37 71
38 72
39 73
40 73
41 74
41 75
42 76
43 77
44 78
45 79
46 80
47 81
47 82
48 83
49 84
50 85
50 86
51 87
52 88
52 89
53 90
54 91
54 92
55 93
55 94
56 95
56 96
57 97
58 98
58 99
59 100
59 101
60 102
60 103
61 104
61 105
62 106
62 107
62 108
63 109
63 110
64 111
64 112
65 113
65 114
65 115
66 116
66 117
67 118
67 119
67 120
68 121
68 122
69 123
69 124
69 125
70 126
70 127
70 128
71 129
71 130
72 131
72 132
72 133
73 134
73 135
73 136
74 137
74 138
75 139
75 140
75 141
76 142
76 143
76 144
77 145
77 146
78 147
78 148
79 149
79 150
79 151
80 152
80 153
81 154
81 155
82 156
82 157
83 158
83 159
84 160
85 161
85 162
86 163
87 164
88 165
89 166
90 167
91 168
92 169
93 169
94 169
95 169
96 169
97 169
98 169
99 168
100 168
101 167
102 166
103 166
104 165
105 164
106 164
107 163
108 162
109 161
110 161
111 160
112 159
113 159
114 158
115 157
116 157
117 156
118 156
119 155
120 154
121 154
122 153
123 153
124 153
125 152
126 152
127 151
128 151
129 151
130 150
131 150
132 150
133 149
134 149
135 149
136 148
137 148
138 148
139 147
140 147
141 147
142 147
143 146
144 146
145 146
146 146
147 145
148 145
149 145
150 145
151 145
