12 25
13 25
14 25
15 26
16 26
17 26
18 26
19 27
20 27
21 27
22 28
23 28
24 28
25 29
26 29
27 29
28 29
29 30
30 30
31 30
32 31
33 31
34 31
35 32
36 32
37 32
38 33
39 33
40 33
41 34
42 34
43 34
44 35
45 35
46 36
47 36
48 36
49 37
50 37
51 38
52 38
53 38
54 39
55 39
56 40
57 40
58 40
59 41
60 41
61 42
62 42
63 43
64 43
65 44
66 44
67 44
68 45
69 45
70 46
71 47
72 47
73 48
74 48
75 49
76 49
77 50
78 50
79 51
80 52
81 52
82 53
83 54
84 54
85 55
86 56
87 57
88 57
89 58
90 59
91 60
92 61
93 62
94 63
95 64
96 65
97 66
98 67
99 68
100 69
101 70
102 71
102 72
103 73
104 74
105 75
106 76
106 77
107 78
108 79
109 80
110 81
110 82
111 83
112 84
113 85
114 86
114 87
115 88
116 89
117 90
118 91
118 92
119 93
120 94
121 95
122 96
122 97
123 98
124 99
125 100
126 101
127 102
128 103
129 104
130 105
131 106
132 107
133 108
134 109
135 110
136 111
137 112
138 113
139 114
140 114
141 115
142 116
143 117
144 117
145 118
146 119
147 119
148 120
149 121
150 121
151 122
152 122
153 123
154 124
155 124
156 125
157 125
158 126
159 127
160 127
161 128
162 128
163 129
164 130
165 130
166 131
167 131
168 132
169 132
170 133
171 133
172 134
173 134
174 135
175 135
176 136
177 136
178 136
179 137
180 137
181 138
182 138
183 139
184 139
185 140
186 140
187 141
188 141
189 142
190 143
191 143
192 144
193 144
194 145
195 146
196 146
197 147
198 148
199 149
200 150
201 150
202 151
203 152
204 153
205 154
