8 55
9 56
10 57
11 58
12 59
13 60
14 61
15 62
16 63
17 64
18 65
19 66
20 67
21 68
22 69
23 70
24 70
25 71
26 72
27 73
28 74
29 74
30 75
31 76
32 76
33 77
34 77
35 78
36 78
37 78
38 78
39 78
40 78
41 78
42 78
43 78
44 77
45 77
46 76
47 76
48 75
49 75
50 75
51 74
52 74
53 73
54 73
55 73
56 72
57 72
58 72
59 71
60 71
61 71
62 71
63 71
64 71
65 71
66 71
67 71
68 71
69 71
70 71
71 71
72 71
73 72
74 72
75 72
76 72
77 72
78 72
79 72
80 73
81 73
82 73
83 73
84 73
85 73
86 73
87 73
88 73
89 73
90 73
91 73
92 73
93 73
94 73
95 74
96 74
97 74
98 74
99 74
100 74
101 75
102 75
103 75
104 75
105 76
106 76
107 76
108 77
109 77
110 77
111 78
112 78
113 78
114 79
115 79
116 80
117 80
118 80
119 81
120 81
121 82
122 82
123 83
124 83
125 84
126 84
127 85
128 85
129 86
130 87
131 87
132 88
133 89
134 89
135 90
136 91
137 92
138 93
139 94
140 94
141 95
142 96
143 97
144 98
145 99
146 100
147 101
148 101
149 102
150 103
151 103
152 104
153 104
154 104
155 104
156 104
157 104
158 104
159 104
160 103
161 103
162 103
163 102
164 102
165 101
166 101
167 100
168 100
169 99
170 99
171 98
172 98
173 97
174 97
175 96
176 96
177 95
178 95
179 94
180 94
181 94
182 93
183 93
184 93
185 92
186 92
187 92
188 92
189 91
190 91
191 91
192 91
193 91
194 91
195 91
196 91
197 91
198 91
199 91
200 91
201 91
202 91
203 91
204 91
205 92
206 92
207 92
208 93
209 93
210 94
211 94
212 95
213 96
214 96
215 97
216 98
217 98
218 99
219 100
220 101
221 101
222 102
223 102
224 103
225 103
226 103
227 103
228 104
229 104
230 104
231 104
232 104
233 104
234 104
235 103
236 103
237 103
238 103
239 103
240 103
241 103
242 103
243 103
244 103
245 103
246 103
247 103
248 103
249 103
250 103
251 103
252 103
253 103
254 104
255 104
256 104
257 104
258 104
259 104
260 104
261 105
262 105
263 105
264 105
265 106
266 106
267 106
268 106
269 107
270 107
271 107
272 107
273 108
274 108
275 108
276 109
277 109
278 109
279 109
280 110
281 110
282 110
283 110
284 111
285 111
286 111
287 111
288 111
289 112
290 112
291 112
292 112
293 112
294 112
295 112
296 112
297 112
298 112
299 112
300 112
301 112
302 112
303 112
304 112
305 112
306 112
307 112
308 111
309 111
310 111
311 111
312 111
313 111
314 111
315 111
316 111
317 111
318 111
319 111
320 110
321 110
322 110
323 110
324 110
325 110
326 110
327 110
328 109
329 109
330 109
331 109
332 109
333 108
334 108
335 108
336 108
337 107
338 107
339 107
340 106
341 106
342 106
343 105
344 105
345 104
346 104
347 103
348 103
349 102
350 102
351 101
352 101
353 100
354 100
355 99
356 99
357 98
358 97
359 97
360 96
361 96
362 95
363 95
364 94
365 94
366 93
367 93
368 92
369 92
370 91
371 91
372 91
373 90
374 90
375 90
376 90
377 89
378 89
379 89
380 89
381 89
382 89
383 89
384 89
385 90
386 90
387 90
388 90
389 90
390 91
391 91
392 91
393 92
394 92
395 92
396 92
397 93
398 93
399 93
400 94
401 94
402 94
403 94
404 94
405 95
406 95
407 95
408 95
409 96
410 96
411 96
412 96
413 97
414 97
415 98
416 98
417 98
418 99
419 99
420 100
421 100
