41 4
42 5
43 6
44 7
45 8
45 9
46 10
47 11
48 12
49 13
50 14
50 15
51 16
52 17
53 18
54 19
54 20
55 21
56 22
57 23
57 24
58 25
59 26
60 27
60 28
61 29
62 30
62 31
63 32
64 33
65 34
65 35
66 36
66 37
67 38
68 39
68 40
69 41
70 42
70 43
71 44
71 45
72 46
72 47
73 48
74 49
74 50
75 51
75 52
76 53
76 54
77 55
77 56
78 57
78 58
79 59
79 60
80 61
80 62
81 63
81 64
81 65
82 66
82 67
83 68
83 69
84 70
84 71
85 72
85 73
85 74
86 75
86 76
87 77
87 78
88 79
88 80
88 81
89 82
89 83
90 84
90 85
90 86
91 87
91 88
92 89
92 90
93 91
93 92
93 93
94 94
94 95
95 96
95 97
95 98
96 99
96 100
97 101
97 102
97 103
98 104
98 105
99 106
99 107
100 108
100 109
100 110
101 111
101 112
102 113
102 114
103 115
103 116
103 117
104 118
104 119
105 120
105 121
106 122
106 123
107 124
107 125
108 126
108 127
109 128
109 129
110 130
110 131
111 132
112 133
112 134
113 135
114 136
114 137
115 138
116 139
117 140
118 141
119 142
120 142
121 143
122 144
123 144
124 145
125 145
126 145
127 145
128 146
129 146
130 146
131 145
132 145
133 145
134 145
135 145
136 144
137 144
138 144
139 143
140 143
141 143
142 142
143 142
144 141
145 141
146 140
147 140
148 140
149 139
150 139
151 138
152 138
153 137
154 137
155 137
156 136
157 136
158 136
159 135
160 135
161 135
162 134
163 134
164 134
165 134
166 133
167 133
168 133
169 133
170 133
171 133
172 133
173 133
174 133
175 133
176 133
177 133
178 133
179 134
180 134
181 134
182 134
183 135
184 135
185 135
186 136
187 136
188 136
189 137
190 137
191 138
192 138
193 138
194 139
195 139
196 140
197 140
198 141
199 142
200 142
201 143
202 143
203 144
204 145
205 145
206 146
207 146
208 147
209 148
210 148
211 149
212 150
213 151
214 151
215 152
216 153
217 154
218 154
219 155
220 156
221 157
222 157
223 158
224 159
225 160
226 161
227 162
228 162
229 163
230 164
231 165
232 166
233 167
234 168
235 169
236 170
237 171
238 172
239 173
240 174
241 175
242 176
243 177
244 178
245 179
246 180
247 181
248 182
249 183
249 184
250 185
251 186
252 187
253 188
254 189
255 190
255 191
256 192
257 193
258 194
259 195
259 196
260 197
261 198
262 199
263 200
263 201
264 202
265 203
266 204
266 205
267 206
268 207
