15 53
16 54
17 55
17 56
18 57
19 58
19 59
20 60
21 61
22 62
22 63
23 64
24 65
24 66
25 67
26 68
27 69
28 70
28 71
29 72
30 73
31 74
32 75
33 76
34 77
35 78
35 79
36 80
37 80
38 81
39 82
40 83
41 84
42 85
43 85
44 86
45 86
46 87
47 87
48 87
49 87
50 87
51 87
52 87
53 87
54 87
55 87
56 87
57 87
58 87
59 86
60 86
61 86
62 85
63 85
64 85
65 85
66 84
67 84
68 84
69 83
70 83
71 83
72 82
73 82
74 82
75 82
76 81
77 81
78 81
79 81
80 81
81 81
82 81
83 81
84 80
85 80
86 80
87 80
88 80
89 80
90 79
91 79
92 79
93 78
94 78
95 77
96 77
97 76
98 76
99 75
100 74
101 73
102 72
103 72
104 71
105 70
106 69
107 68
108 67
109 66
110 66
111 65
112 64
113 63
114 63
115 62
116 62
117 61
118 60
119 60
120 59
121 59
122 58
123 58
124 57
125 57
126 56
127 56
128 56
129 55
130 55
131 54
132 54
133 53
134 53
135 53
136 52
137 52
138 52
139 51
140 51
141 51
142 50
143 50
144 50
145 50
146 49
147 49
148 49
149 49
150 48
151 48
152 48
153 48
154 48
155 48
156 47
157 47
158 47
159 47
160 47
161 47
162 47
163 47
164 47
165 47
166 47
167 47
168 48
169 48
170 48
171 48
172 48
173 48
174 49
175 49
176 49
177 49
178 50
179 50
180 50
181 51
182 51
183 52
184 52
185 53
186 53
187 54
188 54
189 55
190 55
191 56
192 56
193 57
194 58
195 58
196 59
197 59
198 60
199 61
200 61
201 62
202 63
