47 43
48 44
48 45
49 46
50 47
51 48
52 49
53 50
54 51
54 52
55 53
56 54
57 55
58 56
59 57
59 58
60 59
61 60
62 61
63 62
64 63
65 64
65 65
66 66
67 67
68 68
69 69
70 70
70 71
71 72
72 73
73 74
74 75
75 76
76 77
76 78
77 79
78 80
79 81
80 82
81 83
81 84
82 85
83 86
84 87
85 88
86 89
87 90
87 91
88 92
89 93
90 94
91 95
92 96
93 97
93 98
94 99
95 100
96 101
97 102
98 103
99 104
99 105
100 106
101 107
102 108
103 109
104 110
105 111
106 112
106 113
107 114
108 115
109 116
110 117
111 118
112 119
113 120
114 121
115 122
115 123
116 124
117 125
118 126
119 127
120 128
121 129
122 130
123 131
124 132
125 133
126 134
127 135
128 136
129 137
130 137
131 138
132 139
133 140
134 141
135 142
136 142
137 143
138 144
139 145
140 145
141 146
142 146
143 147
144 148
145 148
146 148
147 149
148 149
149 150
150 150
151 150
152 151
153 151
154 151
155 152
156 152
157 152
158 152
159 152
160 153
161 153
162 153
163 153
164 153
165 154
166 154
167 154
168 154
169 154
170 155
171 155
172 155
173 156
174 156
175 156
176 157
177 157
178 157
179 158
180 158
181 158
182 159
183 159
184 160
185 160
186 161
187 161
188 162
189 162
190 163
191 163
192 164
193 165
194 165
195 166
196 166
197 167
198 168
199 169
200 169
201 170
202 171
203 171
204 172
205 172
206 173
207 174
208 174
209 175
210 175
211 176
212 176
213 176
214 177
215 177
216 177
217 178
218 178
219 178
220 178
221 178
222 178
223 178
224 178
225 178
226 178
227 178
228 178
229 178
230 178
231 178
232 177
233 177
234 177
235 177
236 177
237 177
238 176
239 176
240 176
241 176
242 175
243 175
244 175
245 175
246 175
247 174
248 174
249 174
250 174
251 174
252 173
253 173
254 173
255 173
256 173
257 173
258 173
259 172
260 172
261 172
262 172
263 172
264 172
265 172
266 172
267 172
268 172
269 171
270 171
271 171
272 171
273 171
274 171
275 171
276 170
277 170
278 170
279 170
280 170
281 169
282 169
283 169
284 168
285 168
286 167
287 167
288 167
289 166
290 166
291 165
292 165
293 164
294 164
295 164
296 163
297 163
298 163
299 162
300 162
301 162
302 162
303 162
304 162
305 162
306 162
307 162
308 162
309 162
310 162
311 163
312 163
313 163
314 164
315 164
316 165
317 165
318 165
319 166
320 166
321 167
322 167
323 168
324 168
325 169
326 169
327 170
328 170
329 171
330 171
331 172
332 173
333 173
334 174
335 174
336 174
337 175
338 175
339 176
340 176
341 177
342 177
343 178
344 178
345 179
346 179
347 180
348 180
349 180
350 181
351 181
352 182
353 182
354 183
355 183
356 183
357 184
358 184
359 185
360 185
361 186
362 186
363 187
364 187
365 188
366 188
367 189
368 189
369 189
370 190
371 190
372 191
373 191
374 192
375 192
376 193
377 194
378 194
379 195
380 195
381 196
382 196
383 197
384 197
385 198
386 199
387 199
388 200
389 200
390 201
391 202
392 202
393 203
394 204
395 204
396 205
397 205
398 206
399 207
400 207
401 208
402 209
403 209
404 210
405 210
406 211
407 212
408 212
409 213
410 214
411 214
412 215
413 215
414 216
415 217
416 217
417 218
418 218
419 219
420 220
421 220
422 221
423 221
424 222
425 222
426 223
427 223
428 224
429 224
430 225
431 225
432 226
433 226
434 227
435 227
436 228
437 228
438 228
439 229
440 229
441 229
442 230
443 230
444 231
445 231
446 231
447 231
448 232
449 232
450 232
451 232
452 233
453 233
454 233
455 233
456 233
457 233
458 234
459 234
460 234
461 234
462 234
463 234
464 234
465 234
466 234
467 233
468 233
469 233
470 233
471 233
472 232
473 232
474 232
475 231
476 231
477 231
478 230
479 229
480 229
481 228
482 228
483 227
484 226
485 225
486 224
487 223
488 222
489 221
490 220
491 219
491 218
492 217
493 216
493 215
494 214
495 213
495 212
496 211
496 210
497 209
497 208
498 207
498 206
499 205
499 204
500 203
500 202
501 201
501 200
502 199
502 198
502 197
503 196
503 195
504 194
504 193
504 192
505 191
505 190
506 189
506 188
506 187
507 186
507 185
507 184
508 183
508 182
509 181
509 180
509 179
510 178
510 177
510 176
511 175
511 174
511 173
512 172
512 171
513 170
513 169
513 168
514 167
514 166
515 165
515 164
515 163
516 162
516 161
516 160
517 159
517 158
518 157
518 156
519 155
519 154
519 153
520 152
520 151
521 150
521 149
522 148
522 147
522 146
523 145
523 144
524 143
524 142
525 141
525 140
526 139
527 138
527 137
528 136
528 135
529 134
529 133
530 132
531 131
531 130
532 129
533 128
533 127
534 126
535 125
536 124
536 123
537 122
538 121
539 120
540 119
541 118
542 117
543 116
544 115
545 114
546 113
547 112
548 111
549 110
550 109
551 109
552 108
553 107
554 107
555 107
556 106
557 106
558 106
559 106
560 106
561 106
562 107
563 107
564 108
565 108
566 109
567 110
567 111
568 112
569 113
570 114
570 115
571 116
572 117
572 118
573 119
573 120
574 121
574 122
575 123
575 124
576 125
577 126
577 127
578 128
578 129
