24 18
24 19
24 20
25 21
25 22
25 23
26 24
26 25
26 26
27 27
27 28
27 29
28 30
28 31
28 32
28 33
29 34
29 35
29 36
30 37
30 38
30 39
31 40
31 41
31 42
32 43
32 44
32 45
33 46
33 47
33 48
34 49
34 50
34 51
35 52
35 53
36 54
36 55
36 56
37 57
37 58
38 59
38 60
38 61
39 62
39 63
40 64
40 65
40 66
41 67
41 68
42 69
42 70
43 71
43 72
44 73
44 74
45 75
45 76
46 77
46 78
47 79
48 80
48 81
49 82
49 83
50 84
51 85
51 86
52 87
53 88
53 89
54 90
55 91
55 92
56 93
57 94
58 95
58 96
59 97
60 98
61 99
62 100
62 101
63 102
64 103
65 104
66 105
67 106
67 107
68 108
69 109
70 110
71 111
72 112
73 113
74 114
75 115
76 116
77 117
77 118
78 119
79 120
80 121
81 122
82 123
83 124
84 125
85 126
86 127
87 128
88 129
89 130
90 131
91 132
91 133
92 134
93 135
94 136
95 137
96 138
97 139
98 140
99 141
100 142
101 143
101 144
102 145
103 146
104 147
105 148
106 149
107 150
108 151
108 152
109 153
110 154
111 155
112 156
112 157
113 158
114 159
115 160
116 161
116 162
117 163
118 164
119 165
120 166
120 167
121 168
122 169
123 170
124 171
125 172
125 173
126 174
127 175
128 176
129 177
130 178
131 179
132 180
133 181
134 182
135 183
136 183
137 184
138 185
139 185
140 186
141 187
142 187
143 188
144 188
145 189
146 189
147 190
148 190
149 190
150 191
151 191
152 191
153 191
154 192
155 192
156 192
157 192
158 192
159 192
160 192
161 192
162 192
163 192
164 192
165 192
166 192
167 192
168 192
169 192
170 192
171 192
172 192
173 191
174 191
175 191
176 191
177 191
178 191
179 191
180 191
181 191
182 190
183 190
184 190
185 190
186 190
187 190
188 190
189 190
190 189
191 189
192 189
193 189
194 189
195 189
196 188
197 188
198 188
199 188
200 187
201 187
202 187
203 186
204 186
205 186
206 185
207 185
208 185
209 184
210 184
211 183
212 183
213 183
214 182
215 182
216 182
217 181
218 181
219 181
220 181
221 180
222 180
223 180
224 180
225 180
226 180
227 180
228 180
229 180
230 180
231 180
232 180
233 181
234 181
235 182
236 182
237 183
238 183
239 184
240 184
241 185
242 186
243 187
244 187
245 188
246 189
247 190
248 191
249 192
250 193
251 194
252 195
253 196
254 197
255 198
256 199
257 200
258 201
259 202
260 203
261 204
262 205
263 206
264 206
265 207
266 208
267 209
268 210
269 210
270 211
271 212
272 213
273 213
274 214
275 214
276 215
277 215
278 216
279 216
280 216
281 216
282 217
283 217
284 217
285 217
286 217
287 216
288 216
289 216
290 216
291 215
292 215
293 214
294 214
295 213
296 212
297 211
298 211
299 210
300 209
301 208
302 207
303 206
304 205
305 204
306 203
306 202
307 201
308 200
309 199
310 198
311 197
311 196
312 195
313 194
314 193
315 192
316 191
316 190
317 189
318 188
319 187
320 186
321 185
322 184
322 183
323 182
324 181
325 180
326 179
327 178
328 177
329 176
330 176
331 175
332 174
333 173
334 172
335 171
336 170
337 170
338 169
339 168
340 167
341 167
342 166
343 165
344 164
345 163
346 163
347 162
348 161
349 160
350 159
351 159
352 158
353 157
354 156
355 155
356 154
357 153
358 152
359 151
360 150
361 149
362 148
363 147
363 146
364 145
365 144
366 143
367 142
367 141
368 140
369 139
369 138
370 137
371 136
372 135
372 134
373 133
374 132
374 131
375 130
376 129
376 128
377 127
377 126
378 125
379 124
379 123
380 122
381 121
381 120
382 119
382 118
383 117
384 116
384 115
385 114
385 113
386 112
