22 6
23 7
23 8
23 9
24 10
24 11
25 12
25 13
25 14
26 15
26 16
26 17
27 18
27 19
28 20
28 21
28 22
29 23
29 24
30 25
30 26
31 27
31 28
31 29
32 30
32 31
33 32
33 33
34 34
34 35
34 36
35 37
35 38
36 39
36 40
37 41
37 42
38 43
38 44
39 45
39 46
40 47
40 48
41 49
42 50
42 51
43 52
43 53
44 54
45 55
46 56
46 57
47 58
48 59
49 60
50 61
51 61
52 62
53 62
54 63
55 63
56 63
57 63
58 63
59 63
60 63
61 63
62 63
63 63
64 63
65 62
66 62
67 62
68 62
69 62
70 62
71 61
72 61
73 61
74 61
75 61
76 60
77 60
78 60
79 59
80 59
81 59
82 59
83 58
84 58
85 58
86 57
87 57
88 57
89 57
90 56
91 56
92 56
93 56
94 55
95 55
96 55
97 55
98 55
99 55
100 55
101 55
102 55
103 55
104 55
105 55
106 55
107 55
108 56
109 56
110 56
111 57
112 57
113 58
114 59
115 59
116 60
117 61
118 62
119 63
120 64
121 65
122 66
123 67
124 68
124 69
125 70
126 71
127 72
127 73
128 74
129 75
130 76
130 77
131 78
132 79
133 80
133 81
134 82
135 83
135 84
136 85
137 86
138 87
139 88
139 89
140 90
141 91
142 92
143 93
144 94
145 95
146 96
146 97
147 98
148 98
149 99
150 100
151 101
152 102
153 103
154 104
155 105
156 105
157 106
158 107
159 107
160 108
161 108
162 108
163 108
164 108
165 108
166 108
167 108
168 108
169 108
170 108
171 107
172 107
173 107
174 107
175 107
176 107
177 107
178 107
179 107
180 106
181 106
182 106
183 106
184 107
185 107
186 107
187 107
188 107
189 107
190 107
191 107
192 107
193 107
194 107
195 108
196 108
197 108
198 108
199 108
200 108
201 109
202 109
203 109
204 109
205 109
206 109
207 110
208 110
209 110
210 110
211 110
212 110
213 110
214 110
215 110
216 110
217 109
218 109
219 109
220 109
221 108
222 108
223 108
224 107
225 107
226 107
227 106
228 106
229 105
230 104
231 104
232 103
233 103
234 102
235 101
236 101
237 100
238 99
239 99
240 98
241 97
242 96
243 96
244 95
245 94
246 93
247 92
248 92
249 91
250 90
251 89
252 89
253 88
254 87
255 87
256 86
257 86
258 85
259 85
260 85
261 85
262 85
263 85
264 85
265 86
266 86
267 87
268 87
269 88
270 89
271 90
272 91
273 92
274 93
275 94
276 95
277 96
278 97
279 98
280 99
281 100
282 101
283 102
284 103
285 103
286 104
287 104
288 104
289 104
290 104
291 103
292 103
293 103
294 102
295 102
296 101
297 100
298 100
299 100
300 99
301 99
302 98
303 98
304 98
305 97
306 97
307 97
308 96
309 96
310 96
311 95
312 95
313 95
314 94
315 94
316 94
317 93
318 93
319 93
320 92
321 92
322 92
323 92
324 91
325 91
326 91
327 91
328 91
329 90
330 90
331 90
332 90
333 90
334 90
335 90
336 90
337 90
338 91
339 91
340 91
341 91
342 91
343 91
344 92
345 92
346 92
347 92
348 93
349 93
350 93
351 93
352 93
353 93
354 94
355 94
356 94
357 94
358 94
359 94
360 94
361 94
362 94
363 94
364 94
365 94
366 94
367 94
368 94
369 94
370 94
371 94
372 93
373 93
374 93
375 92
376 92
377 92
378 91
379 91
380 91
381 90
382 90
383 90
384 90
385 89
386 89
387 89
388 89
389 89
390 89
391 90
392 90
393 90
394 90
395 91
396 91
397 92
398 92
399 93
400 94
401 95
402 95
403 96
404 97
405 98
406 99
407 100
408 101
409 102
409 103
410 104
411 105
412 106
413 107
414 108
414 109
415 110
416 111
417 112
417 113
418 114
419 115
419 116
420 117
421 118
422 119
422 120
423 121
424 122
424 123
425 124
426 125
426 126
