49 87
50 88
51 89
52 90
53 91
53 92
54 93
55 94
56 95
56 96
57 97
58 98
59 99
60 100
60 101
61 102
62 103
63 104
64 105
64 106
65 107
66 108
67 109
68 110
68 111
69 112
70 113
71 114
72 115
72 116
73 117
74 118
75 119
76 120
76 121
77 122
78 123
79 124
80 125
81 126
81 127
82 128
83 129
84 130
85 131
86 132
86 133
87 134
88 135
89 136
90 137
91 138
92 139
93 140
94 141
95 142
96 143
97 144
98 145
99 146
100 147
101 148
102 149
103 150
104 151
105 152
106 153
107 154
108 155
109 156
110 157
111 157
112 158
113 159
114 160
115 161
116 161
117 162
118 163
119 164
120 164
121 165
122 166
123 167
124 168
125 168
126 169
127 170
128 171
129 171
130 172
131 173
132 174
133 175
134 175
135 176
136 177
137 178
138 179
139 179
140 180
141 181
142 182
143 183
144 184
145 185
146 186
147 186
148 187
149 188
150 189
151 190
152 191
153 192
154 193
155 193
156 194
157 195
158 196
159 197
160 198
161 198
162 199
163 200
164 201
165 202
166 202
167 203
168 204
169 204
170 205
171 206
172 206
173 207
174 208
175 208
176 209
177 209
178 210
179 211
180 211
181 212
182 212
183 213
184 213
185 214
186 214
187 214
188 215
189 215
190 216
191 216
192 217
193 217
194 217
195 218
196 218
197 218
198 219
199 219
200 219
201 219
202 220
203 220
204 220
205 220
206 221
207 221
208 221
209 221
210 221
211 222
212 222
213 222
214 222
215 222
216 222
217 222
218 222
219 222
220 222
221 222
222 223
223 223
224 223
225 223
226 223
227 223
228 223
229 223
230 222
231 222
232 222
233 222
234 222
235 222
236 222
237 222
238 222
239 222
240 222
241 222
242 221
243 221
244 221
245 221
246 221
247 221
248 221
249 221
250 221
251 221
252 220
253 220
254 220
255 220
256 220
257 220
258 220
259 220
260 220
261 220
262 221
263 221
264 221
265 221
266 221
267 221
268 221
269 221
270 222
271 222
272 222
273 222
274 222
275 223
276 223
277 223
278 223
279 224
280 224
281 224
282 224
283 225
284 225
285 225
286 225
287 226
288 226
289 226
290 227
291 227
292 227
293 227
294 227
295 228
296 228
297 228
298 228
299 228
300 229
301 229
302 229
303 229
304 229
305 229
306 229
307 230
308 230
309 230
310 230
311 230
312 230
313 230
314 230
315 230
316 230
317 230
318 230
319 230
320 230
321 229
322 229
323 229
324 229
325 229
326 229
327 228
328 228
329 228
330 228
331 227
332 227
333 227
334 226
335 226
336 226
337 225
338 225
339 224
340 224
341 224
342 223
343 222
344 222
345 221
346 221
347 220
348 219
349 219
350 218
351 217
352 217
353 216
354 215
355 214
356 213
357 212
358 211
359 210
360 209
361 208
362 207
363 206
364 205
365 204
366 203
367 202
368 201
368 200
369 199
370 198
371 197
372 196
372 195
373 194
374 193
375 192
375 191
376 190
377 189
377 188
378 187
379 186
379 185
380 184
381 183
381 182
382 181
383 180
383 179
384 178
385 177
385 176
386 175
387 174
387 173
388 172
389 171
390 170
390 169
391 168
392 167
392 166
393 165
394 164
395 163
395 162
396 161
397 160
398 159
399 158
400 157
401 156
402 155
403 154
404 153
405 152
406 151
407 150
408 149
409 148
410 147
411 147
412 146
413 145
414 145
415 144
416 143
417 143
418 142
419 142
420 141
421 140
422 140
423 139
424 139
425 139
426 138
427 138
428 137
429 137
430 137
431 136
432 136
433 136
434 136
435 135
436 135
437 135
438 135
439 135
440 135
441 134
442 134
443 134
444 134
445 134
446 134
447 134
448 134
449 134
450 134
451 135
452 135
453 135
454 135
455 135
456 136
457 136
458 136
459 137
460 137
461 137
462 138
463 138
464 139
465 140
466 140
467 141
468 142
469 143
470 144
471 145
472 146
473 147
474 148
475 149
475 150
476 151
477 152
478 153
478 154
479 155
480 156
480 157
481 158
481 159
482 160
482 161
483 162
484 163
484 164
485 165
485 166
486 167
486 168
487 169
487 170
487 171
488 172
488 173
489 174
489 175
490 176
490 177
491 178
491 179
491 180
492 181
492 182
493 183
493 184
494 185
494 186
494 187
495 188
495 189
495 190
496 191
496 192
497 193
497 194
497 195
498 196
498 197
499 198
499 199
499 200
500 201
500 202
501 203
501 204
501 205
502 206
502 207
503 208
503 209
503 210
504 211
504 212
505 213
505 214
506 215
506 216
506 217
507 218
507 219
508 220
508 221
509 222
509 223
510 224
510 225
511 226
511 227
512 228
512 229
513 230
513 231
514 232
514 233
515 234
516 235
516 236
517 237
518 238
518 239
519 240
520 241
520 242
521 243
522 244
523 245
524 246
524 247
525 248
526 249
527 250
528 251
529 252
530 253
531 254
532 255
533 255
534 256
535 257
536 258
537 259
538 259
539 260
540 261
541 261
542 262
543 262
544 263
545 263
546 264
547 264
548 265
549 265
550 266
551 266
552 267
553 267
554 267
555 267
556 268
557 268
558 268
559 268
560 269
561 269
562 269
563 269
564 269
565 269
566 269
567 269
568 269
569 269
570 269
571 269
572 269
573 269
574 269
575 269
576 268
577 268
578 268
579 267
580 267
581 267
582 266
583 266
584 266
585 265
586 265
587 264
588 264
589 263
590 262
591 262
592 261
593 261
594 260
595 259
596 258
597 258
598 257
599 256
600 255
601 254
602 253
603 252
604 251
605 250
606 249
607 248
608 247
609 246
610 245
611 244
612 243
613 242
614 241
615 240
616 239
616 238
617 237
618 236
619 235
620 234
621 233
621 232
622 231
623 230
624 229
625 228
625 227
626 226
627 225
628 224
629 223
629 222
630 221
631 220
632 219
633 218
633 217
634 216
635 215
636 214
637 213
637 212
638 211
639 210
640 209
641 208
641 207
642 206
643 205
644 204
645 203
646 202
647 201
647 200
648 199
649 198
650 197
651 196
652 195
653 194
654 193
655 192
656 191
657 190
658 189
659 188
660 187
661 186
662 185
663 184
664 183
665 182
666 181
667 181
668 180
669 179
670 179
671 178
672 177
673 177
674 176
675 176
676 175
677 175
678 174
679 174
680 174
681 174
682 173
683 173
684 173
685 173
686 173
687 173
688 173
689 173
690 173
691 173
692 173
693 173
694 173
695 174
696 174
697 174
698 175
699 175
700 176
701 176
702 177
703 177
704 178
705 179
706 179
707 180
708 181
709 182
710 183
711 184
712 185
713 186
714 187
715 188
716 189
717 190
718 191
718 192
719 193
720 194
721 195
722 196
722 197
