9 8
10 8
11 9
12 10
13 11
14 12
15 13
16 14
17 15
18 16
19 16
20 17
21 18
22 19
23 20
24 21
25 22
26 23
26 24
27 25
28 26
29 27
30 28
31 29
31 30
32 31
33 32
34 33
34 34
35 35
36 36
36 37
37 38
38 39
38 40
39 41
40 42
40 43
41 44
41 45
42 46
43 47
43 48
44 49
44 50
45 51
45 52
46 53
47 54
47 55
48 56
48 57
49 58
49 59
50 60
50 61
51 62
51 63
52 64
52 65
53 66
54 67
54 68
55 69
55 70
56 71
56 72
57 73
57 74
58 75
58 76
59 77
60 78
60 79
61 80
61 81
62 82
63 83
63 84
64 85
65 86
66 87
66 88
67 89
68 90
69 91
70 92
71 93
72 94
73 94
74 95
75 96
76 96
77 97
78 97
79 97
80 98
81 98
82 98
83 98
84 98
85 98
86 98
87 98
88 97
89 97
90 97
91 96
92 96
93 95
94 95
95 94
96 94
97 93
98 92
99 92
100 91
101 90
102 89
103 89
104 88
105 87
106 86
107 85
108 85
109 84
110 83
111 82
112 81
113 81
114 80
115 79
116 79
117 78
118 77
119 77
120 76
121 76
122 75
123 75
124 74
125 74
126 73
127 73
128 73
129 72
130 72
131 72
132 72
133 72
134 72
135 71
136 71
137 71
138 71
139 72
140 72
141 72
142 72
143 72
144 72
145 73
146 73
147 73
148 73
149 74
150 74
151 75
152 75
153 75
154 76
155 76
156 77
157 77
158 78
159 78
160 79
161 79
162 80
163 80
164 81
165 81
166 82
167 82
168 83
169 83
170 83
171 84
172 84
173 84
174 84
175 85
176 85
177 85
178 85
179 85
180 85
181 85
182 85
183 85
184 85
185 85
186 85
187 85
188 85
189 85
190 85
191 84
192 84
193 84
194 84
195 84
196 83
197 83
198 83
199 83
200 83
201 82
202 82
203 82
204 82
205 82
206 82
207 81
208 81
209 81
210 81
211 81
212 81
213 81
214 81
215 81
216 81
217 82
218 82
219 82
220 83
221 83
222 84
223 84
224 85
225 85
226 86
227 87
228 87
229 88
230 89
231 90
232 90
233 91
234 92
235 93
236 94
237 94
238 95
239 96
240 97
241 98
242 99
243 99
244 100
245 101
246 102
247 103
248 104
249 105
250 106
251 106
252 107
253 108
254 109
255 110
256 111
257 112
258 112
259 113
260 114
261 115
262 116
263 117
264 117
265 118
266 119
267 119
268 120
269 121
270 121
271 122
272 123
273 123
274 124
275 124
276 125
277 125
278 126
279 126
280 126
281 127
282 127
283 127
284 127
285 127
286 127
287 127
288 127
289 127
290 127
291 127
292 127
293 126
294 126
295 126
296 125
297 125
298 124
299 124
300 123
301 123
302 122
303 121
304 120
305 120
306 119
307 118
308 117
309 116
310 115
311 114
312 113
313 112
314 111
315 110
316 109
317 108
318 107
319 106
320 105
321 104
322 103
323 103
324 102
325 101
326 100
327 100
328 99
329 98
330 98
331 97
