9 18
9 19
10 20
10 21
10 22
10 23
11 24
11 25
11 26
11 27
12 28
12 29
12 30
12 31
13 32
13 33
13 34
13 35
14 36
14 37
14 38
14 39
15 40
15 41
15 42
16 43
16 44
16 45
16 46
17 47
17 48
17 49
18 50
18 51
18 52
19 53
19 54
19 55
19 56
20 57
20 58
20 59
21 60
21 61
22 62
22 63
22 64
23 65
23 66
23 67
24 68
24 69
25 70
25 71
26 72
26 73
27 74
27 75
28 76
28 77
29 78
30 79
30 80
31 81
32 82
33 83
34 84
35 85
36 86
37 87
38 88
39 89
40 90
41 90
42 91
43 92
44 93
45 94
46 94
47 95
48 96
49 97
50 98
51 99
52 99
53 100
54 101
55 102
56 103
57 104
58 104
59 105
60 106
61 107
62 107
63 108
64 109
65 109
66 110
67 110
68 110
69 110
70 110
71 110
72 110
73 110
74 109
75 109
76 108
77 107
78 107
79 106
80 105
81 104
82 103
83 102
83 101
84 100
85 99
86 98
87 97
88 96
89 95
89 94
90 93
91 92
92 91
93 90
94 89
94 88
95 87
96 86
97 85
98 84
99 84
100 83
101 82
102 81
103 81
104 80
105 80
106 79
107 79
108 78
109 78
110 78
111 78
112 78
113 78
114 78
115 78
116 78
117 78
118 78
119 78
120 78
121 79
122 79
123 79
124 80
125 80
126 81
127 82
128 82
129 83
130 84
131 85
132 86
133 87
134 88
135 89
136 90
137 91
138 92
138 93
139 94
140 95
141 96
142 97
143 98
144 99
145 100
146 101
147 102
148 102
149 103
150 104
151 104
152 105
153 105
154 105
155 105
156 106
157 106
158 105
159 105
160 105
161 105
162 104
163 104
164 103
165 103
166 102
167 101
168 100
169 99
170 98
171 97
172 96
173 95
174 94
175 93
175 92
176 91
177 90
178 89
179 88
179 87
180 86
181 85
182 84
183 83
184 82
184 81
185 80
186 79
187 79
188 78
189 77
190 76
191 76
192 75
193 75
194 75
195 74
196 74
197 74
198 74
199 75
200 75
201 76
202 76
203 77
204 78
205 78
206 79
207 80
208 81
209 82
210 83
210 84
211 85
212 86
213 87
214 88
215 89
215 90
216 91
217 92
218 93
219 94
219 95
220 96
221 97
222 98
223 99
223 100
224 101
225 102
226 103
227 104
227 105
228 106
229 107
230 108
230 109
231 110
231 111
