9 18
10 19
10 20
11 21
11 22
12 23
12 24
13 25
14 26
14 27
15 28
15 29
16 30
17 31
17 32
18 33
18 34
19 35
20 36
20 37
21 38
22 39
23 40
23 41
24 42
25 43
26 44
27 45
28 46
29 47
30 48
31 49
32 50
33 51
34 52
35 53
36 53
37 54
38 55
39 55
40 56
41 56
42 56
43 57
44 57
45 57
46 58
47 58
48 58
49 58
50 58
51 57
52 57
53 57
54 56
55 56
56 56
57 55
58 55
59 54
60 54
61 53
62 52
63 52
64 51
65 50
66 50
67 49
68 48
69 48
70 47
71 46
72 46
73 45
74 45
75 45
76 44
77 44
78 44
79 44
80 44
81 45
82 45
83 45
84 46
85 46
86 47
87 48
88 48
89 49
90 50
91 51
92 52
93 53
94 54
95 55
96 55
97 56
98 57
99 57
100 58
101 59
102 59
103 60
104 60
105 61
106 61
107 61
108 62
109 62
110 62
111 63
112 63
113 63
114 63
115 64
116 64
117 64
118 64
119 64
120 64
121 64
122 65
123 65
124 65
125 65
126 65
127 65
128 66
129 66
130 66
131 67
132 67
133 67
134 68
135 68
136 69
137 69
138 70
139 71
140 71
141 72
142 72
143 73
144 74
145 74
146 75
147 75
148 76
149 76
150 76
151 76
152 77
153 76
154 76
155 76
156 75
157 74
158 73
159 72
159 71
160 70
161 69
162 68
162 67
163 66
164 65
165 64
166 63
167 63
168 62
169 62
170 61
171 61
172 61
173 61
174 61
175 60
176 60
177 60
178 60
179 60
180 60
181 60
182 59
183 59
184 59
185 59
186 59
187 59
188 59
189 59
190 59
191 59
192 59
193 59
194 59
195 59
196 58
197 58
198 58
199 58
200 58
201 58
202 58
203 59
204 59
205 59
206 59
207 59
208 59
209 59
210 59
211 59
212 59
213 60
214 60
215 60
216 60
217 61
218 61
219 61
220 62
221 62
222 62
223 63
224 63
225 63
226 64
227 64
228 64
229 64
230 65
231 65
232 65
233 65
234 65
235 66
236 66
237 66
238 66
239 66
240 67
241 67
242 67
243 67
244 67
245 67
246 68
247 68
248 68
249 68
250 68
251 69
252 69
253 69
254 69
255 69
256 70
257 70
258 70
259 70
260 70
261 71
262 71
263 71
264 71
265 72
266 72
267 72
268 72
269 73
270 73
271 73
272 74
273 74
274 74
275 75
276 75
277 76
278 76
279 77
280 77
281 77
282 78
283 79
284 79
285 80
286 80
287 81
288 81
289 82
290 82
291 83
292 83
293 84
294 84
295 85
296 85
297 86
298 86
299 87
300 87
301 87
302 88
303 88
304 88
305 88
306 89
307 89
308 89
309 89
310 89
311 89
312 89
313 89
314 89
315 89
316 89
317 89
318 89
319 89
320 88
321 88
322 88
323 87
324 87
325 86
326 86
327 85
328 85
329 84
330 83
331 83
332 82
333 81
334 81
335 80
336 79
337 79
