30 43
31 44
32 45
32 46
33 47
33 48
34 49
34 50
35 51
35 52
36 53
36 54
37 55
37 56
38 57
38 58
39 59
39 60
40 61
40 62
41 63
41 64
42 65
42 66
43 67
43 68
44 69
44 70
45 71
46 72
46 73
47 74
47 75
48 76
48 77
49 78
50 79
50 80
51 81
51 82
52 83
53 84
53 85
54 86
54 87
55 88
56 89
56 90
57 91
58 92
58 93
59 94
60 95
60 96
61 97
61 98
62 99
63 100
63 101
64 102
65 103
66 104
66 105
67 106
68 107
68 108
69 109
70 110
70 111
71 112
72 113
72 114
73 115
74 116
75 117
75 118
76 119
77 120
77 121
78 122
79 123
80 124
80 125
81 126
82 127
82 128
83 129
84 130
85 131
85 132
86 133
87 134
88 135
88 136
89 137
90 138
90 139
91 140
92 141
93 142
94 143
94 144
95 145
96 146
97 147
97 148
98 149
99 150
100 151
101 152
102 153
102 154
103 155
104 156
105 157
106 158
107 159
108 160
109 161
110 162
111 163
112 164
113 165
114 165
115 166
116 167
117 168
118 168
119 169
120 169
121 170
122 171
123 171
124 172
125 172
126 172
127 173
128 173
129 173
130 174
131 174
132 174
133 174
134 175
135 175
136 175
137 175
138 175
139 175
140 175
141 174
142 174
143 174
144 174
145 173
146 173
147 172
148 172
149 171
150 171
151 170
152 170
153 169
154 168
155 168
156 167
157 166
158 165
159 165
160 164
161 163
162 162
163 161
164 160
165 159
166 158
167 157
168 156
169 155
170 155
171 154
172 153
173 152
174 151
175 151
176 150
177 150
178 149
179 149
180 148
181 148
182 148
183 148
184 148
185 148
186 148
187 148
188 148
189 148
190 149
191 149
192 149
193 150
194 150
195 150
196 150
197 151
198 151
199 151
200 152
201 152
202 153
203 153
204 153
205 154
206 154
207 155
208 156
209 156
210 157
211 157
212 158
213 159
214 159
215 160
216 160
217 161
218 162
219 162
220 163
221 164
222 164
223 165
224 166
225 166
226 167
227 168
228 168
229 169
230 170
231 170
232 171
233 172
234 172
235 173
236 173
237 174
238 175
239 175
240 176
241 176
242 177
243 178
244 178
245 179
246 179
247 180
248 180
249 181
250 181
251 182
252 182
253 183
254 183
255 184
256 184
257 185
258 185
259 185
260 186
261 186
262 186
263 187
264 187
265 187
266 188
267 188
268 188
269 188
270 188
271 188
272 188
273 188
274 188
275 188
276 188
277 188
278 188
279 188
280 187
281 187
282 187
283 187
284 186
285 186
286 186
287 185
288 185
289 184
290 184
291 183
292 183
293 182
294 182
295 181
296 181
297 180
298 180
299 179
300 179
301 178
302 178
303 177
304 177
305 176
306 176
307 175
308 175
309 174
310 174
311 173
312 173
313 173
314 172
315 172
316 172
317 171
318 171
319 171
320 170
321 170
322 170
323 170
324 169
325 169
326 169
327 169
328 169
329 168
330 168
331 168
332 168
333 168
334 168
335 167
336 167
337 167
338 167
339 167
340 167
341 166
342 166
343 166
344 166
345 166
346 166
347 165
348 165
349 165
350 165
351 165
352 164
353 164
354 164
355 164
356 164
357 163
358 163
359 163
360 163
361 163
362 162
363 162
364 162
365 162
366 161
367 161
368 161
369 161
370 161
371 160
372 160
373 160
374 160
375 159
376 159
377 159
378 159
379 159
380 158
381 158
382 158
383 158
384 157
385 157
386 157
387 157
388 156
389 156
390 156
391 155
392 155
393 155
394 155
395 154
396 154
397 154
398 153
399 153
400 152
401 152
402 152
403 151
404 151
405 150
406 150
407 150
408 149
409 149
410 148
411 148
412 147
413 147
414 146
415 145
416 145
417 144
418 143
419 143
420 142
421 141
422 141
423 140
424 139
425 138
426 138
427 137
428 136
429 135
430 134
431 133
432 132
433 131
434 130
435 130
436 129
437 128
438 127
439 126
440 125
441 124
442 123
443 122
444 121
445 120
446 119
447 118
448 117
449 116
450 115
451 114
452 113
453 112
454 112
455 111
456 110
457 109
458 108
459 107
460 106
461 105
462 104
463 103
464 103
465 102
466 101
467 101
