10 81
11 82
12 83
12 84
13 85
13 86
14 87
14 88
14 89
15 90
15 91
16 92
16 93
17 94
17 95
18 96
18 97
19 98
19 99
20 100
20 101
21 102
21 103
22 104
22 105
23 106
24 107
24 108
25 109
25 110
26 111
26 112
27 113
28 114
28 115
29 116
29 117
30 118
31 119
31 120
32 121
33 122
34 123
34 124
35 125
36 126
37 127
37 128
38 129
39 130
40 131
41 132
42 133
43 134
44 135
45 136
46 137
47 138
48 139
49 140
50 140
51 141
52 142
53 142
54 143
55 144
56 144
57 145
58 145
59 146
60 146
61 147
62 147
63 147
64 148
65 148
66 148
67 149
68 149
69 149
70 149
71 149
72 149
73 149
74 149
75 149
76 149
77 149
78 149
79 149
80 149
81 149
82 149
83 149
84 148
85 148
86 148
87 148
88 147
89 147
90 146
91 146
92 146
93 145
94 145
95 144
96 144
97 143
98 143
99 142
100 142
101 141
102 141
103 140
104 139
105 139
106 138
107 138
108 137
109 136
110 136
111 135
112 135
113 134
114 134
115 133
116 133
117 132
118 132
119 131
120 131
121 130
122 130
123 130
124 129
125 129
126 129
127 128
128 128
129 128
130 128
131 127
132 127
133 127
134 127
135 127
136 126
137 126
138 126
139 126
140 125
141 125
142 125
143 124
144 124
145 123
146 123
147 122
148 122
149 121
150 120
151 120
152 119
153 118
154 117
155 117
156 116
157 115
158 114
159 113
160 112
161 111
162 111
163 110
164 109
165 108
166 107
167 106
168 105
169 104
170 103
171 102
172 101
173 100
174 100
175 99
176 98
177 97
178 96
179 95
180 94
181 94
182 93
183 92
184 91
185 91
186 90
187 89
188 89
189 88
190 87
191 87
192 86
193 86
194 85
195 85
196 85
197 84
198 84
199 83
200 83
201 83
202 83
203 82
204 82
205 82
206 82
207 82
208 82
209 82
210 82
211 82
212 82
213 82
214 82
215 82
216 83
217 83
218 83
219 83
220 84
221 84
222 84
223 85
224 85
225 86
226 86
227 87
228 87
229 88
230 88
231 89
232 90
233 91
234 91
235 92
236 93
237 94
238 95
239 96
240 97
241 98
242 99
243 100
244 101
245 102
246 103
247 104
247 105
248 106
249 107
250 108
251 109
252 110
253 111
254 112
254 113
255 114
256 115
257 116
258 117
259 118
260 119
261 120
262 121
263 122
264 123
265 124
266 125
267 126
268 127
269 128
270 129
271 130
272 131
273 131
274 132
275 133
276 134
277 135
278 136
279 137
280 138
281 139
282 140
283 140
284 141
285 142
286 143
287 144
288 145
289 146
290 147
291 148
292 149
293 149
294 150
295 151
296 152
297 153
298 154
299 154
300 155
301 156
302 156
303 157
304 157
305 158
306 158
307 159
308 159
309 160
310 160
311 161
312 161
313 161
314 162
315 162
316 163
317 163
318 164
319 164
320 165
321 166
322 166
323 167
324 167
325 168
326 168
327 169
328 170
329 170
330 171
331 171
332 172
333 172
334 172
335 173
336 173
337 174
338 174
339 174
340 174
341 175
342 175
343 175
344 175
345 176
346 176
347 176
348 176
349 176
350 177
351 177
352 177
353 177
354 177
355 177
356 177
357 177
358 177
359 177
360 177
361 177
362 177
363 177
364 177
365 177
366 176
367 176
368 176
369 175
370 175
371 174
372 173
373 173
374 172
375 171
376 170
377 169
378 168
378 167
379 166
380 165
381 164
381 163
382 162
383 161
383 160
384 159
385 158
385 157
386 156
386 155
387 154
388 153
388 152
389 151
390 150
390 149
391 148
391 147
392 146
393 145
393 144
394 143
395 142
395 141
396 140
397 139
398 138
398 137
399 136
400 135
401 134
402 134
403 133
404 132
405 132
406 132
407 131
408 131
409 131
410 131
411 130
412 130
413 130
414 129
415 129
416 129
417 128
418 127
419 127
420 126
421 125
422 125
423 124
424 123
425 122
426 122
427 121
428 120
429 119
430 118
431 117
432 117
433 116
434 115
435 114
436 113
437 112
438 112
439 111
440 110
441 109
442 108
443 108
444 107
445 106
446 106
447 105
448 104
449 104
450 103
451 103
452 102
453 102
454 101
455 101
456 100
457 100
458 100
459 99
460 99
461 99
462 98
463 98
464 98
465 97
466 97
467 97
468 97
469 96
470 96
471 96
472 96
473 96
474 96
475 95
476 95
477 95
478 95
479 95
480 95
481 95
482 94
483 94
484 94
485 94
486 94
487 94
488 94
489 94
490 94
491 94
492 94
493 94
494 94
495 94
496 94
497 94
498 94
499 94
500 93
501 93
502 93
503 93
504 93
505 93
506 93
507 93
508 93
509 93
510 93
511 93
512 93
513 93
514 93
515 93
516 93
517 93
518 93
519 93
520 93
521 93
522 93
523 93
524 93
525 93
526 93
527 93
528 93
529 93
530 93
531 93
532 93
533 93
534 93
535 93
536 92
537 92
538 92
539 92
540 92
541 92
542 91
543 91
544 91
545 91
546 90
547 90
548 90
549 90
550 89
551 89
552 89
553 88
554 88
555 88
556 87
557 87
558 87
559 86
560 86
