7 31
8 32
9 33
10 34
10 35
11 36
12 37
13 38
13 39
14 40
15 41
15 42
16 43
17 44
18 45
18 46
19 47
20 48
21 49
22 50
22 51
23 52
24 53
25 54
26 55
27 56
28 57
28 58
29 59
30 60
31 61
32 62
33 63
34 64
35 65
36 66
37 67
38 68
39 68
40 69
41 70
42 71
43 72
44 73
45 74
46 74
47 75
48 76
49 77
50 77
51 78
52 79
53 79
54 80
55 81
56 81
57 82
58 83
59 83
60 84
61 85
62 85
63 86
64 87
65 88
66 88
67 89
68 90
69 91
70 92
71 92
72 93
73 94
74 95
75 96
76 97
77 98
78 98
79 99
80 100
81 101
82 102
83 102
84 103
85 104
86 104
87 105
88 106
89 106
90 107
91 107
92 107
93 108
94 108
95 108
96 108
97 108
98 108
99 108
100 107
101 107
102 106
103 106
104 105
105 105
106 104
107 103
108 102
109 101
110 100
111 100
112 99
113 98
114 97
115 96
116 95
117 94
118 93
119 92
120 91
121 90
122 89
123 89
124 88
125 87
126 86
127 86
128 85
129 85
130 84
131 84
132 84
133 84
134 83
135 83
136 83
137 83
138 83
139 83
140 83
141 84
142 84
143 84
144 84
145 85
146 85
147 85
148 86
149 86
150 86
151 87
152 87
153 87
154 88
155 88
156 88
157 89
158 89
159 89
160 90
161 90
162 90
163 90
164 91
165 91
166 91
167 91
168 92
169 92
170 92
171 92
172 92
173 92
174 93
175 93
176 93
177 93
178 93
179 93
180 93
181 94
182 94
183 94
184 94
185 94
186 94
187 94
188 94
189 95
190 95
191 95
192 95
193 95
194 95
195 95
196 96
197 96
198 96
199 96
200 97
201 97
202 97
203 98
204 98
205 99
206 99
207 100
208 101
209 101
210 102
211 103
212 104
213 105
214 106
215 107
216 108
217 109
218 110
219 111
220 112
221 113
222 114
222 115
223 116
224 117
225 118
226 119
227 120
228 121
229 121
230 122
231 123
232 124
233 125
234 126
235 127
236 128
237 129
238 130
238 131
239 132
240 133
241 134
242 135
243 136
244 137
244 138
245 139
246 140
247 141
247 142
248 143
249 144
250 145
250 146
251 147
252 148
252 149
