4 32
5 31
6 31
7 31
8 31
9 30
10 30
11 30
12 30
13 30
14 29
15 29
16 29
17 29
18 29
19 29
20 29
21 29
22 29
23 30
24 30
25 30
26 31
27 31
28 32
29 32
30 33
31 33
32 34
33 35
34 35
35 36
36 37
37 37
38 38
39 39
40 39
41 40
42 40
43 41
44 42
45 42
46 43
47 43
48 44
49 45
50 45
51 46
52 46
53 47
54 47
55 48
56 49
57 49
58 50
59 51
60 52
61 53
62 54
63 55
64 56
64 57
65 58
66 59
66 60
67 61
68 62
68 63
69 64
70 65
70 66
71 67
72 68
72 69
73 70
74 71
75 72
76 73
77 74
78 75
79 76
80 77
81 78
82 79
83 79
84 80
85 80
86 81
87 81
88 81
89 81
90 82
91 82
92 82
93 82
94 82
95 82
96 82
97 82
98 82
99 82
100 82
101 82
102 82
103 81
104 81
105 81
106 80
107 80
108 80
109 79
110 79
111 78
112 78
113 77
114 77
115 76
116 75
117 75
118 74
119 73
120 72
121 71
122 70
123 69
124 68
125 67
126 66
127 65
128 64
129 63
130 62
130 61
131 60
132 59
133 58
133 57
134 56
135 55
136 54
136 53
137 52
138 51
139 50
140 49
140 48
141 47
142 46
143 45
144 44
145 43
146 42
147 41
148 41
