13 47
14 47
15 47
16 48
17 48
18 49
19 49
20 50
21 50
22 50
23 51
24 51
25 51
26 52
27 52
28 53
29 53
30 53
31 53
32 54
33 54
34 54
35 54
36 55
37 55
38 55
39 55
40 55
41 55
42 55
43 55
44 55
45 55
46 55
47 55
48 55
49 55
50 55
51 55
52 55
53 55
54 55
55 55
56 55
57 55
58 55
59 56
60 56
61 56
62 56
63 56
64 57
65 57
66 57
67 58
68 58
69 58
70 59
71 59
72 60
73 60
74 61
75 61
76 62
77 62
78 63
79 64
80 64
81 65
82 65
83 66
84 66
85 67
86 68
87 68
88 69
89 69
90 70
91 70
92 71
93 71
94 72
95 72
96 73
97 73
98 74
99 74
100 75
101 75
102 76
103 76
104 76
105 77
106 77
107 77
108 78
109 78
110 78
111 79
112 79
113 79
114 79
115 80
116 80
117 80
118 80
119 81
120 81
121 81
122 81
123 81
124 81
125 82
126 82
127 82
128 82
129 82
130 82
131 82
132 82
133 82
134 82
135 82
136 83
137 83
138 83
139 83
140 83
141 83
142 83
143 83
144 83
145 83
146 83
147 83
148 83
149 83
150 83
151 83
152 83
153 83
154 83
155 83
156 83
157 83
158 83
159 83
160 84
161 84
162 84
163 84
164 84
165 84
166 85
167 85
168 85
169 85
170 85
171 86
172 86
173 86
174 87
175 87
176 87
177 88
178 88
179 88
180 89
181 89
182 89
183 90
184 90
185 91
186 91
187 92
188 92
189 93
190 93
191 94
192 94
193 95
194 95
195 96
196 96
197 97
198 97
199 98
200 98
201 99
202 100
203 100
204 101
205 101
206 102
207 103
208 103
209 104
210 105
