22 44
23 44
24 45
25 45
26 45
27 46
28 46
29 46
30 47
31 47
32 47
33 47
34 48
35 48
36 48
37 49
38 49
39 49
40 50
41 50
42 50
43 51
44 51
45 51
46 52
47 52
48 52
49 53
50 53
51 53
52 54
53 54
54 55
55 55
56 55
57 56
58 56
59 56
60 57
61 57
62 58
63 58
64 59
65 59
66 60
67 60
68 60
69 61
70 61
71 62
72 62
73 63
74 63
75 64
76 64
77 65
78 65
79 66
80 66
81 67
82 67
83 68
84 68
85 69
86 69
87 70
88 71
89 71
90 72
91 72
92 73
93 73
94 74
95 74
96 75
97 75
98 76
99 76
100 77
101 77
102 78
103 78
104 78
105 79
106 79
107 79
108 80
109 80
110 80
111 81
112 81
113 81
114 81
115 81
116 81
117 81
118 82
119 82
120 82
121 82
122 82
123 82
124 82
125 82
126 82
127 82
128 82
129 83
130 83
131 83
132 83
133 83
134 83
135 83
136 84
137 84
138 84
139 84
140 84
141 85
142 85
143 85
144 86
145 86
146 86
147 87
148 87
149 88
150 88
151 89
152 89
153 89
154 90
155 90
156 91
157 91
158 92
159 92
160 93
161 93
162 94
163 94
164 95
165 96
166 96
167 97
168 97
169 98
170 98
171 99
172 99
173 100
174 101
175 101
176 102
177 102
178 103
179 104
180 104
181 105
182 105
183 106
184 106
185 107
186 108
187 108
188 109
189 109
190 110
191 110
192 111
193 112
194 112
195 113
196 113
197 114
198 114
199 115
200 115
201 116
202 116
203 116
204 117
205 117
206 118
207 118
208 118
209 119
210 119
211 119
212 120
213 120
214 120
215 121
216 121
217 121
218 121
219 121
220 122
221 122
222 122
223 122
224 122
225 122
226 122
227 122
228 122
229 122
230 122
231 122
232 122
233 122
234 122
235 122
236 122
237 122
238 122
239 122
240 121
241 121
242 121
243 121
244 120
245 120
246 120
247 119
248 119
249 119
250 118
251 118
252 118
253 117
254 117
255 116
256 116
257 116
258 115
259 115
260 115
261 114
262 114
263 114
264 113
265 113
266 113
267 113
268 113
269 112
270 112
271 112
272 112
273 112
274 112
275 112
276 113
277 113
278 113
279 113
280 113
281 113
282 114
283 114
284 114
285 114
286 115
287 115
288 115
289 115
290 116
291 116
292 116
293 117
294 117
295 118
296 118
297 118
298 119
299 119
300 120
301 120
302 120
303 121
304 121
305 122
306 122
307 123
308 123
309 123
310 124
311 124
312 125
313 125
314 126
315 126
316 127
317 128
318 128
319 129
320 129
321 130
322 131
323 131
324 132
325 133
326 133
327 134
328 134
329 135
330 136
331 136
332 137
333 137
334 137
335 138
336 138
337 138
338 139
339 139
340 139
341 139
342 139
343 139
344 139
345 139
346 139
347 139
348 139
349 139
350 139
351 139
352 139
353 138
354 138
355 138
356 138
357 138
358 138
359 137
360 137
361 137
362 137
363 137
364 136
365 136
366 136
367 136
368 136
369 135
370 135
371 135
372 135
373 135
374 134
375 134
376 134
377 134
378 133
379 133
380 133
381 133
382 133
383 132
384 132
385 132
386 132
387 132
388 131
389 131
390 131
391 131
392 131
393 130
394 130
395 130
396 130
397 130
398 130
399 129
400 129
401 129
402 129
403 129
404 129
405 129
406 128
407 128
408 128
409 128
410 128
411 128
412 128
413 128
414 128
415 128
416 128
417 127
418 127
419 127
420 127
421 127
422 127
423 127
424 127
425 127
426 127
427 127
428 127
429 127
430 127
431 127
432 127
433 127
434 127
435 127
436 128
437 128
438 128
439 128
440 128
441 128
442 128
443 128
444 128
445 128
446 128
447 128
448 128
449 128
450 128
451 128
452 128
453 128
454 128
455 128
456 128
457 128
458 128
459 128
460 128
461 128
462 128
463 128
464 128
465 128
466 128
467 128
468 128
469 128
470 128
471 128
472 128
473 128
474 128
475 128
476 128
477 128
478 128
479 128
480 128
481 128
482 128
483 128
484 128
485 128
486 128
487 128
488 128
489 128
490 128
491 128
492 128
493 128
494 128
495 128
496 128
497 128
498 129
499 129
500 129
501 129
502 129
503 129
504 130
505 130
506 130
507 130
508 131
509 131
510 131
511 132
512 132
513 132
514 133
515 133
516 134
517 134
518 134
519 135
520 135
521 136
522 137
523 137
524 138
525 138
526 139
527 140
528 140
529 141
530 142
531 143
532 144
533 144
534 145
535 146
536 147
537 148
538 149
539 150
540 151
541 152
542 153
543 154
544 155
545 156
546 157
546 158
547 159
548 160
549 161
549 162
