24 2
25 3
26 4
27 5
28 6
28 7
29 8
30 9
31 10
31 11
32 12
33 13
34 14
34 15
35 16
36 17
37 18
38 19
38 20
39 21
40 22
40 23
41 24
42 25
43 26
43 27
44 28
45 29
46 30
46 31
47 32
48 33
48 34
49 35
50 36
50 37
51 38
52 39
52 40
53 41
54 42
54 43
55 44
56 45
56 46
57 47
58 48
58 49
59 50
59 51
60 52
61 53
61 54
62 55
63 56
63 57
64 58
64 59
65 60
66 61
66 62
67 63
67 64
68 65
68 66
69 67
70 68
70 69
71 70
71 71
72 72
73 73
73 74
74 75
74 76
75 77
75 78
76 79
77 80
77 81
78 82
78 83
79 84
79 85
80 86
80 87
81 88
82 89
82 90
83 91
83 92
84 93
84 94
85 95
86 96
86 97
87 98
87 99
88 100
88 101
89 102
89 103
90 104
91 105
91 106
92 107
92 108
93 109
93 110
94 111
95 112
95 113
96 114
96 115
97 116
98 117
98 118
99 119
100 120
100 121
101 122
102 123
102 124
103 125
104 126
104 127
105 128
106 129
106 130
107 131
108 132
109 133
110 134
111 135
112 136
113 137
114 138
115 139
116 140
117 141
118 142
119 143
120 144
121 144
122 145
123 146
124 146
125 147
126 147
127 148
128 148
129 149
130 149
131 149
132 150
133 150
134 150
135 150
136 150
137 150
138 150
139 150
140 150
141 150
142 150
143 150
144 150
145 149
146 149
147 149
148 148
149 148
150 147
151 147
152 146
153 145
154 145
155 144
156 143
157 142
158 141
159 141
160 140
161 139
162 138
163 137
164 136
165 135
165 134
166 133
167 132
168 131
169 130
170 129
171 128
172 127
172 126
173 125
174 124
175 123
176 122
176 121
177 120
178 119
179 118
180 117
180 116
181 115
182 114
183 113
184 112
184 111
185 110
186 109
187 108
188 107
189 106
189 105
190 104
191 103
192 102
193 101
194 100
195 99
196 98
197 98
198 97
199 96
200 96
201 95
202 94
203 94
204 94
205 93
206 93
207 93
208 93
209 93
210 93
211 93
212 93
213 93
214 94
215 94
216 94
217 95
218 95
219 96
220 97
221 97
222 98
223 99
224 99
225 100
226 101
227 102
228 103
229 104
230 105
231 106
232 106
233 107
234 108
235 109
236 110
237 111
238 112
239 112
240 113
241 114
242 114
243 115
244 116
245 116
246 117
247 117
248 118
249 118
250 118
251 119
252 119
253 119
254 120
255 120
256 120
257 120
258 120
259 120
260 120
261 120
262 120
263 120
264 120
265 120
266 120
267 120
268 120
269 119
270 119
271 119
272 119
273 118
274 118
275 118
276 118
277 117
278 117
279 116
280 116
281 116
282 115
283 115
284 114
285 114
286 113
287 113
288 112
289 112
290 111
291 111
292 110
293 110
294 109
295 109
296 108
297 108
298 107
299 107
300 106
301 106
302 106
303 105
304 105
305 104
306 104
307 104
308 103
309 103
310 103
311 103
312 102
313 102
314 102
315 102
316 101
317 101
318 101
319 101
320 101
321 101
322 101
323 101
324 100
325 100
326 100
327 100
328 100
329 100
330 100
331 100
332 100
333 100
334 100
335 100
336 100
337 100
338 100
339 100
340 100
341 100
342 100
343 100
344 100
345 100
346 100
347 100
348 100
349 100
350 100
351 100
352 100
353 100
354 100
355 100
356 100
357 100
358 100
359 100
360 100
361 100
362 100
363 100
364 101
365 101
366 101
367 101
368 101
369 101
370 101
371 102
372 102
373 102
374 102
375 103
376 103
377 103
378 103
379 104
380 104
381 104
382 105
383 105
384 106
385 106
386 107
387 107
388 107
389 108
390 108
391 109
392 110
393 110
394 111
395 111
396 112
397 113
398 113
399 114
400 114
401 115
402 116
403 117
404 117
405 118
406 119
407 119
408 120
409 121
410 122
411 123
412 123
413 124
414 125
415 126
416 127
417 127
418 128
419 129
420 130
421 130
422 131
423 132
424 133
425 133
426 134
427 135
428 135
429 136
430 137
431 137
432 138
433 138
434 139
435 139
436 140
437 140
438 141
439 141
440 142
441 142
442 143
443 143
444 143
445 144
446 144
447 144
448 145
449 145
450 145
451 146
452 146
453 146
454 146
455 146
456 146
457 147
458 147
459 147
460 147
461 147
462 147
463 147
464 147
465 147
466 147
467 147
468 147
469 146
470 146
471 146
472 146
473 146
474 146
475 146
