24 20
25 21
26 22
27 23
27 24
28 25
29 26
30 27
31 28
31 29
32 30
33 31
34 32
35 33
35 34
36 35
37 36
38 37
38 38
39 39
40 40
41 41
42 42
42 43
43 44
44 45
45 46
46 47
47 48
47 49
48 50
49 51
50 52
51 53
52 54
52 55
53 56
54 57
55 58
56 59
57 60
58 61
58 62
59 63
60 64
61 65
62 66
63 67
64 68
65 69
66 70
67 71
68 72
69 73
69 74
70 75
71 76
72 77
73 78
74 79
75 80
76 81
77 82
78 83
79 84
80 85
81 85
82 86
83 87
84 88
85 89
86 90
87 91
88 92
89 93
90 94
91 94
92 95
93 96
94 97
95 98
96 99
97 99
98 100
99 101
100 102
101 103
102 103
103 104
104 105
105 106
106 106
107 107
108 108
109 109
110 109
111 110
112 111
113 111
114 112
115 113
116 114
117 114
118 115
119 115
120 116
121 117
122 117
123 118
124 119
125 119
126 120
127 121
128 121
129 122
130 123
131 123
132 124
133 125
134 126
135 126
136 127
137 128
138 129
139 130
140 130
141 131
142 132
143 133
144 134
145 134
146 135
147 136
148 137
149 137
150 138
151 139
152 140
153 140
154 141
155 141
156 142
157 143
158 143
159 144
160 144
161 145
162 145
163 146
164 146
165 147
166 147
167 148
168 149
169 149
170 150
171 150
172 151
173 151
174 152
175 152
176 152
177 153
178 153
179 154
180 154
181 155
182 155
183 156
184 156
185 157
186 157
187 158
188 158
189 159
190 159
191 160
192 161
193 162
194 162
195 163
196 164
197 165
197 166
198 167
199 168
200 169
201 170
201 171
202 172
203 173
204 174
205 175
205 176
206 177
207 178
208 179
208 180
209 181
210 182
211 183
212 184
213 185
214 186
215 187
216 187
217 188
218 189
219 189
220 189
221 189
222 189
223 189
224 189
225 188
226 188
227 188
228 187
229 186
230 186
231 185
232 184
233 183
234 182
235 181
236 180
237 179
238 179
239 178
240 177
241 176
242 175
243 174
244 173
245 172
246 171
247 170
248 169
249 168
250 167
251 166
252 165
253 164
254 163
255 162
256 161
257 160
258 160
259 159
260 158
261 157
262 157
263 156
264 155
265 155
266 154
267 153
268 153
269 152
270 152
271 151
272 151
273 150
274 150
275 150
276 149
277 149
278 149
279 149
280 148
281 148
282 148
283 148
284 148
285 148
286 148
287 148
288 148
289 148
290 148
291 148
292 148
293 148
294 148
295 149
296 149
297 149
298 149
299 149
300 149
301 150
302 150
303 150
304 150
305 151
306 151
307 151
308 152
309 152
310 152
311 152
312 153
313 153
314 153
315 154
316 154
317 154
318 155
319 155
320 155
321 156
322 156
323 156
324 157
325 157
