10 5
11 6
12 7
12 8
13 9
13 10
14 11
15 12
15 13
16 14
17 15
17 16
18 17
18 18
19 19
20 20
20 21
21 22
22 23
22 24
23 25
24 26
24 27
25 28
26 29
26 30
27 31
28 32
28 33
29 34
30 35
30 36
31 37
32 38
32 39
33 40
33 41
34 42
34 43
35 44
35 45
36 46
36 47
37 48
37 49
38 50
38 51
39 52
39 53
39 54
40 55
40 56
41 57
41 58
42 59
42 60
43 61
44 62
44 63
45 64
45 65
46 66
47 67
47 68
48 69
49 70
50 71
50 72
51 73
52 74
53 75
54 76
55 77
56 78
57 79
58 80
59 81
60 82
61 82
62 83
63 84
64 84
65 85
66 85
67 85
68 86
69 86
70 86
71 86
72 86
73 86
74 86
75 86
76 85
77 85
78 84
79 83
80 83
81 82
82 81
83 80
84 79
85 78
86 77
87 76
88 76
89 75
90 74
91 74
92 73
93 73
94 73
95 73
96 73
97 73
98 73
99 73
100 74
101 74
102 75
103 75
104 76
105 77
106 77
107 78
108 79
109 79
110 80
111 81
112 82
113 82
114 83
115 84
116 84
117 85
118 85
119 86
120 86
121 87
122 87
123 88
124 88
125 89
126 89
127 89
128 90
129 90
130 90
131 90
132 90
133 90
134 90
135 90
136 90
137 90
138 89
139 89
140 88
141 87
142 87
143 86
144 85
145 84
146 83
147 82
147 81
148 80
149 79
150 78
150 77
151 76
152 75
153 74
153 73
154 72
155 71
156 70
156 69
157 68
158 67
159 66
160 66
161 65
162 64
163 63
164 63
165 62
166 62
167 61
168 60
169 60
170 59
171 59
172 58
173 58
174 58
175 58
176 58
177 58
178 58
179 58
