29 10
30 10
31 11
32 12
33 13
34 14
35 15
36 16
37 17
38 18
39 19
40 20
41 21
42 22
43 22
44 23
45 24
46 25
47 26
48 27
48 28
49 29
50 30
51 31
52 32
53 33
54 34
55 35
56 36
57 37
57 38
58 39
59 40
60 41
61 42
61 43
62 44
63 45
64 46
64 47
65 48
66 49
66 50
67 51
68 52
69 53
69 54
70 55
71 56
71 57
72 58
73 59
73 60
74 61
75 62
76 63
76 64
77 65
78 66
78 67
79 68
80 69
81 70
81 71
82 72
83 73
84 74
85 75
85 76
86 77
87 78
88 79
89 80
90 81
91 82
92 83
93 84
94 84
95 85
96 86
97 87
98 87
99 88
100 88
101 89
102 89
103 89
104 90
105 90
106 90
107 90
108 90
109 90
110 90
111 90
112 90
113 90
114 89
115 89
116 89
117 89
118 88
119 88
120 88
121 87
122 87
123 87
124 87
125 86
126 86
127 86
128 86
129 86
130 86
131 86
132 85
133 85
134 85
135 85
136 86
137 86
138 86
139 86
140 86
141 86
142 86
143 86
144 87
145 87
146 87
147 87
148 87
149 88
150 88
151 88
152 89
153 89
154 89
155 90
156 90
157 91
158 91
159 92
160 92
161 93
162 93
163 94
164 94
165 95
166 96
167 96
168 97
169 98
170 99
171 99
172 100
173 101
174 102
175 102
176 103
177 104
178 105
179 106
180 107
181 108
182 108
183 109
184 110
185 111
186 112
187 113
188 114
189 115
190 116
191 117
192 118
193 119
194 120
195 120
196 121
197 122
198 123
199 124
200 125
201 126
202 127
203 128
204 129
205 130
206 131
207 131
208 132
209 133
210 134
211 135
212 136
213 137
214 138
215 138
216 139
217 140
218 141
219 142
220 143
221 143
222 144
223 145
224 146
225 146
226 147
227 148
228 148
229 149
230 150
231 150
232 151
233 152
234 152
235 153
236 153
237 154
238 154
239 155
240 155
241 156
242 156
243 157
244 157
245 157
246 158
247 158
248 158
249 159
250 159
251 159
252 159
253 159
254 159
255 159
256 159
257 160
258 160
259 159
260 159
261 159
262 159
263 159
264 159
265 159
266 159
267 159
268 158
269 158
270 158
271 158
272 158
273 157
274 157
275 157
276 157
277 157
278 156
279 156
280 156
281 156
282 156
283 155
284 155
285 155
286 155
287 155
288 155
289 154
290 154
291 154
292 154
293 154
294 154
295 154
296 154
297 154
298 154
299 154
300 154
301 154
302 154
303 154
304 154
305 154
306 154
307 154
308 154
309 154
310 155
311 155
312 155
313 155
314 155
315 155
316 155
317 156
318 156
319 156
320 156
321 156
322 157
323 157
324 157
325 157
326 157
327 158
328 158
329 158
330 158
331 158
332 159
333 159
334 159
335 159
336 160
337 160
338 160
339 160
340 161
341 161
342 161
343 161
344 161
345 162
346 162
347 162
348 162
349 163
350 163
351 163
352 163
353 163
354 164
355 164
356 164
357 164
358 164
359 165
360 165
361 165
362 165
363 165
364 165
365 165
366 166
367 166
368 166
369 166
370 166
371 166
372 166
373 166
374 166
375 166
376 166
377 167
378 167
379 167
380 167
381 167
382 167
383 167
384 167
385 167
386 167
387 167
388 167
389 167
390 167
391 167
392 167
393 167
394 167
395 167
396 167
397 168
398 168
399 168
400 168
401 168
402 168
403 168
404 168
405 168
406 168
407 168
408 169
409 169
410 169
411 169
412 169
413 169
414 169
415 170
416 170
417 170
418 170
419 170
420 170
421 171
422 171
423 171
424 171
425 171
426 171
427 171
428 172
429 172
430 172
431 172
432 172
433 172
434 172
435 172
436 172
437 172
438 172
439 173
440 173
441 173
442 173
443 172
444 172
445 172
446 172
447 172
448 172
449 172
450 172
451 172
452 171
453 171
454 171
455 171
456 170
457 170
458 170
459 169
460 169
461 169
462 168
463 168
464 168
465 167
466 167
467 166
468 166
469 165
470 165
471 164
472 163
473 163
474 162
475 161
476 161
477 160
478 159
479 158
480 158
481 157
482 156
483 155
484 154
485 153
486 152
487 151
488 150
489 149
490 148
491 147
492 146
493 145
493 144
494 143
495 142
496 141
497 140
497 139
498 138
499 137
500 136
500 135
501 134
502 133
502 132
503 131
504 130
504 129
505 128
506 127
506 126
507 125
508 124
509 123
509 122
510 121
511 120
512 119
512 118
513 117
514 116
515 115
516 114
517 113
518 112
519 111
520 110
521 110
522 109
523 109
524 108
525 108
526 108
527 108
528 108
529 108
530 108
531 109
532 109
533 110
534 110
535 111
536 112
537 113
538 114
538 115
539 116
540 117
541 118
541 119
542 120
543 121
543 122
544 123
544 124
545 125
546 126
546 127
547 128
547 129
548 130
548 131
549 132
549 133
550 134
550 135
551 136
551 137
552 138
552 139
553 140
553 141
554 142
554 143
555 144
555 145
556 146
556 147
557 148
557 149
558 150
558 151
559 152
559 153
560 154
560 155
561 156
562 157
562 158
563 159
563 160
564 161
564 162
565 163
565 164
566 165
567 166
567 167
568 168
569 169
569 170
570 171
571 172
571 173
572 174
573 175
574 176
574 177
575 178
576 179
577 180
578 181
579 182
580 183
581 184
582 185
583 186
584 187
585 187
586 188
587 189
588 190
589 190
590 191
591 192
592 192
593 193
594 193
595 194
596 194
597 195
598 195
599 196
600 196
601 197
602 197
603 197
604 198
605 198
606 199
607 199
608 199
609 200
610 200
611 200
612 201
613 201
614 202
615 202
616 202
617 203
618 203
619 203
620 204
621 204
622 204
623 205
624 205
625 205
626 206
627 206
628 206
629 207
630 207
631 207
632 208
633 208
634 208
635 209
636 209
637 209
638 210
639 210
640 211
641 211
642 211
643 212
644 212
645 212
646 213
647 213
648 213
649 214
650 214
651 215
652 215
653 215
654 216
655 216
656 217
657 217
658 217
659 218
660 218
661 218
662 219
663 219
664 220
665 220
666 220
667 221
668 221
