17 2
18 3
19 4
20 5
21 6
22 7
22 8
23 9
24 10
25 11
26 12
27 13
28 14
28 15
29 16
30 17
31 18
32 19
33 20
33 21
34 22
35 23
36 24
36 25
37 26
38 27
39 28
39 29
40 30
41 31
41 32
42 33
43 34
43 35
44 36
45 37
45 38
46 39
47 40
47 41
48 42
48 43
49 44
50 45
50 46
51 47
52 48
52 49
53 50
53 51
54 52
55 53
55 54
56 55
56 56
57 57
58 58
58 59
59 60
59 61
60 62
61 63
61 64
62 65
63 66
63 67
64 68
64 69
65 70
66 71
66 72
67 73
68 74
68 75
69 76
70 77
70 78
71 79
72 80
73 81
73 82
74 83
75 84
76 85
77 86
77 87
78 88
79 89
80 90
81 91
82 92
83 93
84 94
85 95
86 96
87 97
88 98
89 98
90 99
91 100
92 101
93 101
94 102
95 103
96 103
97 104
98 104
99 104
100 105
101 105
102 105
103 106
104 106
105 106
106 106
107 106
108 106
109 106
110 106
111 106
112 105
113 105
114 105
115 105
116 104
117 104
118 103
119 103
120 103
121 102
122 101
123 101
124 100
125 100
126 99
127 98
128 98
129 97
130 96
131 96
132 95
133 94
134 94
135 93
136 92
137 91
138 91
139 90
140 90
141 89
142 89
143 88
144 88
145 88
146 87
147 87
148 87
149 87
150 87
151 87
152 87
153 87
154 87
155 88
156 88
157 88
158 88
159 89
160 89
161 89
162 90
163 90
164 91
165 91
166 92
167 92
168 92
169 93
170 93
171 94
172 95
173 95
174 96
175 96
176 97
177 97
178 98
179 99
180 99
181 100
182 101
183 101
184 102
185 103
186 103
187 104
188 105
189 105
190 106
191 107
192 107
193 108
194 109
195 109
196 110
197 111
198 111
199 112
200 113
201 113
202 114
203 115
204 115
205 116
206 116
207 117
208 117
209 118
210 118
211 118
212 119
213 119
214 119
215 120
216 120
217 120
218 120
219 120
220 121
221 121
222 121
223 120
224 120
225 120
226 120
227 120
228 120
229 120
230 120
231 119
232 119
233 119
234 119
235 118
236 118
237 118
238 118
239 118
240 117
241 117
242 117
243 117
244 117
245 116
246 116
247 116
248 116
249 116
250 116
251 116
252 116
253 115
254 115
255 115
256 115
257 115
258 115
259 115
260 115
261 115
262 115
263 115
264 115
265 115
266 115
267 115
268 115
269 115
270 115
271 115
272 115
273 116
274 116
275 116
276 116
277 116
278 116
279 116
280 116
281 116
282 116
283 117
284 117
285 117
286 117
287 117
288 117
289 117
290 118
291 118
292 118
293 118
294 118
295 118
296 119
297 119
298 119
299 119
300 119
301 119
302 120
303 120
304 120
305 120
306 120
307 121
308 121
309 121
310 121
311 122
312 122
313 122
314 122
315 123
316 123
317 123
318 124
319 124
320 124
321 125
322 125
323 126
324 126
325 127
326 127
327 128
328 129
329 129
330 130
331 130
332 131
333 132
334 132
335 133
336 133
337 134
338 134
339 134
340 134
341 134
342 134
343 134
344 134
345 133
346 133
347 133
348 132
349 132
350 131
351 131
352 130
353 130
354 130
355 129
356 129
357 129
358 128
359 128
360 128
361 127
362 127
363 127
364 127
365 126
366 126
367 126
368 125
369 125
370 125
371 125
372 124
373 124
374 124
375 124
376 123
377 123
378 123
379 122
380 122
381 122
382 122
383 121
384 121
385 120
386 120
387 120
388 119
389 119
390 118
391 118
392 117
393 117
394 116
395 116
396 115
397 115
398 114
399 113
400 113
401 112
402 112
403 111
404 111
405 111
406 110
407 110
408 110
409 110
410 110
411 110
412 110
413 110
414 110
415 110
416 111
417 111
418 112
419 112
420 113
421 113
422 114
423 115
424 115
425 116
426 117
427 117
428 118
429 119
430 120
431 121
432 121
433 122
434 123
435 124
436 124
437 125
438 125
439 126
440 126
441 127
442 127
443 127
444 127
445 127
446 127
447 127
448 127
449 127
450 126
451 126
452 126
453 125
454 125
455 124
456 124
457 123
458 123
459 122
460 122
461 121
462 121
