22 55
23 55
24 55
25 55
26 55
27 55
28 56
29 56
30 56
31 56
32 56
33 57
34 57
35 57
36 57
37 58
38 58
39 58
40 59
41 59
42 59
43 59
44 60
45 60
46 61
47 61
48 61
49 62
50 62
51 63
52 63
53 64
54 64
55 65
56 65
57 66
58 66
59 67
60 68
61 68
62 69
63 70
64 70
65 71
66 72
67 72
68 73
69 74
70 74
71 75
72 76
73 77
74 77
75 78
76 79
77 79
78 80
79 81
80 81
81 82
82 82
83 83
84 84
85 84
86 85
87 85
88 86
89 86
90 87
91 87
92 88
93 88
94 89
95 89
96 90
97 91
98 91
99 92
100 93
101 94
102 95
103 95
104 96
105 97
106 98
107 99
108 100
109 101
110 101
111 102
112 103
113 104
114 104
115 105
116 106
117 106
118 107
119 108
120 109
121 110
122 111
122 112
123 113
124 114
125 115
125 116
126 117
127 118
128 119
128 120
129 121
130 122
131 123
132 124
133 125
134 126
135 127
136 128
137 128
138 129
139 129
140 130
141 130
142 130
143 131
144 131
145 131
146 131
147 131
148 131
149 131
150 131
151 131
152 131
153 131
154 131
155 131
156 131
157 130
158 130
159 130
160 130
161 130
162 130
163 130
164 130
165 129
166 129
167 129
168 129
169 129
170 129
171 129
172 130
173 130
174 130
175 130
176 130
177 131
178 131
179 131
180 132
181 132
182 132
183 133
184 133
185 134
186 135
187 135
188 136
189 136
190 137
191 138
192 138
193 139
194 140
195 141
196 141
197 142
198 143
199 144
200 145
201 145
202 146
203 147
204 148
205 149
206 149
207 150
208 151
209 151
210 152
211 152
212 153
213 153
214 154
215 154
216 154
217 155
218 155
219 155
220 155
221 155
222 155
223 154
224 154
225 154
226 153
227 153
228 152
229 152
230 151
231 151
232 150
233 149
234 148
235 148
236 147
237 146
238 145
239 144
240 144
241 143
242 142
243 142
244 141
245 140
246 140
247 139
248 139
249 138
250 137
251 137
252 137
253 136
254 136
255 135
256 135
257 135
258 134
259 134
260 134
261 133
262 133
263 133
264 133
265 133
266 132
267 132
268 132
269 132
270 131
271 131
272 131
273 131
274 130
275 130
276 130
277 130
278 129
279 129
280 129
281 128
282 128
283 127
284 127
285 127
286 126
287 126
288 125
289 125
290 124
291 124
292 123
293 122
294 122
295 121
296 121
297 120
298 119
299 119
300 118
301 117
302 117
303 116
304 115
305 115
306 114
307 113
308 113
309 112
310 111
311 111
312 110
313 110
314 109
315 108
316 108
317 107
318 107
319 106
320 106
321 105
322 105
323 105
324 104
325 104
326 104
327 104
328 103
329 103
330 103
331 103
332 103
333 103
334 103
335 103
336 103
337 104
338 104
339 104
340 105
341 105
342 105
343 106
344 106
345 107
346 107
347 108
348 108
349 109
350 109
351 110
352 111
353 111
354 112
355 113
356 113
357 114
358 115
