9 16
10 17
10 18
11 19
11 20
11 21
12 22
12 23
13 24
13 25
14 26
14 27
15 28
15 29
16 30
16 31
17 32
17 33
18 34
18 35
19 36
19 37
20 38
20 39
21 40
22 41
22 42
23 43
23 44
24 45
25 46
25 47
26 48
27 49
27 50
28 51
29 52
29 53
30 54
31 55
31 56
32 57
33 58
34 59
34 60
35 61
36 62
37 63
37 64
38 65
39 66
40 67
40 68
41 69
42 70
43 71
44 72
44 73
45 74
46 75
47 76
48 77
48 78
49 79
50 80
51 81
52 82
53 83
54 84
55 85
55 86
56 87
57 88
58 89
59 90
60 91
61 92
62 93
63 94
64 95
65 96
66 97
67 98
68 99
69 100
70 101
71 102
72 103
73 104
74 105
75 106
76 106
77 107
78 108
79 109
80 109
81 110
82 111
83 111
84 112
85 113
86 113
87 114
88 114
89 115
90 115
91 115
92 116
93 116
94 116
95 117
96 117
97 117
98 117
99 117
100 117
101 117
102 118
103 118
104 118
105 118
106 118
107 118
108 118
109 118
110 118
111 118
112 118
113 118
114 119
115 119
116 119
117 119
118 119
119 119
120 120
121 120
122 120
123 120
124 121
125 121
126 121
127 121
128 122
129 122
130 122
131 123
132 123
133 123
134 123
135 124
136 124
137 124
138 125
139 125
140 126
