52 100
53 100
54 101
55 102
56 103
57 104
58 105
59 106
60 106
61 107
62 108
63 109
64 110
65 111
66 112
67 113
68 114
69 115
70 115
71 116
72 117
73 118
74 119
75 120
76 121
77 122
78 123
79 123
80 124
81 125
82 126
83 127
84 128
85 129
86 129
87 130
88 131
89 132
90 133
91 134
92 134
93 135
94 136
95 137
96 138
97 138
98 139
99 140
100 141
101 141
102 142
103 143
104 144
105 145
106 145
107 146
108 147
109 148
110 148
111 149
112 150
113 151
114 152
115 152
116 153
117 154
118 155
119 155
120 156
121 157
122 158
123 158
124 159
125 159
126 160
127 160
128 161
129 161
130 162
131 162
132 163
133 163
134 164
135 164
136 164
137 165
138 165
139 165
140 166
141 166
142 166
143 167
144 167
145 167
146 168
147 168
148 169
149 169
150 169
151 170
152 170
153 171
154 171
155 172
156 172
157 173
158 174
159 174
160 175
161 176
162 176
163 177
164 178
165 179
166 180
167 181
168 182
169 183
170 184
171 185
172 186
173 187
174 188
175 189
176 190
177 191
177 192
178 193
179 194
180 195
181 196
182 197
183 198
184 199
185 200
186 200
187 201
188 202
189 203
190 204
191 205
192 205
193 206
194 207
195 208
196 208
197 209
198 209
199 210
200 211
201 211
202 212
203 212
204 213
205 213
206 213
207 214
208 214
209 214
210 215
211 215
212 215
213 215
214 215
215 215
216 215
217 215
218 215
219 215
220 215
221 215
222 215
223 215
224 214
225 214
226 214
227 214
228 213
229 213
230 212
231 212
232 212
233 211
234 211
235 210
236 210
237 209
238 208
239 208
240 207
241 206
242 206
243 205
244 204
245 204
246 203
247 202
248 201
249 201
250 200
251 199
252 198
253 198
254 197
255 196
256 195
257 195
258 194
259 193
260 193
261 192
262 192
263 191
264 190
265 190
266 189
267 189
268 188
269 188
270 187
271 187
272 186
273 186
274 185
275 185
276 184
277 184
278 183
279 183
280 183
281 182
282 182
283 181
284 181
285 180
286 180
287 179
288 179
289 178
290 178
291 177
292 177
293 176
294 176
295 175
296 174
297 174
298 173
299 173
300 172
301 172
302 171
303 170
304 170
305 169
306 169
307 168
308 167
309 167
310 166
311 165
312 165
313 164
314 163
315 162
316 162
317 161
318 160
319 160
320 159
321 158
322 157
323 157
324 156
325 155
326 155
327 154
328 153
329 153
330 152
331 152
332 151
333 151
334 151
335 150
336 150
337 150
338 150
339 150
340 149
341 149
342 149
343 149
344 149
345 149
346 149
347 149
348 149
349 148
350 148
351 148
352 148
353 148
354 147
355 147
356 147
357 147
358 146
359 146
360 145
361 145
362 145
363 144
364 144
365 143
366 143
367 142
368 142
369 141
370 141
371 140
372 139
373 139
374 138
375 138
376 137
377 137
378 136
379 136
380 136
381 135
382 135
383 134
384 134
385 134
386 133
387 133
388 133
389 133
390 132
391 132
392 132
393 132
394 132
395 132
396 132
397 132
398 132
399 132
400 132
401 132
402 132
403 132
404 132
405 132
406 132
407 132
408 132
409 132
410 132
411 132
412 132
413 132
414 132
415 133
416 133
417 133
418 133
419 133
420 133
421 134
422 134
423 134
424 134
425 134
426 135
427 135
428 135
429 135
430 136
431 136
432 136
433 137
434 137
435 137
436 137
437 138
438 138
439 138
440 139
441 139
442 139
443 140
444 140
445 140
446 140
447 141
448 141
449 141
450 141
451 142
452 142
453 142
454 142
455 142
456 142
457 142
458 142
459 142
460 142
461 142
462 142
463 142
464 141
465 141
466 141
467 141
468 140
469 140
470 140
471 140
472 139
473 139
474 139
475 138
476 138
477 138
478 137
479 137
480 137
481 136
482 136
483 135
484 135
485 135
486 134
487 134
488 134
489 133
490 133
491 133
492 133
493 132
494 132
495 132
496 131
497 131
498 131
499 131
500 131
501 130
502 130
503 130
504 130
505 130
506 129
507 129
508 129
509 129
510 129
511 129
512 129
513 129
514 129
515 129
516 129
517 129
518 129
519 129
520 129
521 129
522 129
523 129
524 129
525 129
526 129
527 129
528 129
529 130
530 130
531 130
532 130
533 130
534 131
535 131
536 131
537 131
538 132
539 132
540 132
541 132
542 133
543 133
544 133
545 134
546 134
547 134
548 134
549 135
550 135
551 135
552 135
553 135
554 136
555 136
556 136
557 136
558 136
559 136
560 136
561 136
562 136
563 136
564 136
565 136
566 136
567 136
568 136
569 136
570 136
571 136
572 135
573 135
574 135
575 135
576 135
577 135
578 134
579 134
580 134
581 134
582 134
583 133
584 133
585 133
586 133
587 132
588 132
589 132
590 132
591 131
592 131
593 131
594 131
595 131
596 130
597 130
598 130
599 130
600 130
601 130
602 130
603 130
604 130
605 130
606 130
607 130
608 130
609 130
610 130
611 130
612 130
613 131
614 131
615 131
616 132
617 132
618 133
619 133
620 134
621 135
622 135
623 136
624 137
625 137
626 138
627 139
628 140
629 141
630 142
631 143
632 144
633 145
634 146
635 147
636 148
637 149
638 150
639 151
640 152
641 153
642 154
643 155
