17 53
18 52
19 52
20 51
21 51
22 51
23 50
24 50
25 49
26 49
27 49
28 48
29 48
30 48
31 47
32 47
33 47
34 46
35 46
36 46
37 45
38 45
39 45
40 45
41 44
42 44
43 44
44 44
45 43
46 43
47 43
48 43
49 43
50 43
51 43
52 43
53 43
54 43
55 43
56 43
57 43
58 43
59 43
60 43
61 43
62 43
63 44
64 44
65 44
66 44
67 45
68 45
69 45
70 46
71 46
72 47
73 47
74 48
75 48
76 49
77 49
78 50
79 51
80 51
81 52
82 53
83 54
84 55
85 56
86 56
87 57
88 58
89 59
90 60
91 61
92 62
93 63
94 64
95 64
96 65
97 66
98 67
99 68
100 69
101 69
102 70
103 71
104 72
105 72
106 73
107 74
108 75
109 75
110 76
111 77
112 78
113 78
114 79
115 79
116 80
117 81
118 81
119 82
120 82
121 83
122 83
123 83
124 84
125 84
126 84
127 84
128 84
129 84
130 85
131 85
132 85
133 85
134 85
135 85
136 85
137 84
138 84
139 84
140 84
141 84
142 84
143 84
144 84
145 84
146 84
147 84
148 83
149 83
150 83
151 83
152 83
153 83
154 83
155 83
156 83
157 83
158 83
159 83
160 83
161 83
162 83
163 83
164 83
165 83
166 83
167 83
168 83
169 84
170 84
171 84
172 84
173 84
174 84
175 84
176 84
177 84
178 85
179 85
180 85
181 85
182 85
183 86
184 86
185 86
186 86
187 86
188 87
189 87
190 87
191 87
192 87
193 87
194 88
195 88
196 88
197 88
198 88
199 88
200 88
201 88
202 88
203 88
204 88
205 88
206 88
207 88
208 87
209 87
210 87
211 86
212 86
213 86
214 85
215 85
216 85
217 84
218 84
219 83
220 83
221 82
222 82
223 81
224 81
225 80
226 80
227 79
228 79
229 79
230 78
231 78
232 77
233 77
234 77
235 77
236 77
237 76
238 76
239 76
240 76
241 76
242 76
243 76
244 76
245 76
246 76
247 76
248 76
249 76
250 76
251 76
252 76
253 76
254 76
255 76
256 76
257 76
258 76
259 76
260 76
261 76
262 76
263 76
264 77
265 77
266 77
267 77
268 77
269 78
270 78
271 78
272 79
273 79
274 79
275 80
276 80
277 81
278 81
279 82
280 82
281 83
282 83
283 84
284 84
285 84
286 85
287 85
288 86
289 87
290 87
291 88
292 88
293 89
294 90
295 91
296 92
297 93
298 94
299 95
300 96
301 97
302 98
303 99
304 100
305 101
305 102
306 103
306 104
