21 21
21 22
21 23
21 24
22 25
22 26
22 27
22 28
23 29
23 30
23 31
23 32
24 33
24 34
24 35
24 36
25 37
25 38
25 39
25 40
26 41
26 42
26 43
26 44
27 45
27 46
27 47
27 48
28 49
28 50
28 51
28 52
29 53
29 54
29 55
30 56
30 57
30 58
30 59
31 60
31 61
31 62
31 63
32 64
32 65
32 66
33 67
33 68
33 69
34 70
34 71
34 72
34 73
35 74
35 75
35 76
36 77
36 78
36 79
37 80
37 81
38 82
38 83
38 84
39 85
39 86
40 87
40 88
40 89
41 90
41 91
42 92
42 93
43 94
43 95
44 96
44 97
45 98
45 99
46 100
46 101
47 102
48 103
48 104
49 105
50 106
50 107
51 108
52 109
53 110
54 111
55 112
56 113
57 113
58 114
59 114
60 114
61 114
62 114
63 114
64 114
65 114
66 113
67 113
68 112
69 112
70 111
71 110
72 110
73 109
74 108
75 108
76 107
77 106
78 105
79 105
80 104
81 103
82 102
83 102
84 101
85 100
86 100
87 99
88 98
89 97
90 97
91 96
92 95
93 95
94 94
95 93
96 92
97 92
98 91
99 90
100 89
101 89
102 88
103 87
104 87
105 86
106 86
