51 74
52 75
52 76
53 77
54 78
54 79
55 80
56 81
56 82
57 83
58 84
58 85
59 86
60 87
60 88
61 89
62 90
63 91
63 92
64 93
65 94
65 95
66 96
67 97
67 98
68 99
69 100
69 101
70 102
71 103
72 104
72 105
73 106
74 107
75 108
75 109
76 110
77 111
78 112
78 113
79 114
80 115
81 116
82 117
82 118
83 119
84 120
85 121
86 122
87 123
88 124
89 125
90 126
91 127
92 128
93 129
94 130
95 131
96 132
97 133
98 133
99 134
100 135
101 136
102 136
103 137
104 137
105 138
106 138
107 139
108 139
109 139
110 139
111 140
112 140
113 140
114 140
115 140
116 140
117 140
118 140
119 140
120 140
121 139
122 139
123 139
124 139
125 138
126 138
127 138
128 137
129 137
130 137
131 136
132 136
133 135
134 135
135 135
136 134
137 134
138 133
139 133
140 132
141 132
142 131
143 131
144 131
145 130
146 130
147 129
148 129
149 128
150 128
151 127
152 127
153 127
154 126
155 126
156 125
157 125
158 125
159 124
160 124
161 124
162 123
163 123
164 123
165 123
166 122
167 122
168 122
169 122
170 122
171 121
172 121
173 121
174 121
175 121
176 121
177 121
178 121
179 121
180 121
181 121
182 121
183 121
184 121
185 121
186 121
187 121
188 122
189 122
190 122
191 122
192 122
193 122
194 123
195 123
196 123
197 123
198 124
199 124
200 124
201 125
202 125
203 125
204 126
205 126
206 127
207 127
208 127
209 128
210 128
211 129
212 129
213 129
214 130
215 130
216 131
217 131
218 132
219 133
220 133
221 134
222 134
223 135
224 135
225 136
226 136
227 137
228 138
229 138
230 139
231 140
232 140
233 141
234 142
235 142
236 143
237 144
238 144
239 145
240 146
241 146
242 147
243 148
244 149
245 149
246 150
247 151
248 151
249 152
250 153
251 153
252 154
253 155
254 156
255 156
256 157
257 158
258 158
259 159
260 160
261 160
262 161
263 162
264 162
265 163
266 164
267 164
268 165
269 166
270 166
271 167
272 167
273 168
274 169
275 169
276 170
277 170
278 171
279 171
280 172
281 172
282 173
283 173
284 173
285 174
286 174
287 174
288 175
289 175
290 175
291 176
292 176
293 176
294 176
295 176
296 177
297 177
298 177
299 177
300 177
301 177
302 177
303 177
304 177
305 177
306 177
307 177
308 176
309 176
310 176
311 176
312 176
313 176
314 175
315 175
316 175
317 175
318 175
319 174
320 174
321 174
322 174
323 173
324 173
325 173
326 173
327 172
328 172
329 172
330 172
331 171
332 171
333 171
334 171
335 170
336 170
337 170
338 170
339 170
340 169
341 169
342 169
343 169
344 169
345 169
346 169
347 169
348 170
349 170
350 170
351 170
352 171
353 171
354 171
355 172
356 172
357 173
358 173
359 173
360 174
361 174
362 175
363 175
364 175
365 176
366 176
367 176
368 176
369 177
370 177
371 177
372 177
373 177
374 177
375 178
376 178
377 178
378 178
379 178
380 178
381 177
382 177
383 177
384 177
385 177
386 177
387 177
388 176
389 176
390 176
391 176
392 175
393 175
394 175
395 174
396 174
397 174
398 173
399 173
400 173
401 172
402 172
403 172
404 171
405 171
406 170
407 170
408 169
409 169
410 168
411 168
412 168
413 167
414 167
415 166
416 166
417 165
418 165
419 164
420 164
421 164
422 163
423 163
424 162
425 162
426 162
427 161
428 161
429 161
430 160
431 160
432 160
433 159
434 159
435 159
436 159
437 159
438 158
439 158
440 158
441 158
442 158
443 158
444 158
445 158
446 158
447 158
448 158
449 159
450 159
451 159
452 159
453 160
454 160
455 161
456 161
457 162
458 162
459 163
460 164
461 164
462 165
463 166
464 167
465 167
466 168
467 169
468 170
469 171
470 172
471 173
472 174
473 175
474 176
474 177
475 178
476 179
477 180
478 181
479 182
480 183
481 184
482 185
482 186
483 187
484 188
485 189
486 190
487 191
488 192
489 193
489 194
490 195
491 196
492 197
493 198
494 199
495 200
496 201
497 202
498 203
499 204
500 204
501 205
502 206
503 207
504 208
505 208
506 209
507 210
508 210
509 211
510 212
511 212
512 213
513 213
514 214
515 214
516 214
517 215
518 215
519 216
520 216
521 216
522 217
523 217
524 217
525 217
526 218
527 218
528 218
529 218
530 219
531 219
532 219
533 219
534 219
535 219
536 219
537 219
538 219
539 219
540 219
541 219
542 219
543 219
544 219
545 218
546 218
547 218
548 218
549 218
550 217
551 217
552 217
553 217
554 217
555 216
556 216
557 216
558 216
559 216
560 215
561 215
562 215
563 215
564 215
565 215
566 214
567 214
568 214
569 214
570 214
571 214
572 214
573 214
574 214
575 214
576 214
577 214
578 214
579 214
580 214
581 214
582 214
583 215
584 215
585 215
586 215
587 215
588 215
589 216
590 216
591 216
592 216
593 216
594 217
595 217
596 217
597 217
598 218
599 218
600 218
601 218
602 219
603 219
604 219
605 219
606 220
607 220
608 220
609 221
610 221
611 221
612 222
