19 12
20 13
21 14
22 15
23 16
24 17
24 18
25 19
26 20
27 21
28 22
29 23
30 24
31 25
32 26
33 27
34 28
35 29
36 30
37 31
38 32
39 33
40 34
41 34
42 35
43 36
44 37
45 38
46 38
47 39
48 40
48 41
49 42
50 43
51 44
51 45
52 46
53 47
53 48
54 49
54 50
55 51
56 52
56 53
57 54
57 55
58 56
58 57
59 58
59 59
60 60
61 61
61 62
62 63
63 64
63 65
64 66
65 67
66 68
67 69
68 70
69 71
70 71
71 71
72 71
73 71
74 70
75 70
76 69
77 68
78 68
79 67
80 67
81 66
82 66
83 66
84 66
85 67
86 67
87 68
88 69
89 70
90 71
90 72
91 73
92 74
92 75
93 76
93 77
94 78
95 79
95 80
96 81
97 82
98 83
98 84
99 85
100 86
101 87
102 87
103 88
104 88
105 89
106 89
107 89
108 89
109 90
110 89
111 89
112 89
113 89
114 89
115 89
116 88
117 88
118 88
119 87
120 87
121 87
122 86
123 86
124 85
125 85
126 85
127 84
128 84
129 84
130 83
131 83
132 83
133 83
134 83
135 83
136 83
137 82
138 82
139 82
140 82
141 82
142 82
143 82
144 83
145 83
146 83
147 83
148 83
149 83
150 83
151 83
152 83
153 83
154 83
155 83
156 83
157 83
158 83
159 83
160 83
161 82
162 82
163 82
164 82
165 82
166 82
167 82
168 82
169 82
170 81
171 81
172 80
173 80
174 79
175 79
176 78
177 77
178 76
179 76
180 75
181 74
182 74
183 73
184 72
185 72
186 71
187 71
188 71
189 70
190 70
191 70
192 69
193 69
194 69
195 69
196 69
197 69
198 69
199 69
200 69
201 69
202 69
203 69
204 68
205 68
206 68
207 68
208 68
209 68
210 68
211 67
212 67
213 67
214 66
215 66
216 65
217 65
218 64
219 64
220 63
221 62
222 62
