45 17
46 18
47 19
48 20
49 21
49 22
50 23
51 24
52 25
53 26
54 27
54 28
55 29
56 30
57 31
58 32
59 33
59 34
60 35
61 36
62 37
63 38
64 39
64 40
65 41
66 42
67 43
68 44
69 45
69 46
70 47
71 48
72 49
73 50
74 51
74 52
75 53
76 54
77 55
78 56
79 57
80 58
80 59
81 60
82 61
83 62
84 63
85 64
85 65
86 66
87 67
88 68
89 69
90 70
91 71
91 72
92 73
93 74
94 75
95 76
96 77
97 78
98 79
98 80
99 81
100 82
101 83
102 84
103 85
104 86
105 87
106 88
106 89
107 90
108 91
109 92
110 93
111 94
112 95
113 96
114 97
115 98
116 99
116 100
117 101
118 102
119 103
120 104
121 105
122 106
123 107
124 108
125 109
126 110
127 111
128 112
129 113
130 114
131 115
132 116
133 117
134 118
135 119
136 120
137 121
138 122
139 123
140 123
141 124
142 125
143 126
144 127
145 128
146 129
147 129
148 130
149 131
150 132
151 133
152 133
153 134
154 135
155 136
156 136
157 137
158 138
159 139
160 139
161 140
162 141
163 141
164 142
165 143
166 143
167 144
168 144
169 145
170 146
171 146
172 147
173 147
174 148
175 148
176 149
177 149
178 150
179 151
180 151
181 152
182 152
183 153
184 153
185 154
186 154
187 155
188 156
189 156
190 157
191 158
192 158
193 159
194 160
195 160
196 161
197 162
198 162
199 163
200 163
201 163
202 163
203 163
204 163
205 163
206 162
207 162
208 162
209 161
210 161
211 160
212 160
213 159
214 159
215 158
216 158
217 157
218 157
219 156
220 156
221 156
222 155
223 155
224 155
225 155
226 155
227 155
228 154
229 154
230 154
231 155
232 155
233 155
234 155
235 155
236 155
237 155
238 156
239 156
240 156
241 157
242 157
243 158
244 158
245 158
246 159
247 159
248 160
249 160
250 161
251 161
252 162
253 163
254 163
255 164
256 164
257 165
258 165
259 166
260 167
261 167
262 168
263 168
264 169
