14 21
15 22
16 23
17 24
17 25
18 26
19 27
19 28
20 29
21 30
21 31
22 32
23 33
23 34
24 35
24 36
25 37
25 38
26 39
27 40
27 41
28 42
28 43
29 44
29 45
30 46
30 47
30 48
31 49
31 50
32 51
32 52
32 53
33 54
33 55
34 56
34 57
34 58
35 59
35 60
36 61
36 62
36 63
37 64
37 65
37 66
38 67
38 68
38 69
39 70
39 71
39 72
40 73
40 74
40 75
40 76
41 77
41 78
41 79
42 80
42 81
42 82
43 83
43 84
43 85
44 86
44 87
44 88
45 89
45 90
45 91
46 92
46 93
46 94
46 95
47 96
47 97
47 98
48 99
48 100
48 101
49 102
49 103
49 104
50 105
50 106
50 107
51 108
51 109
51 110
51 111
52 112
52 113
53 114
53 115
53 116
54 117
54 118
54 119
55 120
55 121
55 122
56 123
56 124
56 125
57 126
57 127
58 128
58 129
58 130
59 131
59 132
60 133
60 134
60 135
61 136
61 137
62 138
62 139
63 140
63 141
64 142
64 143
65 144
65 145
66 146
66 147
67 148
67 149
68 150
69 151
69 152
70 153
71 154
71 155
72 156
73 157
74 158
74 159
75 160
76 161
77 162
78 163
79 164
80 165
81 166
82 167
83 168
84 169
85 170
86 170
87 171
88 172
89 172
90 173
91 173
92 174
93 174
94 175
95 175
96 176
97 176
98 176
99 177
100 177
101 177
102 177
103 177
104 178
105 178
106 178
107 178
108 178
109 178
110 178
111 177
112 177
113 177
114 177
115 177
116 177
117 176
118 176
119 176
120 176
121 175
122 175
123 175
124 174
125 174
126 174
127 173
128 173
129 172
130 172
131 171
132 171
133 171
134 170
135 170
136 169
137 169
138 168
139 168
140 167
141 166
142 166
143 165
144 165
145 164
146 164
147 163
148 163
149 162
150 162
151 161
152 161
153 161
154 160
155 160
156 160
157 159
158 159
159 159
160 159
161 159
162 159
163 159
164 159
165 159
166 159
167 160
168 160
169 160
170 161
171 161
172 162
173 162
174 163
175 164
176 164
177 165
178 166
179 166
180 167
181 168
182 169
183 169
184 170
185 171
186 172
187 172
188 173
189 174
190 175
191 175
192 176
193 177
194 178
195 178
196 179
197 180
198 181
199 181
200 182
201 183
202 183
203 184
204 185
205 186
206 186
207 187
208 188
209 189
210 189
211 190
212 191
213 192
214 192
215 193
216 194
217 194
218 195
219 196
220 197
221 197
222 198
223 199
224 199
225 200
226 201
227 202
228 202
229 203
230 204
231 204
232 205
233 206
234 206
235 207
236 208
237 208
238 209
239 210
240 210
241 211
242 212
243 212
244 213
245 214
246 214
247 215
248 215
249 216
250 216
251 217
252 218
253 218
254 219
255 219
256 220
257 220
258 221
259 221
260 222
261 222
262 223
263 223
264 223
265 224
266 224
267 225
268 225
269 225
270 226
271 226
272 226
273 227
274 227
275 227
276 228
277 228
278 228
279 228
280 229
281 229
282 229
283 229
284 230
285 230
286 230
287 230
288 230
289 230
290 230
291 230
292 231
293 231
294 231
295 231
296 231
297 231
298 231
299 231
300 231
301 231
302 230
303 230
304 230
305 230
306 230
307 230
308 230
309 229
310 229
311 229
312 229
313 229
314 228
315 228
316 228
317 228
318 227
319 227
320 227
321 227
322 226
323 226
324 226
325 225
326 225
327 225
328 224
329 224
330 224
331 223
332 223
333 223
334 222
335 222
336 222
337 221
338 221
339 221
340 220
341 220
342 220
343 219
344 219
345 219
346 218
347 218
348 218
349 218
350 217
351 217
352 217
353 216
354 216
355 216
356 216
357 215
358 215
359 215
360 215
361 214
362 214
363 214
364 214
365 214
366 213
367 213
368 213
369 213
370 213
371 212
372 212
373 212
374 212
375 212
376 212
377 211
378 211
379 211
380 211
381 211
382 211
383 210
384 210
385 210
386 210
387 210
388 210
389 209
390 209
391 209
392 209
393 209
394 209
395 208
396 208
397 208
398 208
399 208
400 207
401 207
402 207
403 207
404 207
405 206
406 206
407 206
408 206
409 205
410 205
411 205
412 205
413 204
414 204
415 204
416 204
417 203
418 203
419 203
420 202
421 202
422 202
423 201
424 201
425 200
426 200
427 200
428 199
429 199
430 198
431 198
432 197
433 197
434 196
435 195
436 195
437 194
438 194
439 193
440 192
441 191
442 191
443 190
444 189
445 188
446 187
447 186
448 185
449 184
450 183
451 182
452 181
453 180
454 179
455 178
456 177
457 176
457 175
458 174
459 173
460 172
461 171
462 170
462 169
463 168
464 167
465 166
466 165
466 164
467 163
468 162
469 161
470 160
471 159
471 158
472 157
473 156
474 155
475 154
476 153
477 152
478 151
479 150
480 149
481 148
482 147
483 146
484 145
485 144
486 143
487 142
488 141
489 140
490 139
491 139
492 138
493 137
494 136
495 136
496 135
497 134
498 133
499 133
500 132
501 132
502 131
503 130
504 130
505 129
506 129
507 128
508 128
509 127
510 127
511 126
512 126
513 126
514 125
515 125
516 125
517 124
518 124
519 123
520 123
521 123
522 123
523 122
524 122
525 122
526 121
527 121
528 121
529 121
530 121
531 120
532 120
533 120
534 120
535 120
536 119
537 119
538 119
539 119
540 119
541 119
542 118
543 118
544 118
545 118
546 118
547 118
548 118
549 117
550 117
551 117
552 117
553 117
554 117
555 117
556 117
557 117
558 117
559 116
560 116
561 116
562 116
563 116
564 116
565 116
566 116
567 116
568 116
569 116
570 116
571 116
572 116
573 115
574 115
575 115
576 115
577 115
578 115
579 115
580 115
581 115
582 115
583 115
584 115
585 115
586 115
587 115
588 114
589 114
590 114
591 114
592 114
593 114
594 114
595 114
596 114
597 114
598 113
599 113
600 113
601 113
602 113
603 113
604 113
605 112
606 112
607 112
608 112
609 112
610 111
611 111
612 111
613 111
614 111
615 110
616 110
617 110
618 110
619 110
620 109
621 109
622 109
623 109
624 109
625 109
626 109
627 109
628 109
629 109
630 109
631 109
632 109
633 109
634 109
635 110
636 110
637 110
638 110
639 111
640 111
641 111
642 112
643 112
644 113
645 113
646 114
647 114
648 115
649 115
650 116
651 116
652 117
653 117
654 118
655 118
656 119
657 119
658 120
659 121
660 121
661 122
662 122
663 123
664 123
665 124
666 124
667 125
668 125
669 126
670 126
671 127
672 127
673 128
674 128
675 129
676 129
677 129
678 130
679 130
680 130
681 131
682 131
683 131
684 131
685 131
686 132
687 132
688 132
689 132
690 132
691 132
692 132
693 132
694 131
695 131
696 131
697 131
698 131
699 130
700 130
701 130
702 129
703 129
704 129
705 129
706 128
707 128
708 128
709 127
710 127
711 127
712 126
713 126
714 126
715 126
716 125
717 125
718 125
719 125
720 125
721 125
722 125
723 125
724 125
725 125
726 125
727 125
728 125
729 125
730 125
731 125
732 125
733 125
734 125
735 125
736 126
737 126
738 126
739 126
740 127
741 127
742 127
743 128
744 128
745 129
746 129
747 130
748 130
749 131
750 131
751 132
752 132
753 133
754 134
755 134
756 135
757 136
758 137
759 137
760 138
761 139
762 140
763 141
764 142
765 143
766 144
767 145
768 146
769 147
770 148
771 149
772 150
773 151
774 152
775 153
776 154
777 155
778 156
779 157
780 158
781 159
781 160
782 161
783 162
784 163
785 164
786 165
787 166
788 167
789 168
790 169
791 170
792 171
793 172
794 173
795 174
796 175
797 176
798 177
799 178
800 178
801 179
802 180
803 181
804 182
805 182
806 183
807 184
808 184
809 185
810 185
811 186
812 186
813 187
814 187
815 188
816 188
817 188
818 189
819 189
820 189
821 189
822 189
823 189
824 189
825 189
826 189
827 189
828 188
829 188
830 188
831 187
832 187
833 187
834 186
835 186
836 185
837 184
838 184
839 183
840 183
841 182
842 181
843 180
844 180
845 179
846 178
847 177
848 176
849 176
850 175
851 174
852 173
853 172
854 171
855 170
856 169
857 168
858 167
859 167
860 166
861 165
