27 39
28 40
29 41
30 42
31 43
32 43
33 44
34 45
35 46
36 47
37 48
38 49
39 50
40 51
40 52
41 53
42 54
43 55
44 56
45 57
46 58
47 59
47 60
48 61
49 62
50 63
51 64
51 65
52 66
53 67
54 68
54 69
55 70
56 71
56 72
57 73
58 74
58 75
59 76
60 77
60 78
61 79
62 80
62 81
63 82
63 83
64 84
65 85
65 86
66 87
66 88
67 89
67 90
68 91
68 92
69 93
69 94
70 95
70 96
71 97
71 98
72 99
72 100
73 101
73 102
73 103
74 104
74 105
75 106
75 107
76 108
76 109
76 110
77 111
77 112
78 113
78 114
79 115
79 116
79 117
80 118
80 119
81 120
81 121
81 122
82 123
82 124
82 125
83 126
83 127
84 128
84 129
84 130
85 131
85 132
86 133
86 134
86 135
87 136
87 137
88 138
88 139
89 140
89 141
89 142
90 143
90 144
91 145
91 146
92 147
92 148
93 149
93 150
94 151
94 152
95 153
95 154
96 155
96 156
97 157
98 158
99 159
100 160
101 161
102 162
103 163
104 163
105 163
106 163
107 163
108 163
109 163
110 162
111 162
112 161
113 161
114 160
115 159
116 159
117 158
118 157
119 156
120 155
121 154
122 153
123 152
124 151
125 150
126 149
126 148
127 147
128 146
129 145
130 144
131 143
131 142
132 141
133 140
134 139
134 138
135 137
136 136
137 135
137 134
138 133
139 132
140 131
140 130
141 129
142 128
143 127
143 126
144 125
145 124
146 123
146 122
147 121
148 120
149 119
150 118
151 117
152 116
153 115
154 114
155 113
156 113
157 112
158 112
159 112
160 112
161 112
162 112
163 112
164 112
165 112
166 112
167 112
168 112
169 111
170 111
171 111
172 111
173 111
174 110
175 110
176 110
177 109
178 109
179 109
180 109
181 108
182 108
183 108
184 107
185 107
186 107
187 107
188 106
189 106
190 106
191 106
192 105
193 105
194 105
195 105
196 105
197 105
198 104
199 104
200 104
201 104
202 104
203 104
204 104
205 104
206 104
207 104
208 104
209 104
210 104
211 104
212 104
213 104
214 104
215 104
216 104
217 104
218 104
219 104
220 104
221 104
222 104
223 104
224 104
225 104
226 105
227 105
228 105
229 105
230 105
231 105
232 106
233 106
234 106
235 106
236 107
237 107
238 107
239 107
240 108
241 108
242 108
243 109
244 109
245 109
246 110
247 110
248 110
249 111
250 111
251 112
252 112
253 112
254 113
255 113
256 114
257 115
258 115
259 116
260 116
261 117
262 117
263 118
264 118
265 119
266 120
267 120
268 121
269 121
270 122
271 122
272 123
273 123
274 123
275 124
276 124
277 125
278 125
279 125
280 125
281 125
282 125
283 125
284 126
285 126
286 126
287 126
288 126
289 125
290 125
291 125
292 125
293 125
294 125
295 125
296 125
297 126
298 126
299 126
300 126
301 126
302 126
303 126
304 127
305 127
306 127
307 127
308 127
309 128
310 128
311 128
312 128
313 128
314 129
315 129
316 129
317 129
318 129
319 129
320 129
321 129
322 128
323 128
324 128
325 128
326 128
327 127
328 127
329 127
330 126
331 126
332 126
333 125
334 125
335 124
336 124
337 124
338 123
339 123
340 122
341 122
342 121
343 121
344 121
345 120
346 120
347 120
348 119
349 119
350 119
351 118
352 118
353 118
354 118
355 117
356 117
357 117
358 117
359 117
360 117
361 117
362 117
363 117
364 117
365 117
366 117
367 117
368 117
369 117
370 117
371 117
372 117
373 117
374 118
375 118
376 118
377 118
378 118
379 118
380 119
381 119
382 119
383 119
384 120
385 120
386 120
387 120
388 121
389 121
390 121
391 121
392 122
393 122
394 122
395 122
396 123
397 123
398 123
399 123
400 124
401 124
402 124
403 124
404 125
405 125
406 125
407 125
408 125
409 125
410 125
411 125
412 125
413 125
414 125
415 125
416 125
417 125
418 124
419 124
420 124
421 124
422 123
423 123
424 123
425 123
426 122
427 122
428 122
429 121
430 121
431 121
432 120
433 120
434 120
435 119
436 119
437 119
438 118
439 118
440 118
441 118
442 118
443 117
444 117
445 117
446 117
447 117
448 117
449 117
450 117
451 118
452 118
453 118
454 119
455 119
456 120
457 120
458 121
459 122
460 122
461 123
462 124
463 125
464 126
465 127
466 128
467 129
468 130
469 131
470 132
471 133
472 134
473 135
474 135
475 136
476 137
477 138
478 138
479 139
480 139
481 140
482 141
483 141
484 141
485 142
486 142
487 143
488 143
489 143
490 144
491 144
492 144
493 145
494 145
495 145
496 145
497 146
498 146
499 146
500 146
501 146
502 147
503 147
504 147
505 147
506 147
507 147
508 147
509 147
510 148
511 148
512 148
513 148
514 148
515 148
516 149
517 149
518 149
519 149
520 150
521 150
522 151
523 151
524 151
525 152
526 153
527 153
528 154
529 154
530 155
531 156
532 157
533 157
534 158
535 159
536 160
537 161
538 162
539 162
540 163
541 164
542 165
543 166
544 167
545 168
546 169
547 170
548 171
549 171
550 172
551 173
552 174
553 175
554 176
555 177
556 178
557 179
558 179
559 180
560 181
561 182
562 183
563 184
564 185
565 185
566 186
567 187
568 188
569 189
570 190
571 191
572 191
573 192
574 193
575 194
576 195
577 196
