48 108
49 108
50 109
51 110
52 111
53 112
54 113
55 114
56 115
57 116
58 117
59 118
60 119
61 119
62 120
63 121
64 122
65 123
66 124
67 125
68 126
69 127
70 128
71 128
72 129
73 130
74 131
75 132
76 133
77 133
78 134
79 135
80 136
81 136
82 137
83 138
84 139
85 139
86 140
87 141
88 141
89 142
90 143
91 143
92 144
93 144
94 145
95 145
96 146
97 146
98 147
99 147
100 148
101 148
102 149
103 149
104 149
105 150
106 150
107 150
108 151
109 151
110 151
111 152
112 152
113 152
114 153
115 153
116 153
117 154
118 154
119 154
120 154
121 155
122 155
123 155
124 156
125 156
126 156
127 157
128 157
129 157
130 158
131 158
132 158
133 159
134 159
135 160
136 160
137 161
138 161
139 162
140 162
141 163
142 163
143 164
144 164
145 165
146 165
147 166
148 166
149 167
150 167
151 168
152 169
153 169
154 170
155 170
156 171
157 171
158 172
159 172
160 173
161 173
162 173
163 174
164 174
165 175
166 175
167 175
168 176
169 176
170 176
171 176
172 177
173 177
174 177
175 177
176 177
177 177
178 177
179 177
180 177
181 177
182 177
183 177
184 177
185 177
186 177
187 177
188 177
189 176
190 176
191 176
192 176
193 175
194 175
195 175
196 174
197 174
198 174
199 173
200 173
201 172
202 172
203 171
204 170
205 170
206 169
207 168
208 168
209 167
210 166
211 165
212 165
213 164
214 163
215 162
216 161
217 160
218 159
219 158
220 157
221 156
222 155
223 154
224 153
225 152
226 151
227 150
228 149
229 148
230 147
231 146
232 145
233 144
234 143
235 143
236 142
237 142
238 141
239 141
240 141
241 140
242 140
243 140
244 140
245 141
246 141
247 142
248 142
249 143
250 144
250 145
251 146
252 147
252 148
253 149
254 150
254 151
255 152
255 153
256 154
256 155
257 156
257 157
258 158
259 159
259 160
260 161
260 162
261 163
261 164
262 165
262 166
263 167
263 168
264 169
265 170
265 171
266 172
267 173
267 174
268 175
269 176
270 177
271 178
272 179
273 180
274 181
275 182
276 182
277 183
278 183
279 183
280 183
281 183
282 183
283 183
284 182
285 182
286 181
287 181
288 180
289 179
290 178
291 178
292 177
293 176
294 175
295 174
296 174
297 173
298 172
299 171
300 170
301 170
302 169
303 169
304 168
305 168
306 168
307 167
308 167
309 167
310 167
311 167
312 167
313 167
314 168
315 168
316 168
317 169
318 169
319 170
320 171
321 171
322 172
323 173
324 174
325 174
326 175
327 176
328 177
329 177
330 178
331 178
332 179
333 179
334 179
335 179
336 179
337 178
338 178
339 177
340 177
341 176
342 175
343 174
344 174
345 173
346 172
347 171
348 170
349 169
350 168
351 167
352 166
353 165
354 164
355 163
356 162
357 161
358 160
359 159
360 158
361 157
362 156
363 155
364 154
365 153
366 152
367 151
368 150
369 149
370 148
371 148
372 147
373 146
374 145
375 144
376 143
377 142
378 141
379 140
380 140
381 139
382 138
383 137
384 136
385 135
386 135
387 134
388 133
389 132
390 131
391 131
392 130
393 129
394 128
395 128
396 127
397 126
398 125
399 125
400 124
401 123
402 123
403 122
404 121
405 121
406 120
407 120
408 119
409 118
410 118
411 117
412 117
413 116
414 116
415 115
416 114
417 114
418 113
419 113
420 112
421 112
422 111
423 111
424 110
425 110
426 109
427 109
428 108
429 108
430 108
431 107
432 107
433 106
434 106
435 105
436 105
437 105
438 104
439 104
440 103
441 103
442 103
443 102
444 102
445 101
446 101
447 101
448 100
449 100
450 100
451 99
452 99
453 99
454 99
455 98
456 98
457 98
458 98
459 97
460 97
461 97
462 97
463 97
464 96
465 96
466 96
467 96
468 96
469 96
470 96
471 95
472 95
473 95
474 95
475 95
476 95
477 95
478 95
479 95
480 95
481 95
482 95
483 95
484 95
485 95
486 96
487 96
488 96
489 96
490 96
491 96
492 96
493 96
494 97
495 97
496 97
497 97
498 97
499 97
500 98
501 98
502 98
503 98
504 98
505 99
506 99
507 99
508 99
509 100
510 100
511 100
512 100
513 101
514 101
515 101
516 101
517 102
518 102
519 102
520 102
521 103
522 103
