26 30
27 30
28 30
29 30
30 30
31 30
32 31
33 31
34 31
35 31
36 31
37 32
38 32
39 32
40 32
41 32
42 33
43 33
44 33
45 33
46 34
47 34
48 34
49 34
50 34
51 35
52 35
53 35
54 35
55 35
56 36
57 36
58 36
59 36
60 37
61 37
62 37
63 37
64 38
65 38
66 38
67 38
68 38
69 39
70 39
71 39
72 40
73 40
74 40
75 40
76 41
77 41
78 41
79 42
80 42
81 42
82 43
83 43
84 43
85 44
86 44
87 44
88 45
89 45
90 46
91 46
92 46
93 47
94 47
95 48
96 48
97 49
98 49
99 49
100 50
101 50
102 51
103 51
104 52
105 52
106 52
107 53
108 53
109 54
110 54
111 54
112 55
113 55
114 55
115 56
116 56
117 56
118 57
119 57
120 57
121 57
122 58
123 58
124 58
125 58
126 59
127 59
128 59
129 59
130 59
131 60
132 60
133 60
134 60
135 60
136 60
137 61
138 61
139 61
140 61
141 61
142 61
143 61
144 62
145 62
146 62
147 62
148 62
149 62
150 62
151 63
152 63
153 63
154 63
155 63
156 63
157 64
158 64
159 64
160 64
161 64
162 65
163 65
164 65
165 65
166 65
167 66
168 66
169 66
170 66
171 67
172 67
173 67
174 67
175 68
176 68
177 68
178 68
179 69
180 69
181 69
182 69
183 70
184 70
185 70
186 70
187 71
188 71
189 71
190 71
191 72
192 72
193 72
194 72
195 73
196 73
197 73
198 73
199 74
200 74
201 74
202 74
203 75
204 75
205 75
206 75
207 76
208 76
209 76
210 76
211 77
212 77
213 77
214 78
215 78
216 78
217 78
218 79
219 79
220 79
221 80
222 80
223 80
224 80
225 81
226 81
227 81
228 82
229 82
230 83
231 83
232 83
233 84
234 84
235 84
236 85
237 85
238 86
239 86
240 86
241 87
242 87
243 88
244 88
245 89
246 89
247 89
248 90
249 90
250 91
251 91
252 92
253 92
254 93
255 94
256 94
257 95
258 95
259 96
260 96
261 97
262 98
263 98
264 99
265 99
266 100
267 100
268 101
269 102
270 102
271 103
272 104
273 104
274 105
275 105
276 106
277 107
278 107
279 108
280 108
281 109
282 110
283 110
284 111
285 111
286 112
287 112
288 113
289 113
290 114
291 114
292 115
293 115
294 115
295 116
296 116
297 116
298 117
299 117
300 117
301 117
302 118
303 118
304 118
305 118
306 118
307 118
308 118
309 118
310 118
311 118
312 118
313 118
314 118
315 118
316 118
317 118
318 117
319 117
320 117
321 117
322 117
323 117
324 116
325 116
326 116
327 116
328 116
329 115
330 115
331 115
332 115
333 114
334 114
335 114
336 113
337 113
338 113
339 113
340 112
341 112
342 112
343 111
344 111
345 111
346 110
347 110
348 110
349 109
350 109
351 109
352 108
353 108
354 107
355 107
356 107
357 106
358 106
359 105
360 105
361 105
362 104
363 104
364 103
365 103
366 103
367 102
368 102
369 101
370 101
371 100
372 100
373 99
374 99
375 98
376 98
377 97
378 97
379 96
380 96
381 95
382 95
383 94
384 93
385 93
386 92
387 92
388 91
389 91
390 90
391 89
392 89
393 88
394 88
395 87
396 86
397 86
398 85
399 85
400 84
401 83
402 83
403 82
404 82
405 81
406 80
407 80
408 79
409 78
410 78
411 77
412 76
413 76
414 75
415 74
416 74
417 73
418 72
419 72
420 71
421 70
422 70
423 69
424 68
425 67
426 67
427 66
428 65
429 64
430 64
431 63
432 62
433 61
434 60
435 60
436 59
437 58
438 57
439 56
440 55
441 55
442 54
443 53
444 52
445 52
