14 10
15 10
16 11
16 12
17 13
18 14
19 15
20 16
21 17
22 18
23 19
23 20
24 21
25 22
26 23
26 24
27 25
28 26
28 27
29 28
30 29
30 30
31 31
32 32
32 33
33 34
34 35
34 36
35 37
35 38
36 39
36 40
37 41
37 42
38 43
38 44
39 45
39 46
40 47
40 48
41 49
41 50
42 51
42 52
43 53
44 54
44 55
45 56
46 57
46 58
47 59
48 60
49 61
50 62
51 63
52 64
53 65
54 66
55 67
56 67
57 68
58 68
59 68
60 69
61 69
62 69
63 69
64 70
65 70
66 70
67 70
68 70
69 70
70 71
71 71
72 71
73 71
74 71
75 71
76 72
77 72
78 72
79 72
80 72
81 72
82 73
83 73
84 73
85 73
86 73
87 73
88 74
89 74
90 74
91 74
92 75
93 75
94 75
95 76
96 76
97 77
98 77
99 78
100 79
101 79
102 80
103 80
104 81
105 81
106 81
107 81
108 82
109 81
110 81
111 81
112 80
113 80
114 79
115 78
116 78
117 77
118 76
119 75
120 75
121 74
122 74
123 74
124 74
125 74
126 74
127 74
128 75
129 75
130 75
131 76
132 76
133 77
134 77
135 78
136 78
137 79
138 79
139 79
140 79
141 79
142 78
143 77
144 76
145 75
146 74
147 73
148 72
149 71
150 70
151 69
151 68
152 67
153 66
154 66
155 65
156 64
157 64
158 64
159 64
160 63
161 63
162 63
163 63
164 63
165 62
166 62
167 62
168 62
169 61
170 61
171 61
172 61
173 60
174 60
175 60
176 60
177 60
178 60
179 60
180 60
181 60
182 60
183 60
184 60
185 60
186 60
187 61
188 61
189 62
190 62
191 63
192 63
193 64
194 65
195 66
196 67
197 68
198 69
199 70
200 71
201 72
202 73
203 74
204 74
205 75
206 76
207 77
208 77
