25 53
26 53
27 53
28 53
29 54
30 54
31 54
32 55
33 55
34 55
35 56
36 56
37 57
38 57
39 58
40 58
41 59
42 59
43 60
44 61
45 61
46 62
47 63
48 64
49 65
50 65
51 66
52 67
53 68
54 69
55 70
56 71
57 72
58 73
58 74
59 75
60 76
61 77
62 78
63 79
64 80
65 81
66 82
67 83
68 84
69 85
70 85
71 86
72 87
73 88
74 89
75 90
76 90
77 91
78 92
79 92
80 93
81 93
82 94
83 94
84 94
85 95
86 95
87 95
88 95
89 95
90 94
91 94
92 94
93 93
94 93
95 92
96 92
97 91
98 91
99 90
100 90
101 90
102 89
103 89
104 89
105 90
106 90
107 90
108 91
109 92
110 93
111 94
111 95
112 96
113 97
113 98
114 99
115 100
115 101
116 102
116 103
117 104
118 105
118 106
119 107
119 108
120 109
121 110
121 111
122 112
123 113
124 114
124 115
125 116
126 117
127 118
128 119
129 120
130 121
131 121
132 122
133 123
134 123
135 124
136 124
137 125
138 125
139 125
140 126
141 126
142 126
143 126
144 126
145 126
146 126
147 126
148 126
149 126
150 126
151 126
152 126
153 126
154 126
155 126
156 125
157 125
158 125
159 125
160 125
161 124
162 124
163 124
164 124
165 123
166 123
167 123
168 122
169 122
170 121
171 121
172 121
173 120
174 120
175 119
176 119
177 118
178 118
179 117
180 117
181 116
182 116
183 115
184 115
185 114
186 114
187 113
188 113
189 112
190 112
191 111
192 111
193 110
194 110
195 109
196 109
197 108
198 108
199 107
200 107
201 106
202 106
203 105
204 105
205 104
206 104
207 103
208 103
209 102
210 102
211 101
212 101
213 100
214 100
215 99
216 99
217 98
218 98
219 97
220 97
221 96
222 96
223 95
224 95
225 94
226 94
227 93
228 93
229 93
230 92
231 92
232 91
233 91
234 90
235 90
236 90
237 89
238 89
239 89
240 89
241 89
242 88
243 88
244 88
245 88
246 88
247 88
248 88
249 88
250 89
251 89
252 89
253 89
254 90
255 90
256 90
257 91
258 91
259 92
260 92
261 93
262 93
263 94
264 95
265 96
266 96
267 97
268 98
269 99
270 100
271 101
272 102
273 103
273 104
274 105
275 106
276 107
277 108
277 109
278 110
279 111
280 112
280 113
281 114
282 115
283 116
284 117
285 118
286 118
287 119
288 119
289 119
290 119
291 118
292 117
293 116
294 116
295 115
296 114
297 113
298 112
299 112
300 111
301 110
302 110
303 110
304 109
305 109
306 109
307 109
308 109
309 108
310 108
311 108
312 108
313 108
314 108
315 107
316 107
317 107
318 107
319 106
320 106
321 106
322 106
323 105
324 105
325 105
326 105
327 105
328 104
329 104
330 104
331 104
332 104
333 104
334 104
335 104
336 104
337 104
338 104
339 105
340 105
341 105
342 105
343 105
344 106
345 106
346 106
347 106
348 106
349 107
350 107
351 107
352 107
353 107
354 107
355 107
356 107
357 106
358 106
359 106
360 106
361 105
362 105
363 104
364 104
365 103
366 102
367 101
368 101
369 100
370 99
371 98
371 97
372 96
373 95
374 94
375 93
375 92
376 91
377 90
377 89
378 88
379 87
379 86
380 85
381 84
382 83
382 82
383 81
384 80
385 79
385 78
386 77
387 76
388 75
389 74
390 74
391 73
392 72
393 72
394 71
395 71
396 71
397 71
398 70
399 70
400 70
401 70
402 70
403 71
404 71
405 71
406 71
407 71
408 71
409 72
410 72
411 72
412 72
413 73
