17 62
18 62
19 63
20 64
21 64
22 65
23 66
24 66
25 67
26 68
27 69
28 69
29 70
30 71
31 72
32 73
33 74
34 75
35 76
36 77
37 78
37 79
38 80
39 81
39 82
40 83
41 84
41 85
42 86
42 87
43 88
44 89
44 90
45 91
45 92
46 93
46 94
47 95
47 96
47 97
48 98
48 99
49 100
49 101
50 102
50 103
50 104
51 105
51 106
52 107
52 108
53 109
53 110
53 111
54 112
54 113
55 114
55 115
55 116
56 117
56 118
57 119
57 120
57 121
58 122
58 123
59 124
59 125
60 126
60 127
60 128
61 129
61 130
62 131
62 132
63 133
64 134
64 135
65 136
65 137
66 138
67 139
68 140
69 141
70 142
71 143
72 144
73 144
74 145
75 145
76 145
77 146
78 146
79 146
80 146
81 146
82 146
83 146
84 146
85 146
86 146
87 145
88 145
89 145
90 145
91 145
92 145
93 145
94 145
95 145
96 145
97 145
98 145
99 144
100 144
101 144
102 144
103 144
104 145
105 145
106 145
107 145
108 145
109 145
110 145
111 145
112 145
113 145
114 145
115 146
116 146
117 146
118 146
119 146
120 146
121 147
122 147
123 147
124 147
125 148
126 148
127 148
128 148
129 149
130 149
131 149
132 149
133 150
134 150
135 150
136 150
137 151
138 151
139 151
140 151
141 151
142 152
143 152
144 152
145 152
146 152
147 152
148 152
149 152
150 153
151 153
152 153
153 153
154 153
155 153
156 152
157 152
158 152
159 152
160 152
161 152
162 152
163 152
164 151
165 151
166 151
167 151
168 150
169 150
170 150
171 149
172 149
173 149
174 148
175 148
176 147
177 147
178 146
179 146
180 145
181 145
182 144
183 144
184 143
185 142
186 142
187 141
188 140
189 139
190 139
191 138
192 137
193 136
194 135
195 134
196 133
197 133
198 132
199 131
200 130
201 129
202 128
203 127
204 126
205 125
206 124
207 123
208 122
209 121
210 120
211 119
212 118
213 117
214 116
215 115
216 114
217 113
218 112
219 111
220 110
221 110
222 109
223 108
224 107
225 106
226 105
227 104
228 104
229 103
230 102
231 101
232 101
233 100
234 99
235 98
236 98
237 97
238 96
239 96
240 95
241 95
242 94
243 93
244 93
245 92
246 92
247 91
248 91
249 91
250 90
251 90
252 89
253 89
254 89
255 88
256 88
257 88
258 87
259 87
260 87
261 87
262 87
263 86
264 86
265 86
266 86
267 86
268 86
269 86
270 86
271 86
272 86
273 86
274 86
275 86
276 86
277 87
278 87
279 87
280 87
281 87
282 87
283 87
284 87
285 87
286 87
287 87
288 87
289 87
290 87
291 87
292 86
293 86
294 86
295 86
296 85
297 85
298 85
299 85
300 85
301 85
302 85
303 85
304 85
305 85
306 85
307 85
308 85
309 85
310 86
311 86
312 86
313 87
314 87
315 88
316 88
317 89
318 90
319 90
320 91
321 91
322 92
323 93
324 93
325 94
326 95
327 95
328 96
329 97
330 97
331 98
332 99
333 99
334 100
335 101
336 101
337 102
338 102
339 103
340 103
341 104
342 104
343 105
344 105
345 106
346 106
347 106
348 107
349 107
350 107
351 107
352 107
353 107
354 107
355 107
356 107
357 107
358 107
359 106
360 106
361 105
362 105
363 104
364 104
365 103
366 102
367 101
368 101
369 100
370 99
371 98
372 97
373 96
374 95
375 94
376 93
377 92
378 91
379 90
380 89
381 88
382 87
383 86
384 86
385 85
386 84
387 83
388 82
389 81
390 80
391 80
392 79
393 78
394 77
395 77
396 76
397 75
398 75
399 74
400 74
401 73
402 72
403 72
404 71
405 71
406 71
407 70
408 70
409 69
410 69
411 69
412 68
413 68
414 68
415 68
416 67
417 67
418 67
419 67
420 67
421 67
422 67
423 67
424 67
425 67
426 67
427 67
428 67
429 67
430 67
431 67
432 68
433 68
434 68
435 69
436 69
437 70
438 70
439 71
440 71
441 72
442 72
443 73
444 74
445 74
446 75
447 76
448 77
449 78
450 79
451 80
452 81
453 82
454 83
455 84
456 85
457 86
458 87
458 88
459 89
460 90
461 91
462 92
463 93
463 94
464 95
465 96
466 97
467 98
467 99
468 100
469 101
470 102
471 103
472 104
473 105
473 106
474 107
475 108
476 109
477 109
478 110
479 111
480 112
481 113
482 114
483 115
484 115
485 116
486 117
487 117
488 118
489 118
490 119
491 119
492 119
493 119
494 120
495 120
496 120
497 120
498 120
499 120
500 119
501 119
502 119
503 119
504 119
505 118
506 118
507 118
508 118
509 118
510 118
511 118
512 118
513 118
514 118
515 119
516 119
517 119
518 119
519 119
520 120
521 120
522 120
523 120
524 120
525 120
526 121
527 121
528 121
529 121
530 121
531 121
532 121
533 122
534 122
535 122
536 122
537 122
538 122
539 122
540 122
541 123
542 123
543 123
544 123
545 123
546 123
547 124
548 124
549 124
550 124
551 124
552 125
553 125
554 125
555 125
556 126
557 126
558 126
559 126
560 127
561 127
562 127
563 127
564 128
565 128
566 128
567 128
568 129
569 129
570 129
571 130
572 130
573 130
574 131
575 131
576 131
577 132
