5 34
6 35
6 36
7 37
7 38
8 39
9 40
9 41
10 42
11 43
11 44
12 45
13 46
14 47
15 48
16 49
17 50
18 51
19 52
20 52
21 53
22 53
23 54
24 54
25 54
26 54
27 55
28 55
29 55
30 55
31 55
32 55
33 55
34 56
35 56
36 56
37 56
38 56
39 56
40 56
41 56
42 57
43 57
44 57
45 57
46 58
47 58
48 58
49 58
50 58
51 58
52 58
53 57
54 56
55 56
56 55
57 54
58 53
59 52
60 51
61 50
62 49
63 48
64 48
65 47
66 47
67 47
68 47
69 47
70 47
71 47
72 47
73 47
74 47
75 48
76 48
77 49
78 49
79 50
80 50
81 51
82 52
83 52
84 53
85 54
86 55
87 55
88 56
89 57
90 58
91 59
92 60
93 60
94 61
95 62
96 62
97 63
98 64
99 64
100 64
101 65
102 65
103 66
104 66
105 67
106 67
107 67
108 67
109 68
110 68
111 68
112 68
113 68
114 68
115 68
116 68
117 68
118 68
119 68
120 68
121 67
122 67
123 67
124 67
125 67
126 67
127 67
128 67
129 67
130 67
131 67
132 67
133 67
134 68
135 68
136 68
137 69
138 69
139 69
140 70
141 70
142 70
143 70
144 70
145 70
146 69
147 69
148 69
149 69
150 69
151 68
152 68
153 68
154 67
155 67
156 67
157 66
158 66
159 66
160 66
161 66
162 66
163 66
164 67
165 67
166 67
167 67
168 68
169 68
170 69
171 69
172 70
173 70
174 70
175 71
176 71
177 72
178 72
179 72
180 72
181 72
182 73
183 73
184 72
185 72
186 72
187 72
188 71
189 71
190 71
191 70
192 69
193 69
194 68
195 68
196 67
197 66
198 66
199 65
200 65
