21 43
21 44
22 45
22 46
22 47
22 48
23 49
23 50
23 51
24 52
24 53
24 54
24 55
25 56
25 57
25 58
25 59
26 60
26 61
26 62
27 63
27 64
27 65
27 66
28 67
28 68
28 69
28 70
29 71
29 72
29 73
30 74
30 75
30 76
31 77
31 78
31 79
31 80
32 81
32 82
32 83
33 84
33 85
33 86
33 87
34 88
34 89
34 90
35 91
35 92
35 93
36 94
36 95
36 96
37 97
37 98
37 99
38 100
38 101
38 102
39 103
39 104
39 105
40 106
40 107
40 108
41 109
41 110
42 111
42 112
42 113
43 114
43 115
44 116
44 117
44 118
45 119
45 120
46 121
46 122
46 123
47 124
47 125
48 126
48 127
49 128
49 129
50 130
50 131
51 132
51 133
52 134
52 135
53 136
53 137
54 138
54 139
55 140
56 141
56 142
57 143
57 144
58 145
59 146
59 147
60 148
61 149
62 150
62 151
63 152
64 153
65 154
66 155
67 156
68 157
69 158
70 159
71 160
72 161
73 162
74 163
75 164
76 165
77 165
78 166
79 167
80 167
81 168
82 169
83 169
84 170
85 170
86 171
87 171
88 172
89 172
90 173
91 173
92 173
93 174
94 174
95 174
96 174
97 175
98 175
99 175
100 175
101 175
102 175
103 175
104 175
105 175
106 175
107 175
108 175
109 175
110 175
111 175
112 175
113 175
114 174
115 174
116 174
117 174
118 174
119 174
120 173
121 173
122 173
123 173
124 172
125 172
126 172
127 171
128 171
129 171
130 170
131 170
132 169
133 169
134 168
135 168
136 168
137 167
138 167
139 166
140 166
141 165
142 165
143 164
144 164
145 163
146 163
147 162
148 162
149 162
150 161
151 161
152 161
153 160
154 160
155 160
156 160
157 160
158 160
159 159
160 159
161 159
162 159
163 159
164 159
165 159
166 159
167 159
168 159
169 159
170 159
171 159
