12 14
13 14
14 14
15 14
16 14
17 14
18 15
19 15
20 15
21 15
22 16
23 16
24 16
25 16
26 16
27 17
28 17
29 17
30 17
31 18
32 18
33 18
34 18
35 19
36 19
37 19
38 19
39 20
40 20
41 21
42 21
43 21
44 22
45 22
46 23
47 23
48 24
49 24
50 24
51 25
52 25
53 25
54 26
55 26
56 26
57 27
58 27
59 27
60 27
61 28
62 28
63 28
64 28
65 28
66 28
67 29
68 29
69 29
70 29
71 29
72 29
73 30
74 30
75 30
76 30
77 30
78 30
79 31
80 31
81 31
82 31
83 32
84 32
85 32
86 32
87 33
88 33
89 33
90 33
91 34
92 34
93 34
94 34
95 35
96 35
97 35
98 35
99 36
100 36
101 36
102 37
103 37
104 37
105 37
106 38
107 38
108 38
109 39
110 39
111 39
112 40
113 40
114 41
115 41
116 41
117 42
118 42
119 43
120 43
121 44
122 44
123 45
124 46
125 46
126 47
127 47
128 48
129 49
130 49
131 50
132 50
133 51
134 52
135 52
136 53
137 53
138 54
139 54
140 55
141 55
142 55
143 55
144 56
145 56
146 56
147 56
148 56
149 56
150 55
151 55
152 55
153 55
154 55
155 55
156 54
157 54
158 54
159 54
160 53
161 53
162 53
163 52
164 52
165 52
166 51
167 51
168 51
169 50
170 50
171 49
172 49
173 49
174 48
175 48
176 47
177 47
178 46
179 46
180 45
181 45
182 44
183 43
184 43
185 42
186 42
187 41
188 41
189 40
190 39
191 39
192 38
193 37
194 37
195 36
196 35
197 35
198 34
199 33
200 33
201 32
202 31
203 30
204 30
205 29
206 28
207 27
208 26
209 26
210 25
211 24
