20 72
21 73
22 73
23 74
24 75
25 75
26 76
27 77
28 78
29 78
30 79
31 80
32 81
33 81
34 82
35 83
36 84
37 85
38 86
39 87
40 88
41 89
42 90
43 91
43 92
44 93
45 94
46 95
46 96
47 97
47 98
48 99
49 100
49 101
50 102
50 103
51 104
51 105
52 106
52 107
53 108
53 109
54 110
54 111
55 112
55 113
56 114
56 115
57 116
57 117
58 118
58 119
58 120
59 121
59 122
60 123
60 124
60 125
61 126
61 127
62 128
62 129
62 130
63 131
63 132
64 133
64 134
64 135
65 136
65 137
66 138
66 139
66 140
67 141
67 142
68 143
68 144
69 145
69 146
69 147
70 148
70 149
71 150
71 151
72 152
72 153
73 154
73 155
74 156
75 157
75 158
76 159
77 160
77 161
78 162
79 163
80 164
81 165
82 166
83 167
84 168
85 168
86 169
87 169
88 170
89 170
90 170
91 170
92 170
93 170
94 170
95 170
96 170
97 170
98 170
99 170
100 170
101 170
102 170
103 170
104 170
105 169
106 169
107 169
108 169
109 169
110 169
111 169
112 169
113 169
114 169
115 169
116 169
117 169
118 169
119 169
120 169
121 169
122 169
123 169
124 169
125 169
126 169
127 169
128 169
129 169
130 169
131 170
132 170
133 170
134 170
135 170
136 170
137 170
138 171
139 171
140 171
141 171
142 171
143 172
144 172
145 172
146 172
147 173
148 173
149 173
150 173
151 174
152 174
153 174
154 174
155 175
156 175
157 175
158 175
159 176
160 176
161 176
162 176
163 176
164 177
165 177
166 177
167 177
168 177
169 177
170 178
171 178
172 178
173 178
174 178
175 178
176 178
177 178
178 178
179 178
180 178
181 178
182 178
183 178
184 178
185 178
186 178
187 178
188 177
189 177
190 177
191 177
192 177
193 176
194 176
195 176
196 176
197 175
198 175
199 175
200 174
201 174
202 174
203 173
204 173
205 172
206 172
207 171
208 171
209 170
210 170
211 169
212 169
213 168
214 167
215 167
216 166
217 165
218 165
219 164
220 163
221 163
222 162
223 161
224 160
225 159
226 158
227 158
228 157
229 156
230 155
231 154
232 153
233 152
234 151
235 150
236 149
237 148
238 147
239 146
240 145
241 144
242 143
243 142
244 141
245 140
246 139
247 138
248 137
249 137
250 136
251 135
252 134
253 133
254 132
255 131
256 130
257 129
258 128
259 127
260 126
261 125
262 125
263 124
264 123
265 122
266 121
267 121
268 120
269 119
270 118
271 117
272 117
273 116
274 115
275 115
276 114
277 113
278 113
279 112
280 111
281 111
282 110
283 110
284 109
285 109
286 108
287 108
288 107
289 107
290 106
291 106
292 105
293 105
294 104
295 104
296 104
297 103
298 103
299 103
300 103
301 102
302 102
303 102
304 102
305 101
306 101
307 101
308 101
309 101
310 101
311 101
312 101
313 101
314 101
315 101
316 101
317 101
318 101
319 101
320 101
321 101
322 101
323 101
324 101
325 101
326 101
327 102
328 102
329 102
330 102
331 102
332 102
333 102
334 102
335 102
336 102
337 102
338 101
339 101
340 101
341 101
342 101
343 100
344 100
345 100
346 100
347 100
348 99
349 99
350 99
351 99
352 99
353 99
354 99
355 99
356 99
357 99
358 99
359 99
360 100
361 100
362 100
363 101
364 101
365 101
366 102
367 102
368 103
369 103
370 104
371 105
372 105
373 106
374 106
375 107
376 108
377 108
378 109
379 110
380 110
381 111
382 112
383 112
384 113
385 114
386 114
387 115
388 116
389 116
390 117
391 118
392 118
393 119
394 119
395 120
396 120
397 121
398 121
399 122
400 122
401 123
402 123
403 124
404 124
405 124
406 124
407 125
408 125
409 125
410 125
411 125
412 125
413 125
414 125
415 125
416 125
417 125
418 125
419 124
420 124
421 123
422 123
423 122
424 122
425 121
426 120
427 120
428 119
429 118
430 117
431 116
432 115
433 115
434 114
435 113
436 112
437 111
438 110
439 109
440 108
441 107
442 106
443 105
444 104
445 103
446 102
447 101
448 100
449 99
450 98
451 98
452 97
453 96
454 95
455 94
456 93
457 93
458 92
459 91
460 90
461 90
462 89
463 88
464 88
465 87
466 87
467 86
468 85
469 85
470 84
471 84
472 83
473 83
474 82
475 82
476 82
477 81
478 81
479 81
480 80
481 80
482 80
483 79
484 79
485 79
486 79
487 79
488 78
489 78
490 78
491 78
492 78
493 78
494 78
495 78
496 78
497 78
498 78
499 78
500 78
501 79
502 79
503 79
504 79
505 79
506 80
507 80
508 80
509 81
510 81
511 82
512 82
513 83
514 83
515 84
516 85
517 85
518 86
519 87
520 88
521 88
522 89
523 90
524 91
525 92
526 93
527 94
528 95
529 96
530 97
531 98
532 99
533 100
533 101
534 102
535 103
536 104
537 105
538 106
538 107
539 108
540 109
541 110
542 111
542 112
543 113
544 114
545 115
546 116
547 117
547 118
548 119
549 120
550 121
551 122
552 123
553 124
554 125
555 126
556 127
557 128
558 129
559 130
560 131
561 132
562 133
563 133
564 134
565 135
566 135
567 136
568 137
569 137
570 138
571 138
572 139
573 139
574 139
575 140
576 140
577 140
578 140
579 140
580 140
581 140
582 140
583 140
584 139
585 139
586 139
587 139
588 138
589 138
590 138
591 138
592 138
593 138
594 138
595 138
596 138
597 138
598 138
599 138
600 138
601 139
602 139
603 139
604 139
605 139
606 139
607 140
608 140
609 140
610 140
611 140
612 141
613 141
614 141
615 141
616 141
617 141
618 141
619 142
620 142
621 142
622 142
623 142
624 142
625 142
626 142
627 143
628 143
629 143
630 143
631 143
632 143
633 143
634 144
635 144
636 144
637 144
638 144
639 144
640 145
641 145
642 145
643 145
644 145
645 146
646 146
647 146
648 146
649 147
650 147
651 147
652 147
653 148
654 148
655 148
656 148
657 149
658 149
659 149
660 150
661 150
662 150
663 150
664 151
665 151
666 151
667 152
668 152
669 152
670 153
671 153
672 153
673 153
674 154
