49 8
50 9
51 10
52 11
53 12
54 13
55 14
56 15
57 16
57 17
58 18
59 19
60 20
61 21
62 22
63 23
63 24
64 25
65 26
66 27
67 28
68 29
69 30
69 31
70 32
71 33
72 34
73 35
73 36
74 37
75 38
76 39
76 40
77 41
78 42
79 43
79 44
80 45
81 46
82 47
82 48
83 49
84 50
84 51
85 52
86 53
86 54
87 55
88 56
88 57
89 58
90 59
90 60
91 61
92 62
92 63
93 64
93 65
94 66
95 67
95 68
96 69
97 70
97 71
98 72
98 73
99 74
100 75
100 76
101 77
102 78
102 79
103 80
103 81
104 82
105 83
105 84
106 85
106 86
107 87
108 88
108 89
109 90
109 91
110 92
111 93
111 94
112 95
113 96
113 97
114 98
114 99
115 100
116 101
116 102
117 103
118 104
118 105
119 106
120 107
120 108
121 109
122 110
122 111
123 112
124 113
124 114
125 115
126 116
126 117
127 118
128 119
129 120
129 121
130 122
131 123
131 124
132 125
133 126
134 127
134 128
135 129
136 130
137 131
138 132
138 133
139 134
140 135
141 136
142 137
143 138
144 139
145 140
146 141
147 142
148 143
149 144
150 145
151 146
152 147
153 147
154 148
155 149
156 150
157 150
158 151
159 151
160 152
161 152
162 152
163 153
164 153
165 153
166 153
167 153
168 153
169 153
170 153
171 152
172 152
173 152
174 151
175 151
176 150
177 150
178 149
179 149
180 148
181 148
182 147
183 146
184 146
185 145
186 144
187 143
188 143
189 142
190 141
191 141
192 140
193 139
194 138
195 138
196 137
197 136
198 135
199 135
200 134
201 133
202 133
203 132
204 131
205 130
206 130
207 129
208 129
209 128
210 127
211 127
212 126
213 126
214 125
215 125
216 124
217 124
218 123
219 123
220 122
221 122
222 122
223 121
224 121
225 120
226 120
227 120
228 119
229 119
230 119
231 119
232 118
233 118
234 118
235 118
236 117
237 117
238 117
239 117
240 117
241 117
242 116
243 116
244 116
245 116
246 116
247 116
248 116
249 116
250 116
251 116
252 116
253 116
254 116
255 116
256 116
257 116
258 116
259 116
260 116
261 117
262 117
263 117
264 117
265 117
266 117
267 117
268 117
269 117
270 117
271 118
272 118
273 118
274 118
275 118
276 118
277 118
278 118
279 118
280 118
281 118
282 118
283 118
284 118
285 118
286 118
287 118
288 118
289 119
290 119
291 119
292 119
293 120
294 120
295 121
296 121
297 122
298 123
299 124
300 125
301 126
302 127
303 128
304 129
304 130
305 131
306 132
306 133
307 134
307 135
308 136
309 137
309 138
310 139
310 140
311 141
311 142
312 143
312 144
312 145
313 146
313 147
314 148
314 149
315 150
315 151
315 152
316 153
316 154
317 155
317 156
317 157
318 158
318 159
319 160
319 161
319 162
320 163
320 164
321 165
321 166
322 167
322 168
322 169
323 170
323 171
324 172
324 173
324 174
325 175
325 176
326 177
326 178
327 179
327 180
328 181
328 182
328 183
329 184
329 185
330 186
330 187
331 188
332 189
332 190
333 191
333 192
334 193
334 194
335 195
336 196
336 197
337 198
338 199
338 200
339 201
340 202
341 203
341 204
342 205
343 206
344 207
345 208
346 209
347 210
348 210
349 211
350 212
351 213
352 213
353 214
354 214
355 215
356 215
357 216
358 216
359 217
360 217
361 218
362 218
363 218
364 219
365 219
366 219
367 220
368 220
369 220
370 221
371 221
372 221
373 222
374 222
375 222
376 222
377 223
378 223
379 223
380 223
381 224
382 224
383 224
384 224
385 225
386 225
387 225
388 225
389 226
390 226
391 226
392 226
393 227
394 227
395 227
396 227
397 228
398 228
399 228
400 228
401 228
402 229
403 229
404 229
405 229
406 230
407 230
408 230
409 230
410 230
411 230
412 231
413 231
414 231
415 231
416 231
417 231
418 231
419 231
420 231
421 231
422 231
423 231
424 231
425 231
426 231
427 231
428 231
429 231
430 230
431 230
432 230
433 230
434 229
435 229
436 229
437 228
438 228
439 227
440 227
441 226
442 226
443 226
444 225
445 225
446 224
447 223
448 223
449 222
450 222
451 221
452 221
453 220
454 219
455 219
456 218
457 217
458 217
459 216
460 216
461 215
462 214
463 214
464 213
465 212
466 212
467 211
468 210
469 210
470 209
471 209
472 208
473 207
474 207
475 206
476 206
477 205
478 204
479 204
480 203
481 203
482 202
483 202
484 201
485 201
486 201
487 200
488 200
489 199
490 199
491 199
492 198
493 198
494 198
495 198
496 197
497 197
498 197
499 197
500 196
501 196
502 196
503 196
504 196
505 196
506 195
507 195
508 195
509 195
510 195
511 195
512 195
513 195
514 195
515 195
516 195
517 195
518 195
519 195
520 195
521 195
522 195
523 195
524 195
525 195
526 195
527 195
528 195
529 195
530 195
531 195
532 195
533 195
534 195
535 195
536 195
537 195
538 195
539 195
540 195
541 195
542 195
543 195
544 195
545 195
546 195
547 195
548 195
549 195
550 195
551 194
552 194
553 194
554 194
555 194
556 193
557 193
558 193
559 192
560 192
561 191
562 191
563 190
564 190
565 189
566 189
567 188
568 187
569 186
570 185
571 184
572 183
573 182
574 181
575 180
576 179
577 178
578 177
579 176
580 175
580 174
581 173
582 172
583 171
584 170
585 169
585 168
586 167
587 166
588 165
589 164
590 163
591 162
592 161
593 161
594 160
595 159
596 158
597 158
598 157
599 157
600 156
601 156
602 156
603 156
604 156
605 156
606 156
607 156
608 156
609 156
610 156
611 157
612 157
613 157
614 158
615 159
616 159
617 160
618 161
619 162
620 163
621 164
622 164
623 165
624 166
625 167
626 168
627 169
628 170
628 171
629 172
630 173
631 174
632 175
633 176
634 177
635 178
636 179
637 180
638 181
639 181
640 182
641 183
642 184
643 185
644 186
645 187
646 188
647 189
648 189
649 190
650 191
651 192
652 193
653 193
654 194
655 195
656 196
657 196
658 197
659 198
660 198
661 199
662 200
663 200
664 201
665 201
666 202
667 203
668 203
669 204
670 204
671 205
672 205
673 206
674 206
675 207
676 207
677 207
678 208
679 208
680 209
681 209
682 209
683 210
684 210
685 210
686 211
687 211
688 211
689 212
690 212
691 212
692 213
693 213
694 213
695 214
696 214
697 214
698 215
699 215
700 215
701 215
702 216
703 216
704 216
705 217
706 217
707 217
708 217
709 218
710 218
711 218
712 219
713 219
714 219
715 220
716 220
717 220
718 221
719 221
720 221
721 222
722 222
723 222
724 223
725 223
726 224
727 224
728 224
729 225
730 225
731 226
732 226
733 227
734 227
735 228
736 228
737 229
738 229
739 230
740 231
