12 13
13 13
14 14
14 15
15 16
15 17
16 18
17 19
17 20
18 21
19 22
19 23
20 24
20 25
21 26
21 27
22 28
22 29
23 30
23 31
24 32
25 33
25 34
26 35
26 36
27 37
27 38
28 39
28 40
29 41
30 42
30 43
31 44
32 45
32 46
33 47
34 48
35 49
36 49
37 50
38 51
39 51
40 52
41 52
42 52
43 52
44 52
45 53
46 53
47 53
48 53
49 53
50 53
51 53
52 53
53 53
54 54
55 54
56 54
57 54
58 55
59 55
60 55
61 56
62 56
63 56
64 57
65 57
66 58
67 58
68 59
69 59
70 60
71 61
72 61
73 62
74 62
75 63
76 64
77 64
78 65
79 66
80 66
81 67
82 67
83 68
84 69
85 69
86 69
87 70
88 70
89 70
90 71
91 71
92 71
93 71
94 71
95 72
96 72
97 72
98 72
99 72
100 72
101 72
102 72
103 72
104 72
105 72
106 72
107 72
108 72
109 72
110 72
111 72
112 72
113 72
114 73
115 73
116 73
117 73
118 73
119 74
120 74
121 74
122 75
123 75
124 76
125 77
126 77
127 78
128 79
129 79
130 80
131 81
132 82
133 83
134 83
135 84
136 85
