11 3
12 4
12 5
13 6
13 7
14 8
14 9
15 10
16 11
16 12
17 13
17 14
18 15
18 16
19 17
20 18
20 19
21 20
22 21
22 22
23 23
24 24
24 25
25 26
26 27
26 28
27 29
28 30
29 31
30 32
30 33
31 34
32 35
33 36
33 37
34 38
35 39
35 40
36 41
37 42
38 43
38 44
39 45
40 46
40 47
41 48
41 49
42 50
43 51
43 52
44 53
44 54
45 55
46 56
46 57
47 58
47 59
48 60
48 61
49 62
49 63
50 64
50 65
51 66
51 67
52 68
52 69
53 70
53 71
54 72
55 73
56 74
56 75
57 76
58 76
59 77
60 78
61 78
62 78
63 77
64 77
65 76
66 76
67 75
68 74
69 73
70 73
71 72
72 71
73 70
74 69
75 68
76 67
77 66
78 65
79 64
80 63
81 62
82 61
83 60
84 59
85 59
86 58
87 57
88 57
89 56
90 55
91 55
92 55
93 54
94 54
95 54
96 53
97 53
98 53
99 53
100 52
101 52
102 52
103 52
104 51
105 51
106 51
107 50
108 50
109 49
110 48
111 48
112 47
113 46
114 46
115 45
116 44
117 43
118 42
119 42
