9 40
10 40
11 40
12 40
13 40
14 40
15 41
16 41
17 41
18 41
19 42
20 42
21 42
22 43
23 43
24 44
25 44
26 45
27 45
28 46
29 47
30 48
31 48
32 49
33 50
34 51
35 52
36 53
36 54
37 55
38 56
39 57
40 58
40 59
41 60
42 61
43 62
43 63
44 64
45 65
45 66
46 67
47 68
47 69
48 70
49 71
49 72
50 73
51 74
51 75
52 76
53 77
54 78
54 79
55 80
56 81
57 82
58 83
58 84
59 85
60 86
61 87
62 88
63 88
64 89
65 90
66 91
67 91
68 92
69 93
70 93
71 94
72 95
73 95
74 96
75 96
76 97
77 97
78 98
79 98
80 98
81 99
82 99
83 100
84 100
85 101
86 101
87 101
88 102
89 102
90 102
91 103
92 103
93 104
94 104
95 104
96 105
97 105
98 105
99 106
100 106
101 107
102 107
103 107
104 108
105 108
106 109
107 109
108 109
109 110
110 110
111 111
112 111
113 111
114 112
115 112
116 113
117 113
118 113
119 114
120 114
121 114
122 115
123 115
124 115
125 116
126 116
127 116
128 116
129 117
130 117
131 117
132 117
133 117
134 118
135 118
136 118
137 118
138 118
139 118
140 118
141 118
142 118
143 118
144 118
145 118
146 117
147 117
148 117
149 117
150 117
151 117
152 117
153 117
154 116
155 116
156 116
157 116
158 116
159 116
160 115
161 115
162 115
163 115
164 115
165 114
166 114
167 114
168 114
169 114
170 114
171 113
172 113
173 113
174 113
175 113
176 113
177 112
178 112
179 112
180 112
181 112
182 112
