14 8
14 9
15 10
15 11
16 12
17 13
17 14
18 15
18 16
19 17
20 18
20 19
21 20
22 21
22 22
23 23
24 24
24 25
25 26
26 27
27 28
27 29
28 30
29 31
30 32
31 33
31 34
32 35
33 36
34 37
35 38
36 39
37 40
38 41
39 42
40 42
41 43
42 44
43 45
44 46
45 46
46 47
47 48
48 49
49 49
50 50
51 51
52 51
53 52
54 53
55 54
56 54
57 55
58 56
59 56
60 57
61 58
62 58
63 59
64 60
65 60
66 61
67 62
68 62
69 63
70 64
71 64
72 65
73 66
74 66
75 67
76 68
77 68
78 69
79 69
80 70
81 71
82 71
83 72
84 72
85 73
86 73
87 74
88 75
89 75
90 76
91 76
92 77
93 77
94 78
95 78
96 79
97 79
98 79
99 80
100 80
101 81
102 81
103 82
104 82
105 83
106 83
107 83
108 84
109 84
110 85
111 85
112 85
113 86
114 86
115 87
116 87
117 87
118 88
119 88
120 88
121 88
122 89
123 89
124 89
125 89
126 89
127 89
128 89
129 89
130 89
131 89
132 89
133 89
134 89
135 88
136 88
137 88
138 87
139 87
140 87
141 86
142 86
143 86
144 85
145 85
146 85
147 85
148 84
149 84
150 84
151 84
152 83
153 83
154 83
155 83
156 83
157 83
158 83
159 83
160 83
161 83
162 83
163 84
164 84
165 84
166 85
167 85
168 85
169 86
170 86
171 87
172 88
173 88
174 89
175 90
176 91
177 92
178 92
179 93
180 94
181 95
182 96
183 97
184 98
185 99
186 100
186 101
187 102
188 103
189 104
190 105
191 106
191 107
192 108
193 109
194 110
194 111
195 112
196 113
197 114
198 115
198 116
199 117
200 118
201 119
202 120
203 121
204 122
205 123
206 124
207 125
208 125
209 126
210 126
211 127
212 127
213 127
214 128
215 128
216 128
217 128
218 128
219 128
220 127
221 127
222 127
223 127
224 126
225 126
226 125
227 125
228 125
229 124
230 123
231 123
232 122
233 122
234 121
235 120
236 120
237 119
238 118
239 117
240 117
241 116
242 115
243 114
244 113
245 113
246 112
247 111
248 110
249 109
250 108
251 107
252 106
253 105
254 104
255 103
256 102
257 102
258 101
259 100
260 99
261 98
262 97
263 96
264 95
265 94
266 93
267 92
268 91
269 91
270 90
271 89
272 89
273 88
274 87
275 87
276 86
277 86
278 85
279 85
280 85
281 84
282 84
283 84
284 84
285 84
286 83
287 83
288 83
289 83
290 83
291 83
292 83
293 83
294 83
295 84
296 84
297 84
298 85
299 85
300 86
301 86
302 87
303 88
304 88
305 89
306 90
307 91
308 92
309 92
310 93
311 94
312 95
313 96
314 97
315 98
316 99
317 99
318 100
319 101
320 102
321 103
322 104
323 104
324 105
325 106
326 107
327 108
328 108
329 109
330 110
331 111
332 111
333 112
334 113
335 114
336 115
337 115
338 116
339 117
340 118
341 119
342 119
343 120
344 121
345 122
346 123
347 124
348 125
349 126
350 127
351 128
352 129
353 130
354 131
355 132
356 133
357 134
357 135
358 136
359 137
360 138
361 139
362 140
363 141
364 142
365 143
366 144
367 145
367 146
368 147
369 148
370 149
371 150
372 150
373 151
374 152
375 153
376 154
377 155
378 155
379 156
380 157
381 157
382 158
383 159
384 159
385 159
386 160
387 160
388 160
389 160
390 161
391 161
392 161
393 161
394 161
395 160
396 160
397 160
398 160
399 160
400 159
401 159
402 159
403 158
404 158
405 157
406 157
407 157
408 156
409 156
410 155
411 155
412 155
413 154
414 154
415 154
416 153
417 153
418 153
419 152
420 152
421 152
422 152
423 152
424 151
425 151
426 151
427 151
428 151
429 151
430 151
431 151
432 151
433 151
434 151
435 151
436 151
437 151
438 151
439 151
440 151
441 151
442 151
443 151
444 151
445 151
446 151
447 151
448 151
449 151
450 151
451 151
452 151
453 151
454 151
455 151
456 151
457 151
458 151
459 151
460 151
461 151
462 151
463 151
464 151
465 152
466 152
467 152
468 152
469 152
470 152
471 152
472 153
473 153
474 153
475 153
476 153
477 154
478 154
479 154
480 155
481 155
482 155
483 156
484 156
485 157
486 157
487 158
488 158
489 159
490 159
491 160
492 161
493 161
494 162
495 162
496 163
497 163
498 164
499 164
500 165
501 166
502 166
503 167
504 167
505 168
506 168
507 168
508 169
509 169
510 170
511 170
512 170
513 171
514 171
515 171
516 172
517 172
518 172
519 172
520 173
521 173
522 173
523 173
524 173
525 173
526 173
527 173
528 173
529 173
530 173
531 173
532 173
533 173
534 172
535 172
536 172
537 172
538 171
539 171
540 171
541 170
542 170
543 169
544 169
545 168
546 168
547 168
548 167
549 167
