11 40
12 41
12 42
13 43
13 44
14 45
14 46
15 47
15 48
15 49
16 50
16 51
17 52
17 53
18 54
18 55
19 56
19 57
19 58
20 59
20 60
21 61
21 62
21 63
22 64
22 65
23 66
23 67
23 68
24 69
24 70
25 71
25 72
25 73
26 74
26 75
26 76
27 77
27 78
28 79
28 80
28 81
29 82
29 83
29 84
30 85
30 86
31 87
31 88
31 89
32 90
32 91
32 92
33 93
33 94
34 95
34 96
34 97
35 98
35 99
36 100
36 101
36 102
37 103
37 104
38 105
38 106
39 107
39 108
40 109
40 110
41 111
41 112
42 113
42 114
43 115
43 116
44 117
44 118
45 119
45 120
46 121
47 122
47 123
48 124
49 125
49 126
50 127
51 128
51 129
52 130
53 131
54 132
55 133
55 134
56 135
57 136
58 137
59 138
60 139
61 140
62 141
63 141
64 142
65 143
66 144
67 145
68 145
69 146
70 147
71 147
72 148
73 149
74 149
75 150
76 150
77 151
78 152
79 152
80 153
81 153
82 154
83 154
84 155
85 155
86 156
87 156
88 157
89 157
90 158
91 158
92 159
93 159
94 160
95 160
96 161
97 161
98 162
99 162
100 163
101 164
102 164
103 165
104 165
105 166
106 166
107 167
108 168
109 168
110 169
111 170
112 170
113 171
114 172
115 172
116 173
117 174
118 175
119 175
120 176
121 177
122 178
123 178
124 179
125 180
126 180
127 181
128 182
129 182
130 183
131 183
132 184
133 184
134 185
135 185
136 185
137 186
138 186
139 186
140 187
141 187
142 187
143 188
144 188
145 189
146 190
147 190
148 191
149 192
150 192
151 193
152 194
153 195
154 195
155 196
156 197
157 198
158 198
159 199
160 200
161 201
162 201
163 202
164 203
165 203
166 204
167 205
168 205
169 206
170 206
171 207
172 207
173 208
174 208
175 208
176 209
177 209
178 209
179 210
180 210
181 210
182 210
183 210
184 210
185 210
186 210
187 210
188 210
189 210
190 210
191 210
192 210
193 210
194 210
195 210
196 210
197 209
198 209
199 209
200 209
201 208
202 208
203 208
204 207
205 207
206 207
207 206
208 206
209 205
210 205
211 204
212 204
213 203
214 203
215 202
216 202
217 201
218 201
219 200
220 199
221 199
222 198
223 197
224 197
225 196
226 195
227 194
228 194
229 193
230 192
231 191
232 190
233 190
234 189
235 188
236 187
237 186
238 185
239 185
240 184
241 183
242 182
243 181
244 180
245 179
246 178
247 178
248 177
249 176
250 175
251 174
252 173
253 172
254 171
255 170
256 170
257 169
258 168
259 167
260 166
261 165
262 164
263 164
264 163
265 162
266 161
267 160
268 159
269 158
270 158
271 157
272 156
273 155
274 154
275 153
276 153
277 152
278 151
279 150
280 149
281 148
282 148
283 147
284 146
285 145
286 144
287 144
288 143
289 142
290 141
291 141
292 140
293 139
294 138
295 138
296 137
297 136
298 135
299 135
300 134
301 133
302 133
303 132
304 131
305 131
306 130
307 130
308 129
309 129
310 128
311 128
312 127
313 127
314 127
315 126
316 126
317 126
318 126
319 125
320 125
321 125
322 124
323 124
324 124
325 123
326 123
327 123
328 122
329 122
330 122
331 121
332 121
333 120
334 120
335 120
336 119
337 119
338 118
339 118
340 118
341 118
342 117
343 117
344 117
345 117
346 116
347 116
348 116
349 116
350 116
351 116
352 116
353 116
354 116
355 116
356 116
357 116
358 116
359 116
360 116
361 116
362 116
363 116
364 117
365 117
366 117
367 117
368 117
369 118
370 118
371 118
372 118
373 119
374 119
375 120
376 120
377 120
378 121
379 121
380 121
381 122
382 122
383 123
384 123
385 123
386 124
387 124
388 124
389 125
390 125
391 125
392 126
393 126
394 126
395 126
396 126
397 126
398 126
399 126
400 126
401 126
402 126
403 125
404 125
405 125
406 124
407 124
408 123
409 123
410 122
411 122
412 121
413 121
414 120
415 120
416 119
417 119
418 118
419 117
420 117
421 117
422 116
423 116
424 116
425 116
426 116
427 116
428 116
429 116
430 117
431 117
432 118
433 119
434 120
435 121
436 122
436 123
437 124
438 125
439 126
439 127
440 128
441 129
442 130
442 131
443 132
444 133
445 134
446 135
447 136
448 137
449 138
450 139
451 140
452 141
453 141
454 141
455 142
456 142
457 142
458 141
459 141
460 141
461 140
462 139
463 139
464 138
465 137
466 136
467 136
468 135
469 135
