15 94
16 95
17 96
18 97
18 98
19 99
20 100
20 101
21 102
22 103
22 104
23 105
24 106
25 107
25 108
26 109
27 110
27 111
28 112
29 113
29 114
30 115
31 116
32 117
32 118
33 119
34 120
34 121
35 122
36 123
37 124
37 125
38 126
39 127
40 128
40 129
41 130
42 131
43 132
43 133
44 134
45 135
46 136
47 137
47 138
48 139
49 140
50 141
51 142
51 143
52 144
53 145
54 146
55 147
56 148
57 149
57 150
58 151
59 152
60 153
61 154
62 155
63 156
64 157
65 158
66 159
67 160
68 161
69 161
70 162
71 163
72 164
73 165
74 165
75 166
76 166
77 167
78 167
79 168
80 168
81 169
82 169
83 170
84 170
85 170
86 171
87 171
88 172
89 172
90 172
91 172
92 173
93 173
94 173
95 174
96 174
97 174
98 175
99 175
100 175
101 175
102 176
103 176
104 176
105 177
106 177
107 177
108 177
109 178
110 178
111 178
112 179
113 179
114 179
115 179
116 180
117 180
118 180
119 180
120 181
121 181
122 181
123 181
124 181
125 182
126 182
127 182
128 182
129 182
130 182
131 183
132 183
133 183
134 183
135 183
136 183
137 183
138 183
139 183
140 183
141 183
142 183
143 183
144 183
145 183
146 183
147 183
148 183
149 183
150 183
151 183
152 183
153 182
154 182
155 182
156 182
157 182
158 182
159 181
160 181
161 181
162 181
163 180
164 180
165 180
166 179
167 179
168 179
169 178
170 178
171 177
172 177
173 176
174 176
175 175
176 175
177 174
178 174
179 173
180 173
181 172
182 172
183 171
184 170
185 170
186 169
187 168
188 168
189 167
190 166
191 166
192 165
193 164
194 163
195 163
196 162
197 161
198 161
199 160
200 159
201 159
202 158
203 157
204 157
205 156
206 155
207 155
208 154
209 154
210 153
211 153
212 152
213 152
214 151
215 151
216 150
217 150
218 149
219 149
220 149
221 148
222 148
223 147
224 147
225 147
226 146
227 146
228 146
229 146
230 145
231 145
232 145
233 145
234 144
235 144
236 144
237 144
238 144
239 143
240 143
241 143
242 143
243 143
244 143
245 143
246 143
247 143
248 143
249 143
250 143
251 143
252 143
253 143
254 143
255 143
256 143
257 143
258 143
259 143
260 143
261 143
262 143
263 144
264 144
265 144
266 144
267 144
268 145
269 145
270 145
271 146
272 146
273 146
274 147
275 147
276 147
277 148
278 148
279 149
280 149
281 150
282 150
283 151
284 151
285 152
286 152
287 153
288 153
289 154
290 154
291 155
292 156
293 156
294 157
295 158
296 158
297 159
298 160
299 160
300 161
301 162
302 163
303 163
304 164
305 165
306 165
307 166
308 167
309 168
310 168
311 169
312 169
313 170
314 171
315 171
316 172
317 172
318 173
319 173
320 173
321 174
322 174
323 174
324 174
325 174
326 174
327 174
328 174
329 174
330 174
331 174
332 174
333 174
334 173
335 173
336 173
337 172
338 172
339 171
340 171
341 171
342 170
343 170
344 169
345 168
346 168
347 167
348 167
349 166
350 165
351 164
352 164
353 163
354 162
355 162
356 161
357 160
358 160
359 159
360 158
361 157
362 157
363 156
364 156
365 155
366 154
367 154
368 153
369 153
370 152
371 152
372 152
373 151
374 151
375 151
376 150
377 150
378 150
379 150
380 149
381 149
382 149
383 149
384 149
385 149
386 149
387 149
388 149
389 149
390 148
391 148
392 148
393 148
394 148
395 148
396 148
397 148
398 149
399 149
400 149
401 149
402 149
403 149
404 149
405 149
406 149
407 149
408 149
409 149
410 149
411 149
412 149
413 149
414 149
415 150
416 150
417 150
418 150
419 150
420 150
421 150
422 150
423 151
424 151
425 151
426 151
427 151
428 152
429 152
430 152
431 152
432 153
433 153
434 153
435 154
436 154
437 154
438 155
439 155
440 156
441 156
442 157
443 157
444 158
445 158
446 159
447 159
448 160
449 161
450 161
451 162
452 162
453 163
454 164
455 165
456 165
457 166
458 167
459 168
460 168
461 169
462 170
463 171
464 172
465 173
466 174
467 175
468 175
469 176
470 177
471 178
472 179
473 180
474 181
475 182
476 183
477 184
478 185
479 186
480 187
481 188
482 189
483 189
484 190
485 191
486 192
487 193
488 193
489 194
490 195
491 195
492 196
493 197
494 197
495 198
496 198
497 199
498 199
499 200
500 200
501 201
502 201
503 201
504 202
505 202
506 202
507 202
508 203
509 203
510 203
511 203
512 203
513 204
514 204
515 204
516 204
517 204
518 204
519 204
520 203
521 203
522 203
523 203
524 203
525 202
526 202
527 202
528 201
529 201
530 201
531 200
532 200
533 200
534 199
535 199
536 198
537 198
538 197
539 197
540 196
541 196
542 195
543 195
544 194
545 194
546 193
547 193
548 192
549 192
550 191
551 191
552 190
553 190
554 190
555 189
556 189
557 189
558 188
559 188
560 188
561 188
562 187
563 187
564 187
565 187
566 187
567 187
568 186
569 186
570 186
571 186
572 186
573 186
574 186
575 186
576 186
577 186
578 186
579 187
580 187
581 187
582 187
583 187
584 187
585 187
586 187
587 187
588 188
589 188
590 188
591 188
592 188
593 189
594 189
595 189
596 189
597 189
598 190
599 190
600 190
601 191
602 191
603 191
604 191
605 192
606 192
607 192
608 193
609 193
610 193
611 193
612 194
613 194
614 194
615 194
616 195
617 195
618 195
619 196
620 196
621 196
622 196
623 196
624 197
625 197
626 197
627 197
628 197
629 198
630 198
631 198
632 198
633 198
634 198
635 198
636 198
637 199
638 199
639 199
640 199
641 199
642 199
643 199
644 199
645 199
646 199
647 199
648 199
649 199
650 198
651 198
652 198
653 198
654 198
655 198
656 198
657 197
658 197
659 197
660 197
661 196
662 196
663 196
664 195
665 195
666 194
667 194
668 194
669 193
670 193
671 192
672 192
673 191
674 191
675 190
676 189
677 189
678 188
679 188
680 187
681 186
682 186
683 185
684 184
685 184
686 183
687 182
688 182
689 181
690 180
691 179
692 179
693 178
694 177
695 176
696 176
697 175
698 174
699 173
700 172
701 172
702 171
703 170
704 169
705 168
706 168
707 167
708 166
709 165
710 164
711 164
712 163
713 162
