9 4
10 5
11 6
12 7
13 8
13 9
14 10
15 11
15 12
16 13
17 14
18 15
18 16
19 17
20 18
20 19
21 20
22 21
23 22
23 23
24 24
25 25
26 26
26 27
27 28
28 29
29 30
29 31
30 32
31 33
32 34
33 35
33 36
34 37
35 38
36 39
37 40
38 41
38 42
39 43
40 44
41 45
42 46
43 47
44 48
45 49
46 50
46 51
47 52
48 53
49 54
50 55
51 56
52 57
53 58
54 59
55 60
56 61
57 62
58 63
59 64
60 65
61 66
62 67
63 68
64 69
65 70
66 71
67 72
68 73
69 74
70 75
71 76
72 77
73 77
74 78
75 79
76 80
77 80
78 81
79 82
80 82
81 83
82 83
83 84
84 84
85 84
86 85
87 85
88 85
89 85
90 86
91 86
92 86
93 86
94 86
95 87
96 87
97 87
98 87
99 88
100 88
101 88
102 88
103 89
104 89
105 89
106 89
107 89
108 90
109 90
110 90
111 90
112 91
113 91
114 91
115 91
116 91
117 91
118 92
119 92
120 92
121 92
122 92
123 92
124 92
125 92
126 92
127 92
128 92
129 92
130 92
131 91
132 91
133 91
134 91
135 91
136 91
137 90
138 90
139 90
140 90
141 90
142 89
143 89
144 89
145 89
146 89
147 89
148 89
149 89
150 89
151 90
152 90
153 90
154 91
155 91
156 91
157 92
158 92
159 93
160 94
161 94
162 95
163 96
164 97
165 97
166 98
167 99
168 100
169 100
170 101
171 102
172 102
173 103
174 103
175 103
176 104
177 104
178 104
179 104
180 104
181 105
182 105
183 105
184 105
185 105
186 106
187 106
188 106
189 106
190 107
191 107
192 107
193 108
194 108
195 109
196 109
197 110
198 110
199 111
200 111
201 112
202 112
203 113
204 114
205 114
206 115
207 116
208 116
209 117
210 118
211 118
212 119
213 120
214 121
215 121
216 122
217 123
218 124
219 124
220 125
221 126
222 127
223 127
224 128
225 129
226 129
227 130
228 130
229 131
230 131
231 132
232 132
233 132
234 132
235 132
236 132
237 132
238 131
239 131
240 130
241 130
242 129
243 128
244 127
245 126
246 125
247 124
248 123
248 122
249 121
250 120
251 119
251 118
252 117
253 116
253 115
254 114
254 113
255 112
256 111
256 110
257 109
257 108
258 107
259 106
259 105
260 104
260 103
261 102
