9 5
10 6
10 7
11 8
11 9
12 10
12 11
13 12
13 13
14 14
14 15
14 16
15 17
15 18
16 19
16 20
17 21
17 22
17 23
18 24
18 25
19 26
19 27
20 28
20 29
20 30
21 31
21 32
22 33
22 34
23 35
23 36
23 37
24 38
24 39
25 40
25 41
25 42
26 43
26 44
27 45
27 46
27 47
28 48
28 49
29 50
29 51
29 52
30 53
30 54
31 55
31 56
32 57
32 58
33 59
34 60
35 61
36 62
37 61
38 61
39 60
40 60
41 59
42 59
43 59
44 58
45 58
46 58
47 58
48 58
49 57
50 57
51 57
52 57
53 57
54 57
55 57
56 57
57 57
58 57
59 57
60 57
61 57
62 57
63 57
64 57
65 57
66 58
67 58
68 58
69 58
70 58
71 58
72 59
73 59
74 59
75 60
76 60
77 60
78 61
79 61
80 61
81 61
82 62
83 62
84 62
85 61
86 61
87 61
88 60
89 60
90 59
91 59
92 58
93 58
94 58
95 57
96 57
97 57
98 57
99 57
100 57
101 57
102 57
103 57
104 57
105 57
106 57
107 57
108 58
109 58
110 58
111 58
112 59
113 59
114 59
115 60
116 60
117 61
118 61
119 62
120 62
121 63
122 63
123 64
124 64
125 65
126 66
127 66
128 67
129 67
130 68
131 68
132 69
133 69
134 70
135 70
136 71
137 71
138 71
139 72
140 72
141 72
142 72
143 72
144 72
145 71
146 71
147 70
148 69
149 69
150 68
151 67
152 66
153 65
