24 38
25 38
26 39
26 40
27 41
28 42
29 43
29 44
30 45
31 46
32 47
32 48
33 49
34 50
35 51
36 52
37 53
37 54
38 55
39 56
40 57
41 58
42 59
43 60
44 61
45 62
46 63
47 64
48 64
49 65
50 66
51 67
52 67
53 68
54 69
55 69
56 70
57 71
58 71
59 72
60 72
61 73
62 73
63 73
64 74
65 74
66 74
67 74
68 75
69 75
70 75
71 75
72 75
73 75
74 75
75 75
76 75
77 75
78 75
79 75
80 75
81 75
82 74
83 74
84 74
85 74
86 74
87 73
88 73
89 73
90 72
91 72
92 72
93 72
94 71
95 71
96 71
97 71
98 70
99 70
100 70
101 70
102 70
103 70
104 69
105 69
106 69
107 69
108 69
109 69
110 69
111 69
112 69
113 69
114 69
115 69
116 69
117 69
118 69
119 69
120 69
121 69
122 69
123 69
124 69
125 69
126 69
127 68
128 68
129 68
130 68
131 68
132 68
133 68
134 68
135 68
136 68
137 68
138 68
139 68
140 67
141 67
142 67
143 67
144 67
145 67
146 67
147 66
148 66
149 66
150 66
151 66
152 66
153 65
154 65
155 65
156 65
157 65
158 65
159 65
160 65
161 65
162 65
163 65
164 65
165 65
166 65
167 65
168 65
169 65
170 65
171 65
172 65
173 65
174 66
175 66
176 66
177 67
178 67
179 67
180 68
181 68
182 69
183 70
184 70
185 71
186 71
187 72
188 73
189 74
190 74
191 75
192 76
193 77
194 78
195 79
196 80
197 81
198 82
199 83
200 84
201 85
202 86
202 87
203 88
204 89
205 90
206 91
207 92
208 93
209 94
209 95
210 96
211 97
212 98
213 99
214 100
214 101
215 102
216 103
217 104
218 105
219 106
219 107
220 108
221 109
222 110
223 111
224 112
225 113
225 114
226 115
227 116
228 117
228 118
