17 30
18 31
19 32
20 33
21 34
22 35
23 36
23 37
24 38
25 39
26 40
27 41
28 42
28 43
29 44
30 45
30 46
31 47
32 48
32 49
33 50
33 51
34 52
35 53
35 54
36 55
36 56
37 57
38 58
38 59
39 60
40 61
40 62
41 63
42 64
43 65
43 66
44 67
45 68
46 69
47 70
48 71
48 72
49 73
50 74
51 75
52 76
53 77
54 78
55 79
56 80
57 81
58 81
59 82
60 82
61 82
62 81
63 81
64 80
64 79
65 78
66 77
67 76
67 75
68 74
69 73
69 72
70 71
71 70
72 69
73 68
74 68
75 68
76 68
77 69
78 69
79 70
80 70
81 71
82 72
83 72
84 73
85 74
86 74
87 75
88 76
89 76
90 77
91 77
92 78
93 78
94 79
95 79
96 80
97 80
98 81
99 81
100 81
101 82
102 82
103 82
104 83
105 83
106 83
107 84
108 84
109 84
110 85
111 85
112 85
113 86
114 86
115 86
116 87
117 87
118 87
119 87
120 88
121 88
122 88
123 88
124 88
125 88
126 88
127 88
128 88
129 87
130 87
131 87
132 86
133 85
134 85
135 84
136 83
137 82
138 82
139 81
140 80
141 79
142 78
143 77
144 76
145 75
146 74
147 73
148 72
149 71
149 70
150 69
151 68
152 67
153 66
153 65
154 64
155 63
156 62
157 61
158 60
159 59
160 59
161 58
162 57
163 57
164 56
165 56
166 55
167 55
168 54
169 54
170 54
171 54
172 53
173 53
174 53
175 53
176 53
177 53
178 54
179 54
180 54
181 54
182 55
183 55
184 55
185 56
186 56
187 57
188 58
189 58
190 59
191 60
192 61
193 61
194 62
195 63
196 64
197 64
198 65
199 65
200 66
201 65
202 65
203 64
204 64
205 63
206 62
207 61
208 60
209 59
210 58
211 57
211 56
212 55
213 54
214 54
215 53
216 52
217 51
218 51
219 50
220 49
221 49
222 48
223 48
224 48
225 47
226 47
227 47
228 47
229 47
230 47
231 47
232 47
233 47
234 47
235 48
236 48
237 48
238 48
239 49
240 49
241 49
242 50
243 50
244 51
245 51
246 51
247 52
248 52
249 53
250 53
251 53
252 54
253 54
254 55
255 55
256 55
257 56
258 56
259 56
260 57
261 57
262 57
263 57
264 58
265 58
266 58
267 58
268 58
269 58
270 58
271 58
272 58
273 58
274 58
275 58
276 58
277 58
278 58
279 57
280 57
281 57
282 57
283 57
284 57
285 57
286 57
287 57
288 57
289 57
290 57
291 58
