11 12
12 12
13 13
13 14
14 15
15 16
16 17
17 18
17 19
18 20
19 21
20 22
20 23
21 24
21 25
22 26
22 27
23 28
24 29
24 30
25 31
25 32
26 33
26 34
27 35
27 36
28 37
28 38
29 39
30 40
30 41
31 42
31 43
32 44
32 45
33 46
34 47
34 48
35 49
36 50
36 51
37 52
38 53
39 54
40 55
40 56
41 57
42 58
43 59
44 60
45 60
46 61
47 62
48 63
49 63
50 64
51 64
52 65
53 65
54 66
55 66
56 66
57 66
58 67
59 67
60 67
61 67
62 67
63 67
64 67
65 67
66 67
67 67
68 67
69 67
70 67
71 67
72 67
73 67
74 67
75 67
76 67
77 67
78 66
79 66
80 66
81 66
82 66
83 66
84 66
85 66
86 65
87 65
88 65
89 65
90 65
91 65
92 65
93 65
94 65
95 64
96 64
97 64
98 64
99 64
100 64
101 64
102 64
103 64
104 64
105 64
106 64
107 64
108 64
109 64
110 64
111 64
112 64
113 65
114 65
115 65
116 65
117 65
118 65
119 66
120 66
121 66
122 67
123 67
124 67
125 68
126 68
127 69
128 69
129 70
130 70
131 71
132 71
133 72
134 73
135 73
136 74
137 75
138 75
139 76
140 77
141 78
142 78
143 79
144 80
145 80
146 81
147 82
148 83
149 83
150 84
151 85
152 85
153 86
154 86
155 87
156 88
157 88
158 89
159 89
160 89
161 90
162 90
163 91
164 91
165 92
166 92
167 92
168 93
169 93
170 93
171 94
172 94
173 95
174 95
175 96
176 96
177 97
178 97
179 98
180 98
181 99
182 100
183 101
184 102
185 103
186 104
187 105
188 106
188 107
189 108
190 109
191 110
191 111
192 112
193 113
194 114
194 115
195 116
196 117
197 118
197 119
198 120
199 121
200 122
201 123
202 124
203 125
204 126
205 127
206 128
207 128
208 129
209 129
210 130
211 130
212 131
213 131
214 131
215 131
216 131
217 131
218 131
219 131
220 131
221 131
222 131
223 130
224 130
225 130
226 129
227 129
228 129
229 128
230 128
231 127
232 126
233 126
234 125
235 125
236 124
237 123
238 123
239 122
240 121
241 121
242 120
243 119
244 119
245 118
246 117
247 116
248 116
249 115
250 114
251 114
252 113
253 113
254 112
255 111
256 111
257 110
258 110
259 109
260 109
261 109
262 108
263 108
264 107
265 107
266 107
267 107
268 106
269 106
270 106
271 106
272 106
273 106
274 106
275 106
276 106
277 106
278 106
279 106
280 106
281 106
282 106
283 106
284 106
285 106
286 106
287 106
288 107
289 107
290 107
291 107
292 108
293 108
294 108
295 109
296 109
297 109
298 110
299 110
300 110
301 111
302 111
303 111
304 112
305 112
306 112
307 113
308 113
309 113
310 113
311 114
312 114
313 114
314 114
315 114
316 114
317 114
318 114
319 115
320 115
321 115
322 115
323 114
324 114
325 114
326 114
327 114
328 114
329 114
330 114
331 114
332 114
333 114
334 114
335 114
336 114
337 114
338 114
339 114
340 114
341 115
342 115
343 115
344 115
345 115
346 115
347 115
