33 3
34 4
35 4
36 5
37 6
38 6
39 7
40 7
41 8
42 9
43 9
44 10
45 11
46 11
47 12
48 13
49 13
50 14
51 15
52 15
53 16
54 17
55 18
56 19
57 19
58 20
59 21
60 22
61 23
61 24
62 25
63 26
64 27
65 28
65 29
66 30
67 31
67 32
68 33
69 34
69 35
70 36
70 37
71 38
71 39
72 40
73 41
73 42
74 43
74 44
75 45
75 46
75 47
76 48
76 49
77 50
77 51
78 52
78 53
79 54
79 55
79 56
80 57
80 58
81 59
81 60
81 61
82 62
82 63
82 64
83 65
83 66
84 67
84 68
84 69
85 70
85 71
86 72
86 73
86 74
87 75
87 76
88 77
88 78
88 79
89 80
89 81
90 82
90 83
91 84
91 85
91 86
92 87
92 88
93 89
93 90
94 91
94 92
95 93
95 94
96 95
96 96
97 97
97 98
98 99
98 100
99 101
99 102
100 103
101 104
101 105
102 106
102 107
103 108
104 109
104 110
105 111
105 112
106 113
107 114
107 115
108 116
109 117
109 118
110 119
111 120
111 121
112 122
113 123
113 124
114 125
115 126
115 127
116 128
117 129
117 130
118 131
119 132
120 133
120 134
121 135
122 136
122 137
123 138
124 139
125 140
125 141
126 142
127 143
128 144
128 145
129 146
130 147
130 148
131 149
132 150
133 151
134 152
134 153
135 154
136 155
137 156
137 157
138 158
139 159
140 160
141 161
141 162
142 163
143 164
144 165
145 166
146 167
146 168
147 169
148 170
149 171
150 172
151 173
152 174
153 175
154 176
155 177
156 178
157 179
158 180
159 181
160 182
161 183
162 184
163 185
164 186
165 186
166 187
167 188
168 189
169 190
170 190
171 191
172 192
173 192
174 193
175 194
176 194
177 195
178 195
179 196
180 196
181 197
182 197
183 198
184 198
185 199
186 199
187 199
188 200
189 200
190 200
191 200
192 201
193 201
194 201
195 201
196 201
197 201
198 201
199 201
200 201
201 201
202 201
203 201
204 201
205 200
206 200
207 200
208 199
209 199
210 199
211 198
212 198
213 198
214 197
215 197
216 196
217 195
218 195
219 194
220 194
221 193
222 192
223 192
224 191
225 190
226 190
227 189
228 188
229 187
230 187
231 186
232 185
233 184
234 184
235 183
236 182
237 181
238 180
239 179
240 178
241 178
242 177
243 176
244 175
245 174
246 173
247 173
248 172
249 171
250 170
251 169
252 168
253 167
254 167
255 166
256 165
257 164
258 163
259 163
260 162
261 161
262 160
263 160
264 159
265 158
266 157
267 157
268 156
269 155
270 155
271 154
272 154
273 153
274 152
275 152
276 151
277 151
278 150
279 149
280 149
281 148
282 148
283 147
284 147
285 146
286 146
287 146
288 145
289 145
290 144
291 144
292 143
293 143
294 143
295 142
296 142
297 142
298 141
299 141
300 141
301 141
302 140
303 140
304 140
305 140
306 139
307 139
308 139
309 139
310 138
311 138
312 138
313 138
314 138
315 138
316 137
317 137
318 137
319 137
320 137
321 137
322 136
323 136
324 136
325 136
326 136
327 136
328 136
329 135
330 135
331 135
332 135
333 135
334 135
335 134
336 134
337 134
338 134
339 134
340 134
341 133
342 133
343 133
344 133
345 133
346 132
347 132
348 132
349 132
350 131
351 131
352 131
353 131
354 131
355 130
356 130
357 130
358 129
359 129
360 129
361 129
362 128
363 128
364 128
365 127
366 127
367 127
368 127
369 126
370 126
371 126
372 125
373 125
374 125
375 124
376 124
377 123
378 123
379 123
380 122
381 122
382 121
383 121
384 121
385 120
386 120
387 119
388 119
389 118
390 118
391 118
392 117
393 117
394 116
395 116
396 115
397 115
398 114
399 114
400 113
401 113
402 113
403 112
404 112
405 111
406 111
407 110
408 110
409 110
410 109
411 109
412 108
413 108
414 108
415 107
416 107
417 107
418 106
419 106
420 106
421 106
422 105
423 105
424 105
425 105
426 105
427 105
428 105
429 105
430 105
431 105
432 105
433 105
434 105
435 105
436 105
437 105
438 105
439 106
440 106
441 106
442 107
443 107
444 107
445 108
446 108
447 108
448 109
449 109
450 110
451 110
