21 4
22 4
23 5
23 6
24 7
25 8
26 9
27 10
27 11
28 12
29 13
30 14
30 15
31 16
32 17
33 18
33 19
34 20
35 21
35 22
36 23
37 24
37 25
38 26
39 27
39 28
40 29
41 30
41 31
42 32
42 33
43 34
43 35
44 36
45 37
45 38
46 39
46 40
47 41
47 42
48 43
48 44
49 45
49 46
49 47
50 48
50 49
51 50
51 51
52 52
52 53
53 54
53 55
54 56
54 57
54 58
55 59
55 60
56 61
56 62
57 63
57 64
58 65
58 66
59 67
59 68
60 69
60 70
61 71
61 72
62 73
62 74
63 75
63 76
64 77
65 78
65 79
66 80
66 81
67 82
68 83
69 84
69 85
70 86
71 87
72 88
72 89
73 90
74 91
75 92
76 93
77 94
78 95
79 96
80 97
81 98
82 99
83 99
84 100
85 101
86 102
87 102
88 103
89 104
90 104
91 105
92 105
93 106
94 106
95 106
96 107
97 107
98 107
99 107
100 107
101 107
102 107
103 107
104 106
105 106
106 105
107 105
108 104
109 104
110 103
111 102
112 101
113 100
114 100
115 99
116 98
117 97
118 96
119 95
120 95
121 94
122 93
123 92
124 92
125 91
126 91
127 90
128 90
129 90
130 90
131 89
132 89
133 89
134 89
135 89
136 89
137 90
138 90
139 90
140 91
141 91
142 92
143 93
144 93
145 94
146 95
147 95
148 96
149 96
150 97
151 97
152 97
153 96
154 95
155 94
156 93
157 92
158 91
158 90
159 89
159 88
160 87
160 86
161 85
161 84
162 83
162 82
163 81
163 80
164 79
164 78
164 77
165 76
165 75
166 74
166 73
167 72
167 71
168 70
168 69
169 68
169 67
169 66
170 65
