28 29
29 29
30 30
31 30
32 31
33 31
34 32
35 32
36 33
37 33
38 34
39 34
40 35
41 35
42 36
43 37
44 37
45 38
46 39
47 39
48 40
49 41
50 42
51 43
52 43
53 44
54 45
55 46
56 47
57 48
58 49
58 50
59 51
60 52
61 53
62 54
63 55
64 56
65 57
65 58
66 59
67 60
68 61
69 62
69 63
70 64
71 65
72 66
73 67
74 68
75 69
76 70
77 71
77 72
78 73
79 73
80 74
81 75
82 76
83 77
84 78
85 79
86 80
87 81
88 81
89 82
90 83
91 84
92 84
93 85
94 86
95 87
96 87
97 88
98 89
99 90
100 90
101 91
102 92
103 92
104 93
105 94
106 94
107 95
108 96
109 96
110 96
111 97
112 97
113 97
114 97
115 97
116 97
117 97
118 96
119 96
120 96
121 96
122 95
123 95
124 94
125 94
126 94
127 94
128 93
129 93
130 93
131 93
132 93
133 93
134 93
135 93
136 93
137 93
138 93
139 93
140 93
141 93
142 94
143 94
144 95
145 95
146 96
147 96
148 97
149 98
150 98
151 99
152 100
153 101
154 102
155 103
155 104
156 105
157 106
158 107
159 108
160 109
160 110
161 111
162 112
163 113
164 114
164 115
165 116
166 117
167 118
168 119
168 120
169 121
170 122
171 123
172 124
173 125
173 126
174 127
175 128
176 129
177 130
178 131
179 132
180 133
181 134
182 135
183 136
184 137
185 138
186 139
187 140
188 141
189 142
190 143
191 143
192 144
193 145
194 145
195 146
196 146
197 147
198 147
199 148
200 148
201 148
202 148
203 148
204 149
205 149
206 149
207 148
208 148
209 148
210 148
211 148
212 147
213 147
214 146
215 146
216 145
217 145
218 144
219 143
220 142
221 142
222 141
223 140
224 139
225 138
226 137
227 136
228 136
229 135
230 134
231 133
232 132
233 131
234 130
235 130
236 129
237 128
238 128
239 127
240 126
241 126
242 125
243 125
244 124
245 123
246 123
247 123
248 122
249 122
250 121
251 121
252 121
253 120
254 120
255 120
256 119
257 119
258 119
259 119
260 118
261 118
262 118
263 118
264 118
265 117
266 117
267 117
268 117
269 117
270 117
271 117
272 117
273 117
274 117
275 116
276 116
277 116
278 116
279 116
280 116
281 116
282 116
283 116
284 116
285 115
286 115
287 115
288 115
289 115
290 114
291 114
292 114
293 114
294 113
295 113
296 113
297 112
298 112
299 112
300 111
301 111
302 110
303 110
304 110
305 109
306 109
307 109
308 109
309 108
310 108
311 108
312 108
313 108
314 108
315 108
316 108
317 108
318 108
319 108
320 108
321 108
322 108
323 108
324 108
325 108
326 108
327 108
328 108
329 108
330 108
331 109
332 109
333 109
334 110
335 110
336 110
337 111
338 111
339 112
340 112
341 113
342 114
343 114
344 115
345 115
346 116
347 117
348 118
349 118
350 119
351 120
352 120
353 121
354 122
355 122
356 123
357 124
358 124
359 125
360 126
361 126
362 127
363 128
364 128
365 129
366 130
367 130
368 131
369 132
370 132
371 133
372 133
373 134
374 134
375 135
376 135
377 136
378 136
379 137
380 137
381 138
382 138
383 139
384 139
385 139
386 140
387 140
388 140
389 140
390 140
391 141
392 141
393 141
394 141
395 141
396 141
397 141
398 141
399 141
400 141
401 141
402 140
403 140
404 140
405 140
406 140
407 140
408 139
409 139
410 139
411 139
412 139
413 139
414 138
415 138
416 138
417 138
418 138
419 138
420 138
421 137
422 137
423 137
424 137
425 137
426 137
427 137
428 137
429 137
430 137
431 137
432 137
433 137
434 137
435 137
436 136
437 136
438 136
439 136
440 135
441 135
442 135
443 134
444 134
445 133
446 132
447 132
448 131
449 130
450 130
451 129
452 128
453 127
454 127
455 126
456 125
457 124
458 123
459 122
460 122
461 121
462 120
463 119
464 118
465 118
466 117
467 116
468 116
469 115
470 114
471 114
472 113
473 113
474 112
475 112
476 111
477 111
478 111
479 110
480 110
481 110
482 110
483 110
484 110
485 110
486 110
487 110
488 110
489 110
490 110
491 110
492 110
493 110
494 110
495 110
496 110
497 110
498 110
499 110
500 110
501 110
502 110
503 110
504 110
505 110
506 110
507 110
508 109
509 109
510 109
511 108
512 108
513 107
514 107
515 106
516 106
517 105
518 105
519 104
520 103
521 102
522 102
523 101
524 100
525 99
526 99
527 98
528 97
529 96
530 95
531 95
532 94
533 93
534 92
535 91
536 90
537 90
538 89
539 88
540 87
541 86
542 85
543 85
544 84
545 83
546 82
547 81
548 80
549 80
550 79
551 78
552 77
553 76
554 75
555 74
556 74
557 73
