28 16
29 16
30 16
31 16
32 17
33 17
34 17
35 17
36 18
37 18
38 18
39 19
40 19
41 19
42 19
43 20
44 20
45 20
46 20
47 20
48 21
49 21
50 21
51 21
52 21
53 22
54 22
55 22
56 22
57 22
58 22
59 22
60 23
61 23
62 23
63 23
64 23
65 23
66 23
67 23
68 23
69 23
70 23
71 23
72 23
73 23
74 23
75 23
76 23
77 23
78 23
79 23
80 23
81 23
82 23
83 23
84 23
85 23
86 23
87 22
88 22
89 22
90 22
91 22
92 22
93 22
94 22
95 22
96 22
97 22
98 22
99 22
100 22
101 22
102 22
103 22
104 22
105 22
106 22
107 22
108 22
109 22
110 22
111 22
112 22
113 22
114 22
115 22
116 22
117 22
118 23
119 23
120 23
121 23
122 24
123 24
124 24
125 25
126 25
127 26
128 26
129 27
130 27
131 28
132 28
133 29
134 30
135 30
136 31
137 32
138 33
139 33
140 34
141 35
142 36
143 37
144 38
145 38
146 39
147 40
148 41
149 42
150 43
151 44
152 45
153 46
154 47
155 48
156 49
157 50
158 51
159 52
160 53
161 54
162 55
163 56
164 57
165 58
166 59
167 60
168 61
169 62
170 63
171 64
172 65
173 66
174 67
175 68
176 69
177 69
178 70
179 71
180 72
181 73
182 73
183 74
184 75
185 76
186 77
187 77
188 78
189 79
190 80
191 80
192 81
193 82
194 83
195 83
196 84
197 85
198 86
199 87
200 87
201 88
202 89
203 90
204 91
205 91
206 92
207 93
208 94
209 95
210 96
211 96
212 97
213 98
214 99
215 100
216 101
217 101
218 102
219 103
220 104
221 105
222 106
223 107
224 107
225 108
226 109
227 110
228 111
229 112
230 113
231 113
232 114
233 115
234 116
235 117
236 118
237 119
238 119
239 120
240 121
241 122
242 123
243 124
244 125
245 126
246 126
247 127
248 128
249 129
250 130
251 131
252 132
253 133
254 134
255 134
256 135
257 136
258 137
259 138
260 138
261 139
262 140
263 140
264 141
265 141
266 142
267 142
268 143
269 143
270 143
271 144
272 144
273 144
274 144
275 144
276 144
277 144
278 144
279 144
280 144
281 144
282 144
283 144
284 144
285 144
286 143
287 143
288 143
289 143
290 143
291 144
292 144
293 144
294 144
295 144
296 144
297 144
298 145
299 145
300 145
301 146
302 146
303 146
304 146
305 147
306 147
307 147
308 148
309 148
310 148
311 149
312 149
313 150
314 150
315 150
316 151
317 151
318 151
319 152
320 152
321 153
322 153
323 153
324 154
325 154
326 155
327 155
328 156
329 156
330 157
331 157
332 157
333 158
334 158
335 159
336 159
337 159
338 160
339 160
340 160
341 160
342 161
343 161
344 161
345 161
346 161
347 161
348 162
349 162
350 162
351 162
352 162
353 162
354 162
355 161
356 161
357 161
358 161
359 161
360 160
361 160
362 160
363 160
364 159
365 159
366 158
367 158
368 158
369 157
370 157
371 156
372 156
373 155
374 155
375 154
376 154
377 153
378 153
379 152
380 152
381 151
382 151
383 150
384 150
385 149
386 149
387 148
388 148
389 147
390 147
391 146
392 146
393 145
394 145
395 144
396 144
397 143
398 143
399 142
400 142
401 141
402 141
403 140
404 140
405 139
406 139
