14 62
15 62
16 62
17 62
18 63
19 63
20 64
21 64
22 64
23 65
24 65
25 65
26 66
27 66
28 67
29 67
30 67
31 68
32 68
33 69
34 69
35 70
36 70
37 70
38 71
39 71
40 72
41 72
42 73
43 73
44 74
45 74
46 75
47 75
48 76
49 76
50 77
51 77
52 78
53 79
54 79
55 80
56 80
57 81
58 82
59 82
60 83
61 84
62 84
63 85
64 86
65 86
66 87
67 88
68 89
69 89
70 90
71 91
72 91
73 92
74 93
75 94
76 94
77 95
78 96
79 96
80 97
81 98
82 98
83 99
84 100
85 100
86 101
87 101
88 102
89 102
90 103
91 103
92 104
93 104
94 105
95 105
96 106
97 106
98 106
99 107
100 107
101 107
102 108
103 108
104 108
105 108
106 109
107 109
108 109
109 109
110 110
111 110
112 110
113 110
114 110
115 110
116 111
117 111
118 111
119 111
120 111
121 111
122 111
123 111
124 111
125 111
126 111
127 111
128 111
129 111
130 112
131 112
132 112
133 112
134 112
135 112
136 111
137 111
138 111
139 111
140 111
141 111
142 111
143 111
144 111
145 111
146 111
147 111
148 111
149 111
150 111
151 111
152 111
153 111
154 111
155 111
156 110
157 110
158 110
159 110
160 110
161 110
162 110
163 110
164 110
165 110
166 110
167 110
168 110
169 110
170 109
171 109
172 109
173 109
174 109
175 109
176 109
177 109
178 109
179 109
180 109
181 109
182 109
183 109
184 109
185 109
186 109
187 109
188 108
189 108
190 108
191 108
192 108
193 108
194 108
195 108
196 108
197 107
198 107
199 107
200 107
201 107
202 107
203 106
204 106
205 106
206 106
207 106
208 105
209 105
210 105
211 105
212 104
213 104
214 104
215 103
216 103
217 103
218 102
219 102
220 102
221 101
222 101
223 101
224 100
225 100
226 100
227 99
228 99
229 99
230 98
231 98
232 97
233 97
234 97
235 96
236 96
237 96
238 95
239 95
240 94
241 94
242 94
243 93
244 93
245 93
246 92
247 92
248 92
249 91
250 91
251 90
252 90
253 90
254 90
255 89
256 89
257 89
258 88
259 88
260 88
261 87
262 87
263 87
264 86
265 86
266 86
267 86
268 85
269 85
270 85
271 84
272 84
273 84
274 83
275 83
276 83
277 82
278 82
279 82
280 81
281 81
282 80
283 80
284 80
285 79
286 79
287 79
288 78
289 78
290 78
291 77
292 77
293 76
294 76
295 76
296 75
297 75
298 75
299 75
300 74
301 74
302 74
303 74
304 73
305 73
306 73
307 72
308 72
309 72
310 71
311 71
312 71
313 70
314 70
315 70
316 69
317 69
318 68
319 67
320 67
321 66
322 66
323 65
324 64
325 64
326 63
327 62
328 61
329 60
330 60
331 59
332 58
333 57
334 56
335 55
336 54
337 54
338 53
339 52
340 51
341 50
342 50
343 49
344 48
345 48
346 47
347 47
348 46
349 46
350 46
351 46
352 46
353 46
354 46
355 46
356 46
357 46
358 46
359 47
360 47
361 48
362 48
363 49
364 50
365 51
366 52
367 52
368 53
369 54
370 55
371 56
372 57
373 58
374 59
374 60
375 61
376 62
377 63
378 64
379 65
380 66
381 67
382 68
383 68
384 69
385 70
386 71
387 72
388 72
389 73
390 74
391 74
392 75
393 76
394 76
395 77
396 77
397 78
398 79
399 79
400 80
401 80
402 81
403 81
404 82
405 82
406 83
407 83
408 83
409 84
410 84
411 85
412 85
413 86
414 86
415 87
416 87
417 88
418 88
419 89
420 89
421 90
422 90
423 90
424 91
425 91
426 92
427 92
428 93
429 93
430 94
431 94
432 95
433 95
434 96
435 96
436 96
437 97
438 97
439 98
440 98
441 99
442 99
443 100
444 100
445 101
446 101
447 101
448 102
449 102
450 103
451 103
452 104
453 104
454 105
455 105
456 105
457 106
458 106
459 107
460 107
461 108
462 108
463 109
464 109
465 110
466 110
467 110
468 111
469 111
470 112
471 112
472 113
473 113
474 114
475 114
476 115
477 115
478 116
479 116
480 117
481 117
482 118
483 118
484 119
485 119
486 120
487 120
488 121
489 121
490 122
491 122
492 123
493 123
494 124
495 125
496 125
497 126
498 126
499 127
500 128
501 128
502 129
503 130
504 130
505 131
506 131
507 132
508 133
509 133
510 134
511 134
512 135
513 135
514 136
515 136
516 136
517 137
518 137
519 137
520 137
521 138
522 138
523 138
524 138
525 137
526 137
527 137
528 137
529 137
530 136
531 136
532 136
533 135
534 135
535 135
536 135
