10 1
10 2
11 3
11 4
11 5
12 6
12 7
13 8
13 9
13 10
14 11
14 12
14 13
15 14
15 15
16 16
16 17
16 18
17 19
17 20
17 21
18 22
18 23
19 24
19 25
19 26
20 27
20 28
20 29
21 30
21 31
21 32
22 33
22 34
22 35
23 36
23 37
23 38
24 39
24 40
24 41
25 42
25 43
25 44
26 45
26 46
26 47
27 48
27 49
27 50
28 51
28 52
28 53
29 54
29 55
30 56
30 57
30 58
31 59
31 60
32 61
32 62
33 63
33 64
34 65
34 66
35 67
36 68
36 69
37 70
37 71
38 72
39 73
40 74
40 75
41 76
42 77
43 78
44 79
45 80
46 81
47 82
48 83
49 84
50 85
51 86
52 87
53 87
54 88
55 89
56 89
57 90
58 91
59 91
60 92
61 93
62 93
63 94
64 94
65 95
66 95
67 96
68 96
69 97
70 97
71 97
72 98
73 98
74 99
75 99
76 99
77 100
78 100
79 101
80 101
81 101
82 102
83 102
84 102
85 103
86 103
87 103
88 103
89 104
90 104
91 104
92 105
93 105
94 105
95 105
96 105
97 106
98 106
99 106
100 106
101 106
102 107
103 107
104 107
105 107
106 107
107 107
108 107
109 108
110 108
111 108
112 108
113 108
114 108
115 108
116 108
117 108
118 108
119 108
120 108
121 108
122 108
123 108
124 108
125 108
126 108
127 108
128 108
129 108
130 107
131 107
132 107
133 107
134 107
135 107
136 107
137 107
138 107
139 107
140 107
141 107
142 107
143 107
144 107
145 107
146 107
147 108
148 108
149 108
150 108
151 108
152 108
153 109
154 109
155 109
156 109
157 110
158 110
159 110
160 111
161 111
162 112
163 112
164 112
165 113
166 113
167 114
168 114
169 115
170 115
171 116
172 117
173 117
174 118
175 118
176 119
177 119
178 120
179 120
180 121
181 121
182 121
183 122
184 122
185 122
186 123
187 123
188 123
189 123
190 123
191 123
192 123
193 123
194 122
195 122
196 122
197 121
198 121
199 121
200 120
201 120
202 119
203 119
204 118
205 118
206 117
207 117
208 116
209 115
210 115
211 114
212 114
213 113
214 112
215 112
216 111
217 110
218 110
219 109
220 108
221 108
222 107
223 106
224 105
225 105
