31 63
32 63
33 64
34 65
35 66
36 66
37 67
38 68
39 69
40 70
41 70
42 71
43 72
44 73
45 73
46 74
47 75
48 75
49 76
50 77
51 78
52 78
53 79
54 79
55 80
56 81
57 81
58 82
59 82
60 83
61 83
62 84
63 84
64 85
65 85
66 86
67 86
68 87
69 87
70 88
71 88
72 89
73 89
74 90
75 90
76 91
77 92
78 92
79 93
80 94
81 95
82 96
83 96
84 97
85 98
86 99
86 100
87 101
88 102
89 103
90 104
91 105
92 106
92 107
93 108
94 109
95 110
95 111
96 112
97 113
98 114
98 115
99 116
100 117
101 118
101 119
102 120
103 121
104 122
105 123
106 124
107 125
108 126
109 126
110 126
111 126
112 126
113 126
114 125
115 125
116 124
117 123
118 122
118 121
119 120
120 119
121 118
121 117
122 116
122 115
123 114
124 113
124 112
125 111
126 110
126 109
127 108
127 107
128 106
129 105
129 104
130 103
131 102
132 101
133 100
133 99
134 98
135 98
136 97
137 96
138 95
139 95
140 94
141 94
142 94
143 94
144 93
145 93
146 93
147 93
148 93
149 93
150 93
151 93
152 93
153 93
154 92
155 92
156 91
157 91
158 91
159 90
160 90
161 89
162 89
163 88
164 88
165 88
166 88
167 88
168 88
169 88
170 88
171 89
172 89
173 89
174 90
175 91
176 91
177 92
178 93
179 94
180 95
181 96
182 97
183 98
184 99
185 100
186 101
187 102
188 103
189 104
189 105
190 106
191 107
192 108
193 109
194 110
195 111
196 112
197 113
198 114
199 114
200 115
201 116
202 116
203 117
204 117
205 118
206 118
207 118
208 118
209 119
210 119
211 118
212 118
213 118
214 118
215 118
216 117
217 117
218 117
219 116
220 116
221 115
222 115
223 114
224 114
225 113
226 113
227 112
228 112
229 111
230 110
231 110
232 109
233 109
234 108
235 107
236 107
237 106
238 106
239 105
240 104
241 104
242 103
243 103
244 102
245 102
246 101
247 101
248 100
249 100
250 99
251 99
252 98
253 98
254 98
255 98
256 97
257 97
258 97
259 97
260 96
261 96
262 96
263 96
264 96
265 96
266 96
267 96
268 96
269 96
270 96
271 96
272 96
273 96
274 96
275 96
276 96
277 96
278 96
279 96
280 96
281 96
282 96
283 96
284 96
285 96
286 96
287 96
288 96
289 96
290 97
291 97
292 97
293 97
294 97
295 97
296 98
297 98
298 98
299 99
300 99
301 99
302 100
303 100
304 100
305 101
306 101
307 102
308 102
309 102
310 103
311 103
312 104
313 104
314 105
315 105
316 105
317 106
318 106
319 107
320 107
321 108
322 108
323 108
324 109
325 109
326 109
327 110
328 110
329 110
330 111
331 111
332 111
333 111
334 111
335 112
336 112
337 112
338 112
339 112
340 113
341 113
342 113
343 113
344 113
345 114
346 114
347 114
348 114
349 115
350 115
351 115
352 116
353 116
354 116
355 117
356 117
357 118
358 118
359 119
360 120
361 120
362 121
363 122
364 123
365 123
366 124
367 125
368 126
369 127
370 128
371 129
372 130
373 131
374 132
375 133
376 134
376 135
377 136
378 136
379 137
380 138
381 139
382 140
383 141
384 142
385 142
386 143
387 144
388 144
389 145
390 145
391 146
392 146
393 147
394 147
395 148
396 148
397 149
398 149
399 149
400 149
401 150
402 150
403 150
404 150
405 151
406 151
407 151
408 151
409 151
410 151
411 151
412 151
413 152
414 152
415 152
416 152
417 152
418 152
419 153
420 153
421 153
422 153
423 154
424 154
425 154
426 155
427 155
428 156
429 156
430 157
431 157
432 158
433 159
434 160
435 160
436 161
437 162
438 163
439 164
440 165
441 166
442 167
443 168
444 169
445 170
446 171
447 171
448 172
449 173
450 174
451 175
452 176
453 177
454 178
455 179
456 180
457 180
458 181
459 182
460 183
461 184
462 185
463 186
464 187
