14 87
14 86
15 85
16 84
17 83
18 82
19 81
20 80
21 79
22 78
23 78
24 77
25 76
26 75
27 75
28 74
29 74
30 73
31 73
32 73
33 72
34 72
35 72
36 72
37 72
38 72
39 72
40 72
41 72
42 72
43 72
44 72
45 73
46 73
47 73
48 73
49 74
50 74
51 75
52 75
53 75
54 76
55 76
56 76
57 77
58 77
59 78
60 78
61 78
62 79
63 79
64 79
65 80
66 80
67 80
68 81
69 81
70 81
71 82
72 82
73 82
74 82
75 83
76 83
77 83
78 83
79 84
80 84
81 84
82 84
83 85
84 85
85 85
86 85
87 86
88 86
89 86
90 86
91 87
92 87
93 87
94 87
95 87
96 88
97 88
98 88
99 88
100 89
101 89
102 89
103 89
104 90
105 90
106 90
107 90
108 91
109 91
110 91
111 92
112 92
113 92
114 92
115 93
116 93
117 94
118 94
119 94
120 95
121 95
122 95
123 96
124 96
125 97
126 97
127 98
128 98
129 99
130 99
131 100
132 100
133 101
134 102
135 102
136 103
137 104
138 104
139 105
140 105
141 106
142 107
143 108
144 108
145 109
146 110
147 110
148 111
149 112
150 113
151 113
152 114
153 115
154 116
155 117
156 117
157 118
158 119
159 120
160 121
161 122
162 122
163 123
164 124
165 125
166 126
167 126
168 127
169 128
170 129
171 130
172 131
173 132
174 132
175 133
176 134
177 135
178 136
179 137
180 137
181 138
182 139
183 140
184 141
185 141
186 142
187 143
188 144
189 144
190 145
191 146
192 146
193 147
194 148
195 148
196 149
197 149
198 150
199 150
200 151
201 151
202 152
203 152
204 152
205 153
206 153
207 153
208 153
209 154
210 154
211 154
212 154
213 154
214 154
215 154
216 154
217 154
218 154
219 154
220 154
221 153
222 153
223 153
224 153
225 153
226 152
227 152
228 152
229 151
230 151
231 151
232 150
233 150
234 149
235 149
236 149
237 148
238 148
239 147
240 147
241 146
242 146
243 145
244 145
245 144
246 144
247 143
248 143
249 142
250 142
251 141
252 141
253 141
254 140
255 140
256 140
257 139
258 139
259 139
260 138
261 138
262 138
263 138
264 137
265 137
266 137
267 137
268 137
269 136
270 136
271 136
272 136
273 136
274 135
275 135
276 135
277 135
278 135
279 134
280 134
281 134
282 134
283 133
284 133
285 133
286 132
287 132
288 132
289 132
290 131
291 131
292 131
293 131
294 130
295 130
296 130
297 130
298 129
299 129
300 129
301 129
302 129
303 128
304 128
305 128
306 128
307 128
308 128
309 128
310 128
311 127
312 127
313 127
314 127
315 127
316 127
317 127
318 128
319 128
320 128
321 128
322 128
323 128
324 128
325 128
326 128
327 129
328 129
329 129
330 129
331 130
332 130
333 130
334 130
335 131
336 131
337 131
338 132
339 132
340 132
341 133
342 133
343 133
344 134
345 134
346 135
347 135
348 135
349 136
350 136
351 137
352 137
353 138
354 138
355 139
356 139
357 140
358 140
359 141
360 142
361 142
362 143
363 143
364 144
365 145
366 145
367 146
368 147
369 147
370 148
371 148
372 149
373 150
374 151
375 151
376 152
377 153
378 153
379 154
380 155
381 155
382 156
383 157
384 157
385 158
386 159
387 159
388 160
389 161
390 161
391 162
392 163
393 163
394 164
395 165
396 165
397 166
398 167
399 167
400 168
401 168
402 169
403 169
404 170
405 170
406 171
407 171
408 172
409 172
410 173
411 173
412 173
413 174
414 174
415 174
416 174
417 174
418 174
419 175
420 174
421 174
422 174
423 174
424 174
425 174
426 173
427 173
428 172
429 172
430 171
431 171
432 170
433 169
434 169
435 168
436 167
437 166
438 165
439 165
440 164
441 163
442 162
443 162
444 161
445 160
446 160
447 159
448 159
449 158
450 158
451 158
452 157
453 157
454 157
455 157
456 157
457 157
458 157
459 157
460 157
461 157
462 157
463 157
464 157
465 157
466 157
467 157
468 157
469 157
470 158
471 158
472 158
473 158
474 158
475 158
476 158
477 158
478 159
479 159
480 159
481 159
482 159
483 160
484 160
485 160
486 161
487 161
488 161
489 161
490 162
491 162
492 163
493 163
494 163
495 164
496 164
497 165
498 165
499 166
500 166
501 167
502 167
503 168
504 168
505 169
506 169
507 170
508 170
509 171
510 171
511 172
512 173
513 173
514 174
515 174
516 175
517 176
518 176
519 177
