11 39
12 39
13 40
14 41
15 41
16 42
17 43
18 43
19 44
20 45
21 45
22 46
23 47
24 47
25 48
26 49
27 49
28 50
29 50
30 51
31 52
32 52
33 53
34 53
35 54
36 54
37 55
38 55
39 56
40 56
41 56
42 57
43 57
44 58
45 58
46 59
47 59
48 59
49 60
50 60
51 60
52 61
53 61
54 61
55 62
56 62
57 63
58 63
59 63
60 64
61 64
62 64
63 65
64 65
65 65
66 66
67 66
68 66
69 67
70 67
71 67
72 68
73 68
74 69
75 69
76 69
77 70
78 70
79 70
80 71
81 71
82 71
83 72
84 72
85 73
86 73
87 73
88 74
89 74
90 74
91 75
92 75
93 75
94 76
95 76
96 76
97 77
98 77
99 77
100 78
101 78
102 78
103 78
104 79
105 79
106 79
107 80
108 80
109 80
110 81
111 81
112 81
113 81
114 82
115 82
116 83
117 83
118 83
119 84
120 84
121 85
122 85
123 86
124 87
125 87
126 88
127 89
128 90
129 91
130 92
130 93
131 94
132 95
133 96
133 97
134 98
135 99
135 100
136 101
137 102
137 103
138 104
138 105
139 106
139 107
140 108
141 109
141 110
142 111
142 112
143 113
144 114
144 115
145 116
146 117
146 118
147 119
148 120
149 121
149 122
150 123
151 124
152 125
152 126
153 127
154 128
155 129
156 130
157 131
158 132
159 133
160 134
161 135
162 136
163 137
164 138
165 139
166 139
167 140
168 141
169 142
170 143
171 143
172 144
173 145
174 146
175 147
176 147
177 148
178 149
179 149
180 150
181 151
182 152
183 152
184 153
185 154
