11 69
12 69
13 69
14 70
15 70
16 71
17 71
18 72
19 72
20 73
21 73
22 74
23 74
24 74
25 75
26 75
27 76
28 76
29 77
30 77
31 77
32 78
33 78
34 79
35 79
36 79
37 80
38 80
39 80
40 81
41 81
42 81
43 82
44 82
45 82
46 83
47 83
48 83
49 83
50 83
51 84
52 84
53 84
54 84
55 84
56 84
57 85
58 85
59 85
60 85
61 85
62 85
63 85
64 85
65 85
66 85
67 85
68 84
69 84
70 84
71 84
72 84
73 84
74 84
75 83
76 83
77 83
78 83
79 83
80 82
81 82
82 82
83 82
84 82
85 81
86 81
87 81
88 81
89 80
90 80
91 80
92 80
93 80
94 80
95 79
96 79
97 79
98 79
99 79
100 79
101 79
102 79
103 79
104 79
105 79
106 79
107 79
108 79
109 79
110 79
111 79
112 79
113 79
114 79
115 79
116 80
117 80
118 80
119 80
120 81
121 81
122 81
123 82
124 82
125 82
126 83
127 84
128 84
129 85
130 85
131 86
132 87
133 88
134 89
135 89
136 90
137 91
138 92
139 93
140 94
141 95
141 96
142 97
143 98
144 99
145 100
146 101
147 102
147 103
148 104
149 105
150 106
151 107
151 108
152 109
153 110
154 111
154 112
155 113
156 114
156 115
157 116
158 117
159 118
159 119
160 120
161 121
161 122
162 123
163 124
163 125
164 126
165 127
166 128
166 129
167 130
168 131
169 132
170 133
171 134
172 135
173 136
174 136
175 137
176 137
177 138
178 138
179 138
180 138
181 139
182 139
183 139
184 139
185 139
186 139
187 139
188 139
189 139
190 139
191 140
192 140
193 140
194 140
195 140
196 141
197 141
198 141
199 142
200 142
201 142
202 143
203 143
204 144
205 144
206 145
207 145
208 146
209 147
210 147
211 148
212 148
213 149
214 150
215 150
216 151
217 151
218 152
219 153
220 153
221 154
222 155
223 155
224 156
225 156
226 157
227 158
228 158
229 159
230 160
231 160
232 161
233 161
234 162
235 163
236 163
237 164
238 165
239 165
240 166
241 166
242 167
243 167
244 168
245 168
246 169
247 169
248 169
249 170
250 170
251 170
252 170
253 170
254 170
255 170
256 170
257 170
258 170
259 169
260 169
261 169
262 168
263 168
264 167
265 167
266 166
267 166
268 165
269 164
270 164
271 163
272 162
273 161
274 161
275 160
276 159
277 158
278 157
279 156
280 155
281 154
282 153
283 152
284 151
285 150
286 149
287 148
288 147
289 146
290 145
291 144
292 143
293 142
294 141
295 140
296 139
297 138
298 137
299 136
300 135
301 134
302 133
303 132
304 131
305 130
306 129
307 128
308 127
309 126
310 125
311 124
312 123
313 122
314 122
315 121
316 120
317 119
318 118
319 117
320 116
321 115
322 114
323 113
324 112
325 111
326 111
327 110
328 109
329 108
330 107
331 106
332 105
333 105
334 104
335 103
336 102
337 101
338 101
339 100
340 99
341 99
342 98
343 97
344 97
345 96
346 96
347 95
348 95
349 95
350 95
351 94
352 94
353 94
354 94
355 95
356 95
357 95
358 96
359 96
360 97
361 97
362 98
363 99
364 100
364 101
365 102
366 103
367 104
367 105
368 106
369 107
369 108
370 109
370 110
371 111
371 112
372 113
373 114
373 115
374 116
374 117
375 118
375 119
376 120
376 121
377 122
377 123
378 124
378 125
379 126
379 127
380 128
380 129
381 130
381 131
382 132
382 133
383 134
383 135
384 136
384 137
385 138
385 139
386 140
386 141
387 142
387 143
388 144
388 145
389 146
389 147
390 148
