14 13
15 13
16 13
17 14
18 14
19 15
20 15
21 16
22 16
23 17
24 17
25 18
26 18
27 18
28 19
29 19
30 19
31 20
32 20
33 20
34 20
35 20
36 21
37 21
38 21
39 21
40 21
41 21
42 21
43 21
44 21
45 21
46 21
47 21
48 21
49 21
50 21
51 21
52 21
53 21
54 21
55 21
56 21
57 21
58 21
59 21
60 22
61 22
62 22
63 22
64 22
65 23
66 23
67 23
68 23
69 24
70 24
71 24
72 25
73 25
74 25
75 26
76 26
77 27
78 27
79 27
80 28
81 28
82 29
83 29
84 30
85 30
86 31
87 31
88 32
89 32
90 33
91 34
92 34
93 35
94 36
95 36
96 37
97 38
98 39
99 39
100 40
101 41
102 42
103 43
104 44
105 44
106 45
107 46
108 47
109 48
110 49
111 50
112 51
113 52
114 53
115 54
116 55
117 55
118 56
119 57
120 57
121 57
122 58
123 58
124 58
125 58
126 58
127 58
128 58
129 58
130 58
131 58
132 58
133 58
134 58
135 58
136 59
137 59
138 60
139 60
140 61
141 62
142 62
143 63
144 64
145 65
146 66
146 67
147 68
148 69
149 70
150 71
151 72
152 73
153 74
154 75
155 76
156 77
157 78
158 79
159 80
160 80
161 81
162 81
163 82
164 82
165 82
166 82
167 82
168 82
169 82
170 82
171 81
172 81
173 81
174 80
175 80
176 79
177 79
178 79
179 78
180 78
181 78
182 78
183 78
184 78
185 78
186 78
187 78
188 78
189 78
190 79
191 79
192 79
193 79
194 79
195 79
196 80
197 80
198 80
199 80
200 80
201 80
202 81
203 81
204 81
205 82
206 82
207 83
208 83
209 84
210 84
211 85
212 85
213 86
214 87
215 87
216 88
217 89
218 89
219 90
220 90
221 91
222 92
223 92
224 93
225 94
226 94
227 95
228 96
