19 27
19 28
19 29
20 30
20 31
20 32
20 33
21 34
21 35
21 36
21 37
21 38
22 39
22 40
22 41
22 42
23 43
23 44
23 45
23 46
23 47
24 48
24 49
24 50
24 51
25 52
25 53
25 54
25 55
25 56
26 57
26 58
26 59
26 60
27 61
27 62
27 63
27 64
28 65
28 66
28 67
28 68
29 69
29 70
29 71
29 72
30 73
30 74
30 75
30 76
31 77
31 78
31 79
32 80
32 81
32 82
32 83
33 84
33 85
33 86
34 87
34 88
34 89
35 90
35 91
36 92
36 93
36 94
37 95
37 96
37 97
38 98
38 99
39 100
39 101
40 102
40 103
41 104
41 105
42 106
42 107
43 108
44 109
44 110
45 111
46 112
47 113
47 114
48 115
49 116
50 117
51 118
52 119
53 120
54 121
55 122
56 123
57 123
58 124
59 125
60 125
61 126
62 127
63 127
64 128
65 128
66 129
67 129
68 129
69 130
70 130
71 130
72 131
73 131
74 131
75 131
76 132
77 132
78 132
79 132
80 132
81 132
82 132
83 132
84 132
85 132
86 132
87 132
88 132
89 132
90 132
91 132
92 132
93 132
94 132
95 132
96 133
97 133
98 133
99 133
100 133
101 133
102 134
103 134
104 134
105 134
106 135
107 135
108 135
109 136
110 136
111 137
112 137
113 137
114 138
115 138
116 139
117 139
118 140
119 140
120 141
121 141
122 142
123 142
124 142
125 143
126 143
127 143
128 143
129 143
130 143
131 143
132 143
133 143
134 143
135 142
136 142
137 141
138 141
139 140
140 139
141 138
142 138
143 137
144 136
145 135
146 134
147 133
148 132
149 131
150 130
150 129
151 128
152 127
153 126
153 125
154 124
155 123
156 122
156 121
157 120
158 119
159 118
159 117
160 116
161 115
162 114
163 113
164 113
165 112
166 112
167 112
168 112
169 112
170 112
171 112
172 113
173 113
174 113
175 114
176 114
177 115
178 115
179 116
180 116
181 117
182 117
183 118
184 118
185 119
186 119
187 120
188 120
189 121
190 121
191 122
192 122
193 123
194 123
195 124
196 124
197 125
198 125
199 126
200 126
201 127
202 127
203 127
204 128
205 128
206 129
207 129
208 129
209 130
210 130
211 130
212 131
213 131
214 131
215 131
216 131
217 131
218 132
219 132
220 132
221 132
222 131
223 131
224 131
225 131
226 131
227 131
228 130
229 130
230 130
231 130
232 129
233 129
234 129
235 128
236 128
237 128
238 127
239 127
240 126
241 126
242 125
243 125
244 124
245 124
246 123
247 123
248 122
249 122
250 121
251 121
252 120
253 120
254 119
255 119
256 118
257 118
258 117
259 117
260 116
261 116
262 115
263 115
264 115
265 114
266 114
267 114
268 113
269 113
270 113
271 113
272 113
273 113
274 112
275 112
276 112
277 112
278 112
279 113
280 113
281 113
282 113
283 113
284 113
285 113
286 114
287 114
288 114
289 115
290 115
291 115
292 116
293 116
294 117
295 117
296 117
297 118
298 118
299 119
300 119
301 120
302 121
303 121
304 122
305 122
306 123
307 123
308 124
309 124
310 125
311 125
312 126
313 126
314 126
315 127
316 127
317 127
318 128
319 128
320 128
321 128
322 129
323 129
324 129
325 129
326 129
327 129
328 129
329 129
330 129
331 129
332 129
333 129
334 128
335 128
336 128
337 128
338 128
339 128
340 127
341 127
342 127
343 126
344 126
345 126
346 125
347 125
348 125
349 124
350 124
351 123
352 123
353 123
354 122
355 122
356 121
357 121
358 120
359 120
360 119
361 119
362 118
363 118
364 117
365 117
366 116
367 116
368 115
369 115
370 114
371 114
372 113
373 113
374 112
375 112
376 111
377 111
378 110
379 110
380 109
381 109
382 108
383 108
384 107
385 107
386 106
387 106
388 105
389 105
390 104
391 104
392 103
393 103
394 102
395 102
396 101
397 101
398 100
399 100
400 100
401 99
402 99
403 98
404 98
405 97
406 97
407 96
408 95
409 95
410 94
411 94
412 93
413 93
414 92
415 92
416 91
417 91
418 90
419 90
420 89
421 89
422 88
423 88
424 87
425 87
426 87
427 86
428 86
429 85
430 85
431 85
432 84
433 84
434 84
435 83
436 83
437 83
438 83
439 82
440 82
441 82
442 82
443 82
444 82
445 82
446 82
447 82
448 82
449 82
450 82
451 82
452 82
453 82
454 82
455 82
456 82
457 82
458 82
459 82
460 82
461 82
462 82
463 82
464 82
465 83
466 83
