10 47
11 48
12 49
12 50
13 51
13 52
14 53
14 54
15 55
15 56
16 57
16 58
17 59
17 60
18 61
18 62
19 63
19 64
20 65
20 66
21 67
21 68
22 69
23 70
23 71
24 72
24 73
25 74
25 75
26 76
26 77
27 78
28 79
28 80
29 81
30 82
30 83
31 84
31 85
32 86
33 87
34 88
34 89
35 90
36 91
37 92
38 93
38 94
39 95
40 96
41 97
42 98
43 98
44 99
45 100
46 101
47 101
48 102
49 102
50 103
51 103
52 104
53 104
54 104
55 104
56 104
57 104
58 103
59 103
60 103
61 102
62 102
63 101
64 100
65 100
66 99
67 98
68 97
69 96
70 96
71 95
72 94
73 93
74 92
75 91
76 90
77 89
78 89
79 88
80 87
81 86
82 85
83 85
84 84
85 83
86 83
87 82
88 82
89 81
90 80
91 80
92 80
93 79
94 79
95 78
96 78
97 78
98 78
99 78
100 77
101 77
102 77
103 77
104 77
105 77
106 77
107 77
108 77
109 77
110 77
111 77
112 77
113 77
114 77
115 78
116 78
117 78
118 78
119 78
120 78
121 79
122 79
123 79
124 79
125 80
126 80
127 80
128 80
129 81
130 81
131 81
132 81
133 82
134 82
135 82
136 83
137 83
138 83
139 84
140 84
141 84
142 85
143 85
144 85
145 85
146 86
147 86
148 86
149 86
150 87
151 87
152 87
153 87
154 87
155 87
156 87
157 87
158 87
159 87
160 87
161 87
162 87
163 87
164 86
165 86
166 86
167 86
168 85
169 85
170 85
171 85
172 85
173 85
174 85
175 85
176 85
177 85
178 85
179 86
180 86
181 87
182 87
183 88
184 88
185 89
186 90
187 91
188 92
189 93
190 94
191 95
191 96
192 97
193 98
193 99
194 100
195 101
195 102
196 103
197 104
197 105
198 106
198 107
199 108
199 109
200 110
201 111
201 112
202 113
202 114
203 115
204 116
204 117
205 118
206 119
206 120
207 121
208 122
208 123
209 124
210 125
211 126
212 127
213 128
214 129
215 130
216 131
217 132
218 133
219 133
220 134
221 134
222 135
223 135
224 135
225 136
226 136
227 136
228 136
229 137
230 137
231 137
232 137
233 137
234 137
235 137
236 137
237 137
238 137
239 137
240 137
241 137
242 137
243 137
244 136
245 136
246 136
247 135
248 135
249 134
250 134
251 133
252 133
253 132
254 131
255 131
256 130
257 129
258 128
259 128
260 127
261 126
262 125
263 125
264 124
265 123
266 122
267 121
268 121
269 120
270 119
271 118
272 118
273 117
274 116
275 116
276 115
277 114
278 114
279 113
280 113
281 112
282 112
283 111
284 111
285 111
286 111
287 111
288 110
289 110
290 110
291 110
292 111
293 111
294 111
295 111
296 111
297 111
298 112
299 112
300 112
301 112
302 112
303 112
304 113
305 113
306 112
307 112
308 112
309 112
310 112
311 111
312 111
313 111
314 110
315 110
316 109
317 109
318 108
319 108
320 107
321 107
322 107
323 106
324 106
325 105
326 105
327 104
328 104
329 103
330 103
331 102
332 102
333 101
334 101
335 101
336 100
337 100
338 99
339 99
340 98
341 97
342 97
343 96
344 96
345 95
346 95
347 94
348 93
349 93
350 92
351 91
352 90
353 90
354 89
355 88
356 87
357 87
358 86
359 85
360 84
361 83
362 82
363 82
364 81
365 80
366 79
367 78
368 77
369 77
370 76
371 75
372 74
373 74
374 73
375 72
376 72
377 71
378 71
379 70
380 70
381 69
382 69
383 68
384 68
385 68
386 67
387 67
388 67
389 66
390 66
391 66
392 66
393 66
394 66
395 65
396 65
397 65
398 65
399 65
400 65
401 65
402 65
403 65
404 65
405 65
406 65
407 66
408 66
409 66
410 66
411 66
412 66
413 66
414 67
415 67
416 67
417 67
418 67
419 67
420 68
421 68
422 68
423 68
424 68
425 69
426 69
427 69
428 69
429 70
430 70
431 70
432 70
433 70
434 71
435 71
436 71
437 71
438 72
