24 11
25 11
26 12
27 13
28 14
29 15
30 16
31 16
32 17
33 18
34 19
35 20
36 21
37 22
38 23
39 24
40 25
41 26
42 27
43 28
44 29
45 30
46 31
46 32
47 33
48 34
49 35
50 36
51 37
51 38
52 39
53 40
54 41
55 42
55 43
56 44
57 45
58 46
58 47
59 48
60 49
61 50
61 51
62 52
63 53
64 54
64 55
65 56
66 57
67 58
67 59
68 60
69 61
70 62
70 63
71 64
72 65
73 66
73 67
74 68
75 69
76 70
76 71
77 72
78 73
79 74
79 75
80 76
81 77
81 78
82 79
83 80
84 81
84 82
85 83
86 84
87 85
87 86
88 87
89 88
90 89
90 90
91 91
92 92
93 93
93 94
94 95
95 96
96 97
96 98
97 99
98 100
99 101
99 102
100 103
101 104
102 105
103 106
103 107
104 108
105 109
106 110
107 111
108 112
109 113
109 114
110 115
111 116
112 117
113 118
114 118
115 119
116 120
117 121
118 122
119 123
120 123
121 124
122 125
123 125
124 126
125 126
126 127
127 128
128 128
129 129
130 129
131 130
132 130
133 131
134 131
135 132
136 132
137 133
138 133
139 133
140 134
141 134
142 135
143 135
144 136
145 136
146 136
147 137
148 137
149 137
150 138
151 138
152 138
153 139
154 139
155 139
156 139
157 139
158 140
159 140
160 140
161 140
162 140
163 139
164 139
165 139
166 139
167 138
168 138
169 137
170 137
171 136
172 135
173 135
174 134
175 133
176 132
177 131
178 130
179 130
180 129
181 128
182 128
183 127
184 127
185 127
186 126
187 126
188 125
189 125
190 124
191 123
192 123
193 122
194 121
195 120
196 119
197 118
198 117
199 116
200 115
201 114
202 113
203 112
204 111
205 110
206 109
207 108
208 107
209 107
210 106
211 105
212 104
212 103
213 102
214 101
215 100
216 99
216 98
217 97
218 96
219 95
219 94
220 93
221 92
221 91
222 90
222 89
223 88
224 87
224 86
225 85
226 84
226 83
227 82
228 81
228 80
229 79
230 78
