31 71
32 71
33 71
34 70
35 70
36 70
37 70
38 70
39 70
40 69
41 69
42 69
43 69
44 69
45 68
46 68
47 68
48 68
49 68
50 68
51 67
52 67
53 67
54 67
55 67
56 67
57 67
58 66
59 66
60 66
61 66
62 66
63 66
64 66
65 66
66 66
67 66
68 66
69 66
70 66
71 66
72 66
73 66
74 66
75 66
76 66
77 66
78 66
79 66
80 66
81 66
82 66
83 66
84 66
85 67
86 67
87 67
88 67
89 67
90 68
91 68
92 68
93 69
94 69
95 69
96 70
97 70
98 71
99 71
100 72
101 72
102 73
103 73
104 74
105 75
106 75
107 76
108 77
109 78
110 79
111 80
112 81
113 82
114 83
115 84
115 85
116 86
117 87
118 88
119 89
119 90
120 91
121 92
121 93
122 94
123 95
123 96
124 97
124 98
125 99
126 100
126 101
127 102
127 103
128 104
129 105
129 106
130 107
130 108
131 109
132 110
132 111
133 112
133 113
134 114
134 115
135 116
136 117
136 118
137 119
137 120
138 121
139 122
139 123
140 124
140 125
141 126
142 127
142 128
143 129
144 130
144 131
145 132
146 133
146 134
147 135
148 136
149 137
149 138
150 139
151 140
152 141
153 142
153 143
154 144
155 145
156 146
157 147
158 148
159 149
160 150
161 151
162 152
163 153
164 154
165 155
166 156
167 156
168 157
169 158
170 159
171 159
172 160
173 161
174 162
175 162
176 163
177 164
178 164
179 165
180 166
181 166
182 167
183 168
184 168
185 169
186 170
187 170
188 171
189 172
190 172
191 173
192 173
193 174
194 175
195 175
196 176
197 176
198 177
199 177
200 178
201 179
202 179
203 180
204 180
205 180
206 181
207 181
208 182
209 182
210 182
211 182
212 183
213 183
214 183
215 183
216 182
217 182
218 182
219 181
220 181
221 180
222 179
223 178
224 177
225 176
226 175
227 174
228 173
229 172
229 171
230 170
231 169
231 168
232 167
233 166
234 165
234 164
235 163
236 162
237 161
238 160
238 159
239 158
240 157
241 156
242 155
243 154
244 153
245 152
246 151
247 150
248 149
249 148
250 147
251 146
252 146
253 145
254 144
255 143
256 142
257 141
258 141
259 140
260 139
261 138
262 138
263 137
264 136
265 136
266 135
267 134
268 134
269 133
270 132
271 132
272 131
273 131
274 130
275 130
276 130
277 129
278 129
279 129
280 128
281 128
282 128
283 128
284 127
285 127
286 127
287 127
288 127
289 127
290 127
291 127
292 128
293 128
294 128
295 128
296 129
297 129
298 129
299 130
300 130
301 131
302 131
303 132
304 132
305 133
306 134
307 134
308 135
309 136
310 136
311 137
312 138
313 139
314 139
315 140
316 141
317 142
318 143
319 144
320 145
321 146
322 147
323 148
324 149
325 150
326 151
327 152
328 153
329 154
330 155
330 156
331 157
332 158
333 159
334 160
335 161
335 162
336 163
337 164
338 165
339 166
339 167
340 168
341 169
342 170
343 171
343 172
344 173
345 174
346 175
346 176
347 177
348 178
349 179
349 180
350 181
351 182
352 183
352 184
353 185
354 186
354 187
355 188
356 189
357 190
357 191
358 192
359 193
360 194
360 195
361 196
362 197
362 198
363 199
