38 63
39 64
39 65
39 66
39 67
40 68
40 69
40 70
41 71
41 72
41 73
41 74
42 75
42 76
42 77
43 78
43 79
43 80
43 81
44 82
44 83
44 84
45 85
45 86
45 87
46 88
46 89
46 90
46 91
47 92
47 93
47 94
48 95
48 96
48 97
49 98
49 99
50 100
50 101
50 102
51 103
51 104
51 105
52 106
52 107
53 108
53 109
54 110
54 111
54 112
55 113
55 114
56 115
56 116
57 117
58 118
58 119
59 120
60 121
60 122
61 123
62 124
63 125
64 126
65 127
66 128
67 129
68 129
69 130
70 130
71 130
72 131
73 131
74 130
75 130
76 130
77 129
78 129
79 128
80 127
81 126
82 125
83 124
84 123
85 122
86 121
87 120
88 119
88 118
89 117
90 116
91 115
91 114
92 113
93 112
94 111
94 110
95 109
96 108
97 107
97 106
98 105
99 104
100 103
101 102
102 101
103 100
104 100
105 99
106 98
107 98
108 98
109 98
110 98
111 98
112 98
113 98
114 98
115 99
116 99
117 100
118 101
119 101
120 102
121 103
122 103
123 104
124 105
125 106
126 106
127 107
128 108
129 108
130 109
131 109
132 110
133 110
134 111
135 111
136 111
137 111
138 112
139 112
140 112
141 112
142 112
143 112
144 112
145 111
146 111
147 111
148 111
149 111
150 110
151 110
152 110
153 109
154 109
155 108
156 108
157 107
158 107
159 106
160 106
161 105
162 105
163 104
164 104
165 103
166 102
167 102
168 101
169 100
170 99
171 99
172 98
173 97
174 96
175 95
176 95
177 94
178 93
179 92
180 91
181 90
182 89
183 88
184 87
185 87
186 86
187 85
188 84
189 83
190 83
191 82
192 81
193 80
194 80
195 79
196 79
197 78
198 78
199 77
200 77
201 76
202 76
203 75
204 75
205 75
206 75
207 74
208 74
209 74
210 74
211 74
212 74
213 74
214 74
215 74
216 74
217 74
218 75
219 75
220 75
221 75
222 76
223 76
224 77
225 77
226 78
227 78
228 79
229 80
230 81
231 81
232 82
233 83
234 84
235 85
236 86
237 87
237 88
238 89
239 90
240 91
240 92
241 93
242 94
243 95
243 96
244 97
245 98
245 99
246 100
246 101
247 102
248 103
248 104
249 105
250 106
250 107
251 108
252 109
252 110
253 111
253 112
254 113
255 114
255 115
256 116
257 117
257 118
258 119
259 120
259 121
260 122
261 123
261 124
262 125
263 126
264 127
264 128
265 129
266 130
267 131
267 132
268 133
269 134
270 135
271 136
271 137
272 138
273 139
274 140
275 141
276 142
277 143
277 144
278 145
279 146
280 147
281 148
282 149
283 150
284 151
285 152
286 153
287 154
288 155
289 156
290 157
291 158
292 159
293 160
294 161
295 162
296 163
297 164
298 165
299 166
300 167
301 167
302 168
303 169
304 170
305 171
306 172
307 172
308 173
309 174
310 175
311 175
312 176
313 177
314 177
315 178
316 179
317 179
318 180
319 181
320 181
321 182
322 182
323 183
324 183
325 184
326 184
327 185
328 185
329 185
330 186
331 186
332 186
333 187
334 187
335 187
336 187
337 188
338 188
339 188
340 188
341 188
342 188
343 188
344 188
345 188
346 188
347 188
348 188
349 188
350 188
351 188
352 188
353 188
354 188
355 187
356 187
357 187
358 187
359 187
360 186
361 186
362 186
363 185
364 185
365 185
366 184
367 184
368 184
369 183
370 183
371 182
372 182
373 181
374 181
375 181
376 180
377 180
378 179
379 179
380 178
381 178
382 177
383 177
384 176
385 175
386 175
387 174
388 174
389 173
390 173
391 172
392 172
393 171
394 170
395 170
396 169
