5 28
6 29
7 30
8 31
9 32
10 33
11 34
11 35
12 36
13 37
14 38
15 39
16 40
17 41
18 42
19 43
19 44
20 45
21 46
22 47
23 48
24 49
25 50
25 51
26 52
27 53
28 54
29 55
30 56
31 57
31 58
32 59
33 60
34 61
35 62
36 63
37 64
38 65
38 66
39 67
40 68
41 69
42 70
43 71
44 72
45 73
46 74
47 75
48 76
48 77
49 78
50 79
51 80
52 81
53 82
54 83
55 84
56 85
57 86
58 87
59 88
60 88
61 89
62 90
63 91
64 92
65 93
66 94
67 95
68 96
69 96
70 97
71 98
72 99
73 100
74 100
75 101
76 102
77 103
78 103
79 104
80 105
81 105
82 106
83 107
84 107
85 108
86 109
87 110
88 110
89 111
90 112
91 113
92 113
93 114
94 115
95 116
96 117
97 117
98 118
99 119
100 120
101 120
102 121
103 121
104 121
105 122
106 122
107 121
108 121
109 121
110 121
111 120
112 120
113 119
114 118
115 118
116 117
117 117
118 116
119 115
120 115
121 114
122 114
123 114
124 113
125 113
126 113
127 113
128 112
129 112
130 112
131 112
132 112
133 112
134 112
135 111
136 111
137 111
138 111
139 110
140 110
141 110
142 110
143 109
144 109
145 109
146 108
147 108
148 107
149 107
150 107
151 106
152 106
153 106
154 105
155 105
156 105
157 105
158 104
159 104
160 104
161 104
162 104
163 104
164 104
165 104
166 104
167 104
168 104
169 104
170 104
171 104
172 105
173 104
174 104
175 104
176 104
177 104
178 104
179 103
180 103
181 103
182 103
183 102
184 102
185 102
186 101
187 101
188 101
189 101
190 101
191 101
192 101
193 101
194 101
195 102
196 102
197 102
198 103
199 104
200 105
201 106
202 107
203 108
204 109
205 110
205 111
206 112
207 113
208 114
208 115
209 116
210 117
211 118
212 119
213 120
214 121
215 121
216 122
217 123
218 123
219 124
220 124
221 125
222 125
223 125
224 126
225 126
226 126
227 126
228 126
229 127
230 127
231 127
232 127
