19 11
20 12
20 13
21 14
21 15
22 16
22 17
23 18
23 19
24 20
24 21
25 22
25 23
26 24
26 25
27 26
27 27
27 28
28 29
28 30
29 31
29 32
30 33
30 34
31 35
31 36
32 37
32 38
33 39
33 40
34 41
34 42
35 43
36 44
36 45
37 46
38 47
39 48
40 49
41 49
42 50
43 51
44 51
45 51
46 51
47 51
48 52
49 52
50 51
51 51
52 51
53 51
54 51
55 51
56 50
57 50
58 50
59 49
60 49
61 49
62 48
63 48
64 47
65 47
66 46
67 46
68 45
69 45
70 44
71 44
72 43
73 43
74 42
75 42
76 41
77 41
78 40
79 40
80 39
81 39
82 38
83 38
84 38
85 37
86 37
87 36
88 36
89 36
90 35
91 35
92 35
93 35
94 35
95 34
96 34
97 34
98 34
99 34
100 34
101 34
102 34
103 34
104 35
105 35
106 35
107 35
108 35
109 35
110 35
111 35
112 36
113 36
114 36
115 36
116 36
117 36
118 36
119 36
120 37
121 37
122 37
123 37
124 37
125 37
126 37
127 37
128 37
129 37
130 37
131 38
132 38
133 38
134 38
135 38
136 38
137 38
138 38
139 38
140 38
141 38
142 38
143 39
144 39
145 39
146 39
147 39
148 39
149 39
150 39
151 39
152 39
153 39
154 40
155 40
156 40
157 40
158 41
159 41
160 41
161 41
162 42
163 42
164 43
165 43
166 43
167 44
168 44
169 45
170 45
171 46
172 46
173 47
174 47
175 48
176 48
177 49
178 49
179 50
180 50
181 51
182 51
183 52
184 52
185 53
186 53
187 54
188 54
189 54
190 55
191 55
192 55
193 56
194 56
195 56
196 56
197 57
198 57
199 57
200 57
201 58
202 58
203 58
204 58
205 58
206 58
207 58
208 58
209 58
210 58
211 58
212 57
213 57
214 57
215 56
216 56
217 56
218 55
219 55
220 54
221 54
222 53
223 53
224 52
225 52
226 51
227 50
228 50
229 49
230 48
231 48
232 47
233 46
234 46
235 45
236 44
237 43
238 43
239 42
240 41
241 40
242 39
243 38
244 38
245 37
246 36
247 35
248 34
249 33
250 33
251 32
252 31
253 30
254 30
255 29
256 28
257 28
258 27
259 26
260 26
261 25
262 25
263 25
264 24
265 24
266 24
267 24
268 23
269 23
270 23
271 23
272 23
273 23
274 23
275 23
276 23
277 23
278 23
279 23
280 23
281 23
282 23
283 23
284 23
285 23
286 23
287 23
288 23
289 23
290 23
291 23
292 23
293 23
294 24
295 24
296 24
297 24
298 24
299 24
300 24
301 24
302 24
303 24
304 24
305 24
306 24
307 24
308 24
309 23
310 23
311 23
