21 22
22 23
23 24
24 25
24 26
25 27
26 28
26 29
27 30
28 31
28 32
29 33
30 34
30 35
31 36
31 37
32 38
33 39
33 40
34 41
34 42
35 43
35 44
36 45
36 46
37 47
37 48
38 49
38 50
39 51
39 52
40 53
40 54
41 55
41 56
42 57
42 58
42 59
43 60
43 61
44 62
44 63
45 64
45 65
46 66
46 67
47 68
47 69
47 70
48 71
48 72
49 73
49 74
50 75
50 76
51 77
51 78
52 79
52 80
53 81
53 82
54 83
54 84
55 85
56 86
56 87
57 88
57 89
58 90
59 91
59 92
60 93
61 94
61 95
62 96
63 97
63 98
64 99
65 100
66 101
66 102
67 103
68 104
69 105
70 106
70 107
71 108
72 109
73 110
74 111
75 112
76 113
77 114
78 115
79 116
80 117
81 118
82 119
83 120
84 121
85 122
86 123
87 124
88 125
89 126
90 127
91 128
92 129
93 129
94 130
95 131
96 131
97 132
98 133
99 133
100 134
101 134
102 134
103 135
104 135
105 135
106 135
107 135
108 136
109 136
110 135
111 135
112 135
113 135
114 135
115 135
116 134
117 134
118 134
119 133
120 133
121 133
122 132
123 132
124 131
125 131
126 130
127 130
128 129
129 129
130 128
131 128
132 128
133 127
134 127
135 126
136 126
137 125
138 125
139 124
140 124
141 123
142 123
143 123
144 122
145 122
146 122
147 121
148 121
149 121
150 120
151 120
152 120
153 120
154 120
155 120
156 120
157 120
158 120
159 120
160 120
161 120
162 120
163 120
164 120
165 120
166 121
167 121
168 122
169 122
170 123
171 123
172 124
173 124
174 125
175 126
176 127
177 127
178 128
179 129
180 130
181 131
182 132
183 133
184 134
184 135
185 136
186 137
187 138
188 139
189 140
189 141
190 142
191 143
192 144
192 145
193 146
194 147
195 148
195 149
196 150
197 151
197 152
198 153
199 154
199 155
200 156
201 157
202 158
202 159
203 160
204 161
204 162
205 163
206 164
206 165
207 166
208 167
208 168
209 169
210 170
210 171
211 172
212 173
212 174
213 175
214 176
214 177
215 178
216 179
216 180
217 181
218 182
218 183
219 184
220 185
220 186
221 187
222 188
222 189
223 190
224 191
224 192
225 193
226 194
226 195
227 196
228 197
228 198
229 199
230 200
230 201
231 202
232 203
232 204
233 205
234 206
234 207
235 208
236 209
237 210
237 211
238 212
239 213
239 214
240 215
241 216
242 217
242 218
243 219
244 220
245 221
246 222
247 223
247 224
248 225
249 226
250 227
251 228
252 229
253 230
254 231
255 231
256 232
257 233
258 234
259 234
260 235
261 235
262 236
263 236
264 237
265 237
266 237
267 237
268 237
269 237
270 237
271 237
272 237
273 237
274 236
275 236
276 236
277 235
278 234
279 234
280 233
281 233
282 232
283 231
284 230
285 229
286 228
287 227
288 226
289 225
290 224
291 223
292 222
293 221
294 220
295 219
296 218
297 217
298 216
299 215
300 214
301 213
301 212
302 211
303 210
304 209
305 208
306 208
307 207
308 206
309 205
310 204
311 203
312 202
313 202
314 201
315 200
316 200
317 199
318 198
319 198
320 197
321 197
322 196
323 196
324 195
325 195
326 195
327 194
328 194
329 194
330 194
331 193
332 193
333 193
334 193
335 193
336 193
337 193
338 193
339 193
340 193
341 193
342 193
343 193
344 193
345 193
346 193
347 194
348 194
349 194
350 195
351 195
352 195
353 196
354 196
355 197
356 198
357 198
358 199
359 199
360 200
361 201
362 202
363 202
364 203
365 204
366 205
367 206
368 206
369 207
370 208
371 209
372 210
373 210
374 211
375 212
376 212
377 213
378 213
379 214
380 214
381 214
382 215
383 215
384 215
385 216
386 216
387 216
388 216
389 216
390 216
391 216
392 216
393 216
394 216
395 216
396 216
397 215
398 215
399 215
400 215
401 214
402 214
403 213
404 213
405 213
406 212
407 212
408 211
409 211
410 210
411 209
412 209
413 208
414 208
415 207
416 207
417 206
418 206
419 205
420 205
421 204
422 204
423 203
424 203
425 203
426 202
427 202
428 201
429 201
430 201
431 201
432 200
433 200
434 200
435 200
436 200
437 200
438 200
439 200
440 200
441 200
442 200
443 200
444 200
445 200
446 200
447 200
448 201
449 201
450 201
451 201
452 202
453 202
454 202
455 203
456 203
457 203
458 204
459 204
460 204
461 205
462 205
463 206
464 206
465 207
466 207
467 208
468 208
469 209
470 209
471 210
472 210
473 211
474 211
475 212
476 212
477 213
478 213
479 214
480 214
481 215
482 215
483 216
484 216
485 217
486 217
487 218
488 218
489 219
490 219
491 220
492 221
493 221
494 222
495 222
496 223
497 223
498 224
499 224
500 224
501 225
502 225
503 226
504 226
505 227
506 227
507 228
508 228
509 228
510 229
511 229
512 229
513 230
514 230
515 230
516 231
517 231
518 231
519 231
520 232
521 232
522 232
523 232
524 232
525 232
526 232
527 232
528 232
529 232
530 232
531 232
532 232
533 232
534 232
535 231
536 231
537 231
538 231
539 230
540 230
541 230
542 229
543 229
544 228
545 228
546 227
547 227
548 226
549 226
550 225
551 225
552 224
553 223
554 223
555 222
556 221
557 221
558 220
559 220
560 219
561 218
562 217
563 217
564 216
565 215
566 215
567 214
568 213
569 212
570 212
571 211
572 210
573 209
574 209
575 208
576 207
577 206
578 206
579 205
580 204
581 203
582 203
583 202
584 201
585 200
586 200
587 199
588 198
589 198
590 197
591 196
592 195
593 195
594 194
595 193
596 193
597 192
598 191
599 191
600 190
601 189
602 189
603 188
604 188
605 187
606 186
607 186
608 185
609 185
610 184
611 184
612 183
613 183
614 182
615 182
616 181
617 181
618 180
619 179
620 179
621 178
622 178
623 177
624 176
625 176
626 175
627 174
628 174
629 173
630 172
631 171
632 170
633 169
634 168
635 168
636 167
637 166
637 165
638 164
639 163
640 162
641 161
642 160
643 159
644 158
645 157
646 156
647 155
648 154
649 153
650 153
651 152
652 151
653 150
654 149
655 149
656 148
657 147
658 147
659 146
660 146
661 146
662 145
663 145
664 145
665 144
666 144
667 144
668 144
669 144
670 144
671 144
672 144
673 144
674 144
675 145
676 145
677 145
678 145
679 146
680 146
681 146
682 147
683 147
684 148
685 148
686 149
687 150
688 150
689 151
690 151
691 152
692 153
693 154
694 154
695 155
696 156
697 156
698 157
699 158
700 159
701 159
702 160
703 161
704 162
705 163
706 163
707 164
708 165
709 166
710 166
711 167
712 168
713 168
714 169
715 170
716 170
717 171
718 172
719 172
720 173
721 173
722 174
723 175
724 175
725 176
726 176
727 177
728 177
729 178
730 178
731 179
732 179
733 180
734 180
735 181
736 181
737 182
738 182
739 183
740 183
741 184
742 184
743 185
744 185
745 186
746 186
747 186
748 187
749 188
