32 34
33 34
34 34
35 35
36 35
37 36
38 36
39 37
40 37
41 38
42 38
43 39
44 39
45 40
46 40
47 41
48 41
49 42
50 43
51 43
52 44
53 45
54 45
55 46
56 47
57 48
58 48
59 49
60 50
61 51
62 52
63 53
64 54
65 55
66 56
67 57
68 58
69 59
70 60
71 61
71 62
72 63
73 64
74 65
75 66
76 67
76 68
77 69
78 70
79 71
80 72
81 73
81 74
82 75
83 76
84 77
85 78
86 79
87 80
88 81
88 82
89 83
90 84
91 85
92 86
93 87
94 88
95 89
96 89
97 90
98 91
99 92
100 93
101 94
102 94
103 95
104 96
105 97
106 97
107 98
108 99
109 100
110 100
111 101
112 102
113 103
114 103
115 104
116 105
117 106
118 106
119 107
120 108
121 109
122 109
123 110
124 111
125 111
126 112
127 112
128 113
129 113
130 113
131 113
132 113
133 114
134 113
135 113
136 113
137 113
138 113
139 112
140 112
141 112
142 111
143 111
144 111
145 110
146 110
147 110
148 110
149 109
150 109
151 109
152 109
153 109
154 108
155 108
156 108
157 108
158 108
159 108
160 108
161 108
162 109
163 109
164 109
165 109
166 110
167 110
168 110
169 111
170 111
171 112
172 113
173 113
174 114
175 115
176 116
177 117
178 118
179 119
180 120
181 121
182 122
183 123
184 124
184 125
185 126
186 127
187 128
188 129
188 130
189 131
190 132
191 133
192 134
192 135
193 136
194 137
195 138
196 139
196 140
197 141
198 142
199 143
200 144
201 145
201 146
202 147
203 148
204 149
205 150
206 151
207 152
208 153
209 154
210 155
210 156
211 157
212 158
213 159
214 160
215 161
216 162
217 163
218 163
219 164
220 165
221 166
222 167
223 167
224 168
225 169
226 169
227 170
228 171
229 171
230 171
231 172
232 172
233 173
234 173
235 173
236 173
237 173
238 173
239 174
240 174
241 173
242 173
243 173
244 173
245 173
246 172
247 172
248 172
249 171
250 171
251 170
252 170
253 169
254 169
255 168
256 167
257 166
258 166
259 165
260 164
261 163
262 162
263 161
264 160
265 159
266 159
267 158
268 157
269 156
270 155
271 154
272 153
273 153
274 152
275 151
276 150
277 150
278 149
279 148
280 148
281 147
282 146
283 146
284 145
285 145
286 144
287 144
288 143
289 143
290 142
291 142
292 142
293 141
294 141
295 141
296 140
297 140
298 140
299 139
300 139
301 139
302 139
303 138
304 138
305 138
306 138
307 138
308 137
309 137
310 137
311 137
312 137
313 137
314 137
315 137
316 137
317 136
318 136
319 136
320 136
321 136
322 136
323 136
324 136
325 136
326 136
327 136
328 135
329 135
330 135
331 135
332 135
333 135
334 135
335 135
336 134
337 134
338 134
339 134
340 133
341 133
342 133
343 132
344 132
345 132
346 131
347 131
348 131
349 130
350 130
351 130
352 129
353 129
354 128
355 128
356 128
357 128
358 127
359 127
360 127
361 127
362 126
363 126
364 126
365 126
366 126
367 126
368 126
369 126
370 126
371 126
372 126
373 126
374 126
375 126
376 126
377 126
378 126
379 126
380 126
381 126
382 126
383 126
384 127
385 127
386 127
387 127
388 128
389 128
390 128
391 129
392 129
393 129
394 130
395 130
396 131
397 131
398 132
399 133
400 133
401 134
402 135
403 135
404 136
405 136
406 137
407 138
408 139
409 139
410 140
411 141
412 141
413 142
414 143
415 143
416 144
417 145
418 146
419 146
420 147
421 148
422 148
423 149
424 150
425 150
426 151
427 151
428 152
429 153
430 153
431 154
432 155
433 155
434 156
435 156
436 157
437 157
438 158
439 158
440 159
441 159
442 160
443 160
444 161
445 161
446 162
447 162
448 162
449 163
450 163
451 163
452 163
453 164
454 164
455 164
456 164
457 164
458 164
459 165
460 165
461 165
462 165
463 165
464 165
465 164
466 164
467 164
468 164
469 164
470 164
471 164
472 164
473 163
474 163
475 163
476 163
477 163
478 163
479 162
480 162
481 162
482 162
483 162
484 161
485 161
486 161
487 161
488 161
489 161
490 161
491 161
492 160
493 160
494 160
495 160
496 160
497 160
498 160
499 160
500 160
501 160
502 160
503 160
504 160
505 160
506 160
507 160
508 159
509 159
510 159
511 159
512 159
513 158
514 158
515 157
516 157
517 157
518 156
519 156
520 155
521 154
522 154
523 153
524 152
525 152
526 151
527 150
528 149
529 149
530 148
531 147
532 146
533 145
534 144
535 144
536 143
537 142
538 141
539 140
540 139
541 139
542 138
543 137
544 137
545 136
546 135
547 134
548 134
549 133
550 133
551 132
552 132
553 131
554 131
555 130
556 130
557 130
558 129
559 129
560 129
561 129
562 128
563 128
564 128
565 128
566 128
567 128
568 128
569 128
570 128
571 128
572 128
573 128
574 128
575 128
576 128
577 128
578 129
579 129
580 129
581 129
582 129
583 129
584 129
585 129
586 129
587 129
588 129
589 129
590 128
591 128
592 128
593 128
594 127
595 127
596 127
597 126
598 126
599 125
600 125
601 124
602 124
603 123
604 122
605 122
606 121
607 120
608 120
609 119
610 118
611 118
612 117
613 116
614 115
615 114
616 114
617 113
618 112
619 111
620 110
621 109
622 109
623 108
624 107
625 106
626 105
627 104
628 104
629 103
630 102
631 101
632 100
633 99
634 99
635 98
636 97
637 96
638 95
639 94
640 94
641 93
642 92
643 91
644 90
645 89
646 89
647 88
648 87
649 86
650 86
