26 49
27 50
27 51
28 52
28 53
29 54
29 55
30 56
31 57
31 58
32 59
32 60
33 61
33 62
34 63
34 64
35 65
36 66
36 67
37 68
37 69
38 70
38 71
39 72
40 73
40 74
41 75
41 76
42 77
43 78
43 79
44 80
45 81
45 82
46 83
47 84
47 85
48 86
49 87
50 88
51 89
52 90
53 91
54 92
55 93
56 94
57 94
58 95
59 96
60 97
61 97
62 98
63 99
64 100
65 100
66 101
67 102
68 103
69 104
70 105
71 106
72 106
73 107
74 108
75 109
76 109
77 110
78 110
79 111
80 111
81 112
82 112
83 113
84 113
85 114
86 114
87 114
88 115
89 115
90 116
91 116
92 116
93 116
94 117
95 117
96 117
97 118
98 118
99 118
100 118
101 119
102 119
103 119
104 119
105 120
106 120
107 120
108 120
109 120
110 121
111 121
112 121
113 121
114 121
115 121
116 121
117 121
118 121
119 121
120 121
121 121
122 121
123 121
124 121
125 121
126 121
127 120
128 120
129 120
130 120
131 119
132 119
133 119
134 118
135 118
136 117
137 117
138 116
139 116
140 115
141 114
142 114
143 113
144 113
145 112
146 111
147 111
148 110
149 109
150 108
151 108
152 107
153 106
154 106
155 105
156 104
157 104
158 103
159 102
160 102
161 101
162 100
163 100
164 99
165 99
166 98
167 98
168 97
169 97
170 96
171 96
172 95
173 95
174 95
175 94
176 94
177 94
178 94
179 93
180 93
181 93
182 93
183 93
184 93
185 93
186 93
187 93
188 93
189 93
190 93
191 93
192 93
193 93
194 94
195 94
196 94
197 95
198 95
199 96
200 96
201 97
202 97
203 98
204 99
205 99
206 100
207 101
208 102
209 103
210 104
211 104
212 105
213 106
214 107
215 108
216 109
217 110
217 111
218 112
219 113
220 114
221 115
222 116
223 117
224 118
225 119
226 120
227 121
228 122
229 123
230 124
231 125
232 126
233 126
234 127
235 128
236 129
237 129
238 130
239 131
240 131
241 132
242 132
243 132
244 133
245 133
246 133
247 134
248 134
249 134
250 134
251 134
252 134
253 134
254 135
255 135
256 134
257 134
258 134
259 134
260 134
261 134
262 134
263 134
264 133
265 133
266 133
267 133
268 132
269 132
270 132
271 131
272 131
273 131
274 130
275 130
276 130
277 129
278 129
279 128
280 128
281 128
282 127
283 127
284 126
285 126
286 125
287 125
288 124
289 124
290 123
291 123
292 122
293 122
294 121
295 120
296 120
297 119
298 119
299 118
300 118
301 117
302 116
303 116
304 115
305 115
306 114
307 114
308 113
309 113
310 112
311 111
312 111
313 110
314 110
315 109
316 109
317 108
318 108
319 107
320 106
321 106
322 106
323 105
324 105
325 104
326 104
327 103
328 103
329 102
330 102
331 102
332 101
333 101
334 101
335 101
336 100
337 100
338 100
339 100
340 100
341 100
342 100
343 100
344 100
345 101
346 101
347 101
348 102
349 102
350 103
351 103
352 104
353 105
354 105
355 106
356 107
357 108
358 109
359 110
360 111
361 111
362 112
363 113
364 114
365 115
366 116
367 116
368 117
369 118
370 119
371 120
372 121
373 122
374 123
375 123
376 124
377 125
378 126
379 127
380 128
381 129
382 130
383 131
384 132
385 132
386 133
387 134
388 134
389 135
390 136
391 136
392 137
393 137
394 138
395 139
396 139
397 140
398 140
399 141
400 141
401 142
402 142
403 143
404 143
405 144
406 144
407 145
408 145
409 146
410 146
411 147
412 147
413 148
414 148
415 149
416 149
417 150
418 150
419 150
420 151
421 151
422 152
423 153
424 153
425 154
426 154
427 155
428 155
429 156
430 156
431 157
432 157
433 158
434 158
435 159
436 159
437 160
438 160
439 161
440 161
441 162
