28 13
28 14
28 15
29 16
29 17
29 18
29 19
30 20
30 21
30 22
31 23
31 24
31 25
31 26
32 27
32 28
32 29
32 30
33 31
33 32
33 33
34 34
34 35
34 36
34 37
35 38
35 39
35 40
36 41
36 42
36 43
36 44
37 45
37 46
37 47
38 48
38 49
38 50
38 51
39 52
39 53
39 54
40 55
40 56
40 57
41 58
41 59
41 60
42 61
42 62
42 63
43 64
43 65
43 66
44 67
44 68
45 69
45 70
46 71
46 72
47 73
47 74
48 75
48 76
49 77
50 78
50 79
51 80
52 81
53 82
54 83
55 84
56 84
57 85
58 86
59 86
60 87
61 87
62 88
63 89
64 89
65 90
66 90
67 91
68 92
69 92
70 93
71 93
72 93
73 94
74 94
75 94
76 95
77 95
78 95
79 95
80 96
81 96
82 97
83 97
84 98
85 99
86 100
87 101
88 102
89 103
90 104
91 105
91 106
92 107
93 108
94 109
95 110
95 111
96 112
97 113
98 114
99 115
100 116
101 117
102 118
103 119
104 119
105 120
106 121
107 121
108 122
109 122
110 122
111 122
112 122
113 122
114 122
115 122
116 122
117 122
118 122
119 122
120 122
121 121
122 121
123 121
124 121
125 121
126 121
127 120
128 120
129 120
130 120
131 120
132 119
133 119
134 119
135 118
136 118
137 117
138 116
139 116
140 115
141 114
142 113
142 112
143 111
144 110
145 109
146 108
147 107
148 106
149 105
150 104
151 104
152 103
153 103
154 102
155 102
156 102
157 102
158 102
159 102
160 102
161 102
162 102
163 102
164 103
165 103
166 103
167 103
168 104
169 104
170 104
171 105
172 105
173 106
174 106
175 106
176 107
177 107
178 107
179 107
180 108
181 108
182 108
183 108
184 108
185 108
186 108
187 108
188 107
189 107
190 107
191 106
192 106
193 105
194 104
195 104
196 103
197 102
198 101
199 100
200 99
201 98
202 97
203 96
204 95
205 94
206 93
207 92
207 91
208 90
209 89
210 88
210 87
211 86
212 85
213 84
213 83
214 82
215 81
215 80
216 79
217 78
218 77
218 76
219 75
220 74
221 73
222 72
223 71
224 70
225 69
226 68
227 68
228 67
229 67
230 67
231 67
232 67
233 67
234 67
235 67
236 67
237 67
238 68
239 68
240 69
241 69
242 70
243 71
244 72
245 73
246 74
247 74
248 75
249 76
250 77
250 78
251 79
252 80
253 81
254 82
255 83
256 84
257 85
257 86
258 87
259 88
260 89
261 90
262 91
262 92
263 93
264 94
265 95
266 96
267 97
267 98
268 99
269 100
270 101
271 102
272 103
273 104
274 105
274 106
275 107
276 108
277 109
278 110
279 111
280 111
281 112
282 113
283 114
284 115
285 116
286 116
287 117
288 118
289 119
290 120
291 120
292 121
293 121
294 121
295 121
296 121
297 120
298 119
299 119
300 118
301 117
302 116
303 115
303 114
304 113
305 112
306 111
307 110
308 109
309 108
310 107
310 106
311 105
312 104
313 103
314 102
315 101
316 100
317 99
318 99
319 98
320 97
321 96
322 95
323 95
324 94
325 93
326 93
327 92
328 91
329 91
330 90
331 90
332 90
333 89
334 89
335 88
336 88
337 88
338 88
339 87
340 87
341 87
342 87
343 87
344 86
345 86
346 86
347 86
348 86
349 86
350 86
351 86
352 86
353 86
354 86
355 87
356 87
357 87
358 87
359 87
360 87
361 87
362 88
363 88
364 88
365 88
