6 23
7 24
7 25
7 26
7 27
8 28
8 29
8 30
9 31
9 32
9 33
10 34
10 35
10 36
11 37
11 38
11 39
12 40
12 41
12 42
13 43
13 44
13 45
14 46
14 47
14 48
15 49
15 50
16 51
16 52
16 53
17 54
17 55
18 56
18 57
19 58
19 59
20 60
20 61
21 62
21 63
22 64
22 65
23 66
24 67
24 68
25 69
26 70
26 71
27 72
28 73
29 74
29 75
30 76
31 77
32 78
33 79
34 80
35 81
36 82
37 83
38 84
39 85
40 86
41 87
42 88
43 89
44 90
45 90
46 91
47 92
48 93
49 94
50 94
51 95
52 96
53 97
54 97
55 98
56 99
57 100
58 100
59 101
60 102
61 102
62 103
63 104
64 104
65 105
66 106
67 106
68 107
69 107
70 108
71 108
72 109
73 109
74 110
75 110
76 111
77 111
78 111
79 111
80 112
81 112
82 112
83 112
84 112
85 112
86 111
87 111
88 111
89 110
90 110
91 110
92 109
93 108
94 108
95 107
96 107
97 106
98 105
99 104
100 103
101 103
102 102
103 101
104 100
105 99
106 98
107 98
108 97
109 96
110 95
111 94
112 94
113 93
114 93
115 92
116 91
117 91
118 91
119 90
120 90
121 90
122 90
123 90
124 89
125 89
126 89
127 89
128 89
129 89
130 89
131 89
132 89
133 89
134 89
135 89
136 89
137 89
138 89
139 90
140 90
141 90
142 90
143 90
144 90
145 90
146 90
147 91
148 91
149 91
150 91
151 91
152 92
153 92
154 92
155 92
156 93
157 93
158 93
159 94
160 94
161 95
162 95
163 96
164 96
165 96
166 97
167 97
168 98
169 98
170 98
171 99
172 99
173 99
174 100
175 100
176 100
177 101
178 101
179 101
180 101
181 101
182 102
183 102
184 102
185 103
186 103
187 103
188 104
189 104
190 105
191 105
192 106
193 107
194 107
195 108
196 109
197 110
198 110
199 111
200 112
201 113
202 114
203 115
204 116
205 117
206 118
207 119
208 120
209 120
210 121
211 122
212 122
213 123
214 123
215 123
216 123
217 123
218 123
219 123
220 122
221 122
222 122
223 122
224 121
225 121
226 121
227 120
228 120
229 120
230 120
231 120
232 119
233 119
234 119
235 119
236 119
237 119
238 119
239 119
240 119
241 119
242 119
243 119
244 119
245 120
246 120
247 120
248 121
249 121
250 121
251 122
252 122
253 123
254 123
255 124
256 124
257 125
258 125
259 126
260 127
261 127
262 128
263 128
264 129
265 129
266 130
267 130
268 131
269 131
270 132
271 132
272 132
273 133
274 133
275 133
276 134
277 134
278 134
279 134
280 134
281 134
282 134
283 134
284 133
285 133
286 133
287 132
288 131
289 131
290 130
291 129
292 128
293 127
294 126
295 125
296 124
297 123
298 122
299 121
300 120
301 119
302 118
303 117
304 116
304 115
305 114
306 113
307 112
308 111
309 111
310 110
311 109
312 108
313 107
314 106
315 105
316 105
317 104
318 104
319 103
320 103
321 102
322 102
323 102
324 101
325 101
326 101
327 101
328 101
329 101
330 101
331 102
332 102
333 102
334 103
335 103
336 104
337 105
338 105
339 106
340 107
341 107
342 108
343 109
344 109
345 110
346 111
347 111
348 112
349 112
350 113
351 114
352 114
353 114
354 115
355 115
356 116
357 116
358 116
359 117
360 117
361 117
362 117
363 117
364 118
365 118
366 118
367 118
368 118
369 118
370 118
371 117
372 117
373 117
374 117
375 116
376 116
377 116
378 115
379 115
380 114
381 114
382 113
383 113
384 112
385 112
386 111
387 110
388 110
389 109
390 108
391 107
392 107
393 106
394 105
395 104
396 103
397 102
398 101
399 100
399 99
400 98
401 97
402 96
403 95
404 94
404 93
405 92
406 91
407 90
407 89
408 88
