13 51
13 52
14 53
14 54
14 55
15 56
15 57
15 58
16 59
16 60
16 61
17 62
17 63
17 64
18 65
18 66
18 67
19 68
19 69
19 70
20 71
20 72
21 73
21 74
21 75
22 76
22 77
23 78
23 79
23 80
24 81
24 82
25 83
25 84
26 85
26 86
26 87
27 88
27 89
28 90
29 91
29 92
30 93
30 94
31 95
32 96
32 97
33 98
34 99
34 100
35 101
36 102
37 103
37 104
38 105
39 106
40 107
41 108
41 109
42 110
43 111
44 112
45 113
45 114
46 115
47 116
48 117
49 118
49 119
50 120
51 121
52 122
53 123
53 124
54 125
55 126
56 127
56 128
57 129
58 130
59 131
60 132
60 133
61 134
62 135
63 136
63 137
64 138
65 139
66 140
67 141
67 142
68 143
69 144
70 145
71 146
72 147
72 148
73 149
74 150
75 151
76 152
77 153
78 154
79 155
80 156
81 157
82 158
83 159
84 160
85 161
86 162
87 163
88 164
89 165
90 166
91 167
92 167
93 168
94 169
95 170
96 171
97 171
98 172
99 173
100 174
101 174
102 175
103 176
104 176
105 177
106 177
107 178
108 178
109 179
110 180
111 180
112 180
113 181
114 181
115 182
116 182
117 182
118 183
119 183
120 183
121 184
122 184
123 184
124 184
125 184
126 185
127 185
128 185
129 185
130 185
131 185
132 185
133 185
134 185
135 185
136 185
137 185
138 185
139 185
140 185
141 185
142 185
143 184
144 184
145 184
146 184
147 184
148 184
149 183
150 183
151 183
152 183
153 183
154 183
155 182
156 182
157 182
158 182
159 181
160 181
161 181
162 181
163 180
164 180
165 180
166 179
167 179
168 179
169 178
170 178
171 178
172 177
173 177
174 176
175 176
176 175
177 175
178 174
179 174
180 173
181 173
182 172
183 172
184 171
185 171
186 170
187 170
188 169
189 168
190 168
191 167
192 167
193 166
194 165
195 165
196 164
197 163
198 163
199 162
200 161
201 161
202 160
203 159
204 159
205 158
206 157
207 156
208 156
209 155
210 154
211 153
212 153
213 152
214 151
215 150
216 150
217 149
218 148
219 147
220 147
221 146
222 145
223 144
224 143
225 143
226 142
227 141
228 140
229 140
230 139
231 138
232 138
233 137
234 136
235 136
236 135
237 134
238 134
239 133
240 133
241 132
242 132
243 132
244 131
245 131
246 131
247 131
248 131
249 131
250 131
251 131
252 131
253 131
254 131
255 132
256 132
257 133
258 134
259 134
260 135
261 136
262 137
263 138
264 139
265 140
265 141
266 142
267 143
268 144
268 145
269 146
270 147
270 148
271 149
272 150
272 151
273 152
273 153
274 154
275 155
275 156
276 157
277 158
277 159
278 160
278 161
279 162
280 163
280 164
281 165
282 166
282 167
283 168
283 169
284 170
285 171
285 172
286 173
287 174
288 175
288 176
289 177
290 178
290 179
291 180
292 181
293 182
293 183
294 184
295 185
296 186
297 187
297 188
298 189
299 190
300 191
300 192
301 193
302 194
303 195
304 196
305 197
305 198
306 199
307 200
308 201
309 202
310 203
310 204
311 205
312 206
313 207
314 208
315 209
316 210
317 211
317 212
318 213
319 214
320 215
321 216
322 217
323 218
324 219
324 220
325 221
326 222
327 223
328 224
329 225
330 226
331 227
332 228
333 229
333 230
334 231
335 232
336 233
337 234
