10 48
11 49
12 49
13 50
14 51
15 51
16 52
17 52
18 53
19 54
20 54
21 55
22 55
23 56
24 57
25 57
26 58
27 58
28 59
29 60
30 60
31 61
32 61
33 62
34 62
35 63
36 64
37 64
38 65
39 65
40 66
41 66
42 67
43 67
44 68
45 68
46 69
47 69
48 70
49 70
50 71
51 71
52 72
53 72
54 73
55 73
56 74
57 74
58 75
59 75
60 76
61 76
62 76
63 77
64 77
65 78
66 78
67 79
68 80
69 80
70 81
71 81
72 82
73 82
74 83
75 84
76 84
77 85
78 85
79 86
80 87
81 87
82 88
83 89
84 90
85 90
86 91
87 92
88 93
89 93
90 94
91 95
92 96
93 96
94 97
95 98
96 99
97 99
98 100
99 101
100 102
101 102
102 103
103 104
104 105
105 105
106 106
107 106
108 107
109 107
110 108
111 108
112 109
113 109
114 109
115 109
116 109
117 109
118 109
119 109
120 108
121 108
122 107
123 107
124 106
125 105
126 105
127 104
128 104
129 103
130 103
131 103
132 103
133 103
134 103
135 103
136 103
137 103
138 103
139 104
140 104
141 104
142 105
143 105
144 105
145 105
146 106
147 106
148 106
149 106
150 107
151 107
152 107
153 107
154 107
155 107
156 107
157 107
158 107
159 107
160 107
161 107
162 107
163 107
164 107
165 107
166 107
167 107
168 107
169 107
170 107
171 107
172 107
173 107
174 107
175 107
176 107
177 107
178 107
179 107
180 107
181 107
182 107
183 107
184 107
185 108
186 108
187 108
188 108
189 108
190 108
191 108
192 108
193 108
194 108
195 108
196 108
197 108
198 108
199 108
200 108
201 108
202 108
203 107
204 107
205 107
206 107
207 107
208 107
209 107
210 107
211 106
212 106
213 106
214 106
215 106
216 106
217 106
218 105
219 105
220 105
221 105
222 105
223 105
224 105
225 105
226 105
227 105
228 105
229 105
230 105
231 105
232 105
233 105
234 105
235 105
236 105
237 105
238 106
239 106
240 106
241 106
242 106
243 106
244 107
245 107
246 107
247 107
248 108
249 108
250 108
251 108
252 108
253 108
254 109
255 109
256 109
257 109
258 109
259 109
260 109
261 109
262 109
263 109
264 109
265 109
266 109
267 108
268 108
269 108
270 108
271 107
272 107
273 107
274 106
275 106
276 105
277 105
278 104
279 104
280 103
281 103
282 102
283 101
284 101
285 100
286 99
287 98
288 97
289 97
290 96
291 95
292 94
293 93
294 92
295 91
296 91
297 90
298 89
299 88
300 87
301 87
302 86
303 85
304 85
305 84
306 84
307 84
308 83
309 83
310 83
311 82
312 82
313 82
314 82
315 82
316 82
317 82
318 83
319 83
320 83
321 84
322 84
323 85
324 85
325 86
326 87
327 87
328 88
329 89
330 90
331 91
332 92
332 93
333 94
334 95
335 96
336 97
337 98
337 99
338 100
339 101
340 102
340 103
341 104
342 105
343 106
344 107
344 108
345 109
346 110
347 111
348 112
348 113
349 114
350 115
351 116
352 117
352 118
353 119
354 120
355 121
356 122
357 123
358 124
359 125
360 126
361 127
362 128
363 129
364 130
365 131
366 132
367 133
368 134
369 135
370 135
371 136
372 137
373 137
374 138
375 138
376 139
377 139
378 140
379 140
380 140
381 140
382 140
383 140
384 140
385 140
386 139
387 139
388 138
389 137
390 136
391 136
392 135
393 134
393 133
394 132
395 131
396 130
397 129
398 128
398 127
399 126
400 125
401 124
402 123
403 122
404 121
405 121
406 120
407 120
408 119
409 119
410 119
411 118
412 118
413 118
414 118
415 118
416 118
417 118
418 119
419 119
420 119
421 119
422 119
423 120
424 120
425 120
426 120
427 121
428 121
429 121
430 121
431 121
432 121
433 121
434 121
435 121
436 121
437 121
438 121
439 121
440 121
441 121
442 121
443 121
444 121
445 121
446 121
447 121
448 121
449 121
450 121
451 121
452 121
453 121
454 121
455 122
456 122
457 122
458 122
459 122
460 122
461 123
462 123
463 123
464 123
465 124
466 124
467 124
468 124
469 125
470 125
471 125
472 125
473 126
474 126
475 126
476 127
477 127
478 127
479 127
480 128
481 128
482 128
483 128
484 128
485 129
486 129
487 129
488 129
489 129
490 129
491 130
492 130
493 130
494 130
495 130
496 130
497 130
498 130
499 131
500 131
501 131
502 131
503 131
504 131
