51 5
52 6
53 7
54 8
55 9
56 10
56 11
57 12
58 13
59 14
60 15
61 16
61 17
62 18
63 19
64 20
65 21
66 22
66 23
67 24
68 25
69 26
70 27
71 28
71 29
72 30
73 31
74 32
75 33
76 34
77 35
77 36
78 37
79 38
80 39
81 40
82 41
83 42
84 43
84 44
85 45
86 46
87 47
88 48
89 49
90 50
91 51
91 52
92 53
93 54
94 55
95 56
96 57
97 58
98 59
99 60
100 61
101 62
102 63
103 64
104 65
104 66
105 67
106 68
107 69
108 70
109 71
110 72
111 73
112 74
113 75
114 76
115 77
116 78
117 79
118 80
119 81
120 82
121 83
122 84
123 85
124 86
125 87
126 88
127 89
128 90
129 91
130 92
131 93
132 94
133 95
134 96
135 97
136 98
137 99
138 100
139 101
140 101
141 102
142 103
143 104
144 105
145 106
146 106
147 107
148 108
149 109
150 109
151 110
152 111
153 111
154 112
155 112
156 113
157 114
158 114
159 115
160 115
161 116
162 116
163 116
164 117
165 117
166 118
167 118
168 118
169 119
170 119
171 119
172 119
173 120
174 120
175 120
176 120
177 121
178 121
179 121
180 121
181 121
182 121
183 121
184 121
185 122
186 122
187 122
188 122
189 122
190 122
191 122
192 122
193 122
194 122
195 122
196 122
197 121
198 121
199 121
200 121
201 121
202 121
203 121
204 121
205 121
206 121
207 120
208 120
209 120
210 120
211 120
212 120
213 120
214 119
215 119
216 119
217 119
218 119
219 119
220 119
221 118
222 118
223 118
224 118
225 118
226 118
227 118
228 118
229 118
230 118
231 117
232 117
233 117
234 117
235 117
236 117
237 117
238 117
239 117
240 117
241 117
242 117
243 117
244 117
245 117
246 116
247 116
248 116
249 116
250 116
251 116
252 116
253 116
254 115
255 115
256 115
257 115
258 115
259 114
260 114
261 114
262 114
263 113
264 113
265 113
266 112
267 112
268 112
269 111
270 111
271 110
272 110
273 110
274 109
275 109
276 109
277 108
278 108
279 107
280 107
281 107
282 106
283 106
284 106
285 105
286 105
287 105
288 104
289 104
290 104
291 104
292 104
293 103
294 103
295 103
296 103
297 103
298 103
299 103
300 103
301 103
302 104
303 104
304 104
305 104
306 105
307 105
308 106
309 106
310 107
311 108
312 109
313 110
314 110
315 111
315 112
316 113
317 114
318 115
319 116
320 117
320 118
321 119
322 120
322 121
323 122
324 123
324 124
325 125
326 126
326 127
327 128
327 129
328 130
329 131
329 132
330 133
330 134
331 135
331 136
332 137
332 138
333 139
333 140
334 141
334 142
335 143
335 144
336 145
336 146
337 147
337 148
338 149
338 150
339 151
339 152
340 153
340 154
341 155
341 156
342 157
342 158
343 159
343 160
344 161
344 162
345 163
345 164
345 165
346 166
346 167
347 168
347 169
348 170
348 171
349 172
349 173
350 174
350 175
350 176
351 177
351 178
352 179
352 180
353 181
353 182
353 183
354 184
354 185
355 186
355 187
356 188
356 189
357 190
357 191
357 192
358 193
358 194
359 195
359 196
360 197
360 198
360 199
361 200
361 201
362 202
362 203
363 204
363 205
363 206
364 207
364 208
365 209
365 210
366 211
366 212
367 213
367 214
367 215
368 216
368 217
369 218
369 219
370 220
370 221
371 222
371 223
372 224
372 225
373 226
374 227
374 228
375 229
375 230
376 231
377 232
378 233
379 234
380 235
381 236
382 237
383 237
384 238
385 238
386 238
387 238
388 237
389 236
390 236
391 235
392 234
393 233
394 232
395 231
395 230
396 229
397 228
398 227
398 226
399 225
400 224
400 223
401 222
402 221
402 220
403 219
404 218
404 217
405 216
406 215
406 214
407 213
408 212
408 211
409 210
410 209
410 208
411 207
412 206
413 205
413 204
414 203
415 202
416 201
416 200
417 199
418 198
419 197
420 196
420 195
421 194
422 193
423 192
424 191
425 190
426 189
427 188
428 187
429 187
430 186
431 185
432 184
433 183
434 183
435 182
436 181
437 181
438 180
439 180
440 179
441 179
442 179
443 178
444 178
445 178
446 177
447 177
448 177
449 177
450 177
451 176
452 176
453 176
454 176
455 176
456 176
457 176
458 176
459 176
460 176
461 176
462 176
463 176
464 176
465 176
466 177
467 177
468 177
469 177
470 177
471 177
472 178
473 178
474 178
475 178
476 178
477 178
478 179
479 179
480 179
481 179
482 180
483 180
484 180
485 180
486 180
487 181
488 181
489 181
490 181
491 182
492 182
493 182
494 182
495 183
496 183
497 183
498 183
499 184
500 184
501 184
502 184
503 184
504 185
505 185
506 185
507 185
508 185
509 185
510 186
511 186
512 186
513 186
514 186
515 186
516 186
517 186
518 186
519 186
520 186
521 186
522 186
523 186
524 186
525 186
526 186
527 186
528 186
529 185
530 185
531 185
532 185
533 185
534 185
535 185
536 184
