13 46
13 47
14 48
14 49
14 50
15 51
15 52
16 53
16 54
17 55
17 56
17 57
18 58
18 59
19 60
19 61
19 62
20 63
20 64
21 65
21 66
22 67
22 68
22 69
23 70
23 71
24 72
24 73
25 74
25 75
26 76
26 77
26 78
27 79
27 80
28 81
28 82
29 83
29 84
30 85
30 86
31 87
31 88
32 89
32 90
33 91
33 92
34 93
34 94
35 95
35 96
36 97
36 98
37 99
37 100
38 101
38 102
39 103
40 104
40 105
41 106
41 107
42 108
43 109
43 110
44 111
44 112
45 113
46 114
46 115
47 116
48 117
48 118
49 119
50 120
50 121
51 122
52 123
53 124
53 125
54 126
55 127
56 128
56 129
57 130
58 131
59 132
60 133
60 134
61 135
62 136
63 137
64 138
65 139
66 140
66 141
67 142
68 143
69 144
70 145
71 146
72 147
73 148
74 149
75 150
76 151
77 152
78 153
79 154
80 155
81 156
82 157
83 158
84 159
85 160
86 161
87 161
88 162
89 163
90 164
91 165
92 166
93 166
94 167
95 168
96 169
97 170
98 170
99 171
100 172
101 172
102 173
103 174
104 175
105 175
106 176
107 176
108 177
109 178
110 178
111 179
112 179
113 180
114 181
115 181
116 181
117 182
118 182
119 183
120 183
121 184
122 184
123 184
124 185
125 185
126 185
127 186
128 186
129 186
130 186
131 186
132 186
133 187
134 187
135 187
136 187
137 187
138 186
139 186
140 186
141 186
142 186
143 185
144 185
145 185
146 184
147 184
148 183
149 183
150 182
151 182
152 181
153 180
154 180
155 179
156 178
157 178
158 177
159 176
160 175
161 174
162 174
163 173
164 172
165 171
166 170
167 170
168 169
169 168
170 167
171 166
172 166
173 165
174 164
175 163
176 163
177 162
178 161
179 160
180 160
181 159
182 158
183 158
184 157
185 156
186 155
187 155
188 154
189 154
190 153
191 152
192 152
193 151
194 150
195 150
196 149
197 148
198 148
199 147
200 147
201 146
202 146
203 145
204 145
205 144
206 143
207 143
208 142
209 142
210 141
211 141
212 140
213 140
214 139
215 139
216 138
217 138
218 137
219 137
220 136
221 136
222 135
223 135
224 134
225 134
226 133
227 133
228 132
229 132
230 131
231 131
232 131
233 130
234 130
235 130
236 129
237 129
238 129
239 129
240 128
241 128
242 128
243 128
244 128
245 128
246 128
247 128
248 128
249 128
250 128
251 128
252 128
253 128
254 128
255 129
256 129
257 129
258 129
259 129
260 130
261 130
262 130
263 131
264 131
265 131
266 132
267 132
268 132
269 133
270 133
271 134
272 134
273 135
274 135
275 136
276 136
277 137
278 137
279 138
280 138
281 139
282 139
283 140
284 140
285 141
286 141
287 142
288 142
289 143
290 143
291 143
292 144
293 144
294 144
295 144
296 145
297 145
298 145
299 145
300 145
301 145
302 144
303 144
304 144
305 143
306 143
307 142
308 142
309 141
310 141
311 140
312 139
313 138
314 138
315 137
316 136
317 135
318 134
319 133
320 132
321 131
321 130
322 129
323 128
324 127
325 126
325 125
326 124
327 123
328 122
328 121
329 120
330 119
330 118
331 117
332 116
332 115
333 114
334 113
335 112
335 111
336 110
337 109
338 108
338 107
339 106
340 105
341 104
342 103
343 102
344 102
345 101
346 100
347 100
348 99
349 99
350 99
351 98
352 98
353 98
354 98
355 98
356 98
357 98
358 98
359 99
360 99
361 99
362 99
363 100
364 100
365 100
366 101
367 101
368 102
369 102
370 103
371 103
372 104
373 104
374 105
375 105
376 106
377 106
378 107
379 107
380 108
381 108
382 109
383 109
384 110
385 110
386 110
387 111
388 111
389 112
390 112
391 113
392 113
393 113
394 114
395 114
396 114
397 115
398 115
399 116
400 116
401 116
402 117
403 117
404 117
405 118
406 118
407 119
408 119
409 119
410 120
411 120
412 121
413 121
414 121
415 122
416 122
417 123
418 123
419 123
420 124
421 124
422 125
423 125
424 126
425 126
426 127
427 127
428 128
429 128
430 129
431 129
432 130
433 130
434 131
435 131
436 132
437 132
438 133
439 133
440 134
441 134
442 135
443 136
444 136
445 137
446 137
447 138
448 138
449 139
450 139
451 140
452 140
453 141
454 141
455 142
456 142
457 143
458 143
459 144
460 144
461 144
462 145
463 145
464 146
465 146
466 147
467 147
468 147
469 148
470 148
471 149
472 149
473 149
474 150
475 150
476 151
477 151
478 152
479 153
480 153
481 154
482 154
483 155
484 156
485 156
486 157
487 157
488 158
489 158
490 159
491 159
492 159
493 160
494 160
495 160
496 160
497 160
498 161
499 161
500 161
501 161
502 161
503 160
504 160
505 160
506 160
507 160
508 160
509 160
510 160
511 160
512 160
513 160
514 160
515 160
516 159
517 159
518 159
519 159
520 159
521 159
522 159
523 159
524 159
525 159
526 159
527 159
528 159
529 159
530 159
531 159
532 159
533 159
534 158
535 158
536 158
537 158
538 158
539 158
540 158
541 158
542 158
543 157
544 157
545 157
546 157
547 157
548 157
549 157
550 156
551 156
552 156
553 156
554 156
555 155
556 155
557 155
558 155
559 154
560 154
561 154
562 153
563 153
564 153
565 153
566 152
567 152
568 152
569 151
570 151
571 151
572 150
573 150
574 150
575 149
576 149
577 148
578 148
579 148
580 147
581 147
582 146
583 146
584 146
585 145
586 145
587 144
588 144
589 144
590 143
591 143
592 142
593 142
594 142
595 141
596 141
597 140
598 140
599 139
600 139
601 139
602 138
603 138
604 138
