18 93
18 94
19 95
20 96
20 97
21 98
22 99
22 100
23 101
24 102
24 103
25 104
25 105
26 106
27 107
27 108
28 109
29 110
29 111
30 112
31 113
31 114
32 115
32 116
33 117
34 118
34 119
35 120
36 121
36 122
37 123
38 124
38 125
39 126
40 127
40 128
41 129
41 130
42 131
43 132
43 133
44 134
45 135
45 136
46 137
47 138
47 139
48 140
49 141
49 142
50 143
51 144
51 145
52 146
53 147
53 148
54 149
55 150
55 151
56 152
57 153
57 154
58 155
59 156
59 157
60 158
61 159
62 160
62 161
63 162
64 163
65 164
65 165
66 166
67 167
68 168
69 169
69 170
70 171
71 172
72 173
73 174
74 175
75 176
76 176
77 177
78 178
79 179
80 179
81 179
82 180
83 180
84 180
85 180
86 180
87 180
88 180
89 180
90 180
91 179
92 179
93 179
94 179
95 179
96 179
97 179
98 179
99 179
100 179
101 179
102 179
103 180
104 180
105 180
106 181
107 181
108 182
109 182
110 182
111 183
112 183
113 183
114 184
115 184
116 184
117 185
118 185
119 185
120 185
121 186
122 186
123 186
124 186
125 186
126 186
127 186
128 186
129 186
130 186
131 186
132 186
133 186
134 186
135 186
136 185
137 185
138 185
139 185
140 185
141 184
142 184
143 184
144 183
145 183
146 183
147 182
148 182
149 182
150 181
151 181
152 180
153 180
154 179
155 179
156 178
157 178
158 177
159 177
160 176
161 176
162 175
163 174
164 174
165 173
166 172
167 172
168 171
169 170
170 169
171 169
172 168
173 167
174 166
175 166
176 165
177 164
178 163
179 162
180 161
181 161
182 160
183 159
184 158
185 157
186 156
187 155
188 154
189 153
190 152
191 151
192 150
193 149
194 148
195 147
196 147
197 146
198 145
199 144
200 143
201 142
202 141
203 140
204 139
205 138
206 137
207 136
208 135
209 134
210 133
211 132
212 131
213 130
214 129
215 128
216 127
217 126
218 125
219 124
220 123
221 122
222 122
223 121
224 120
225 119
226 119
227 118
228 117
229 116
230 116
231 115
232 114
233 114
234 113
235 113
236 112
237 112
238 111
239 111
240 110
241 110
242 109
243 109
244 108
245 108
246 107
247 107
248 107
249 106
250 106
251 106
252 105
253 105
254 105
255 104
256 104
257 104
258 103
259 103
260 103
261 103
262 102
263 102
264 102
265 102
266 101
267 101
268 101
269 101
270 101
271 101
272 100
273 100
274 100
275 100
276 100
277 100
278 100
279 100
280 99
281 99
282 99
283 99
284 99
285 99
286 99
287 99
288 99
289 99
290 99
291 99
292 99
293 99
294 99
295 100
296 100
297 100
298 100
299 100
300 100
301 100
302 101
303 101
304 101
305 101
306 102
307 102
308 102
309 103
310 103
311 104
312 104
313 104
314 105
315 105
316 106
317 107
318 107
319 108
320 108
321 109
322 110
323 111
324 111
325 112
326 113
327 114
328 115
329 116
330 117
331 118
332 119
333 120
334 121
335 122
336 123
337 124
338 125
339 126
339 127
340 128
341 129
342 130
342 131
343 132
344 133
345 134
345 135
346 136
347 137
347 138
348 139
349 140
349 141
350 142
351 143
351 144
352 145
353 146
353 147
354 148
354 149
355 150
356 151
356 152
357 153
358 154
358 155
359 156
359 157
360 158
361 159
361 160
362 161
362 162
363 163
363 164
364 165
365 166
365 167
366 168
366 169
367 170
367 171
368 172
368 173
369 174
370 175
370 176
371 177
371 178
372 179
373 180
373 181
374 182
374 183
375 184
375 185
376 186
377 187
377 188
378 189
378 190
379 191
380 192
380 193
381 194
382 195
382 196
383 197
384 198
384 199
385 200
386 201
387 202
387 203
388 204
389 205
390 206
390 207
391 208
392 209
393 210
394 211
395 212
396 213
397 214
398 215
399 216
400 217
401 217
402 218
403 219
404 219
405 220
406 220
407 221
408 221
409 221
410 222
411 222
412 222
413 222
414 222
415 223
416 223
417 223
418 222
419 222
420 222
421 222
422 222
423 221
424 221
425 221
426 220
427 220
428 219
429 219
430 218
431 217
432 217
433 216
434 215
435 214
436 214
437 213
438 212
439 211
440 210
441 209
442 209
443 208
444 207
445 206
446 205
447 204
448 203
449 202
450 201
451 200
452 199
453 198
454 197
455 196
456 195
457 194
458 193
459 192
460 191
461 190
462 190
463 189
464 188
465 187
466 186
467 185
468 184
469 183
470 182
471 181
472 181
473 180
474 179
475 178
476 177
477 177
478 176
479 175
480 174
481 173
482 173
483 172
484 171
485 171
486 170
487 169
488 168
489 168
490 167
491 166
492 166
493 165
494 164
495 164
496 163
497 162
498 162
499 161
500 161
501 160
502 159
503 159
504 158
505 158
506 157
507 156
508 156
509 155
510 155
511 154
512 154
513 153
514 153
515 152
516 152
517 151
518 151
519 150
520 150
521 149
522 149
523 149
524 148
525 148
526 148
527 147
528 147
529 147
530 146
531 146
532 146
533 146
534 146
535 145
536 145
537 145
538 145
539 145
540 145
541 145
542 145
543 145
544 145
545 145
546 145
547 145
548 145
549 146
550 146
551 146
552 146
553 146
554 147
555 147
556 147
557 147
558 148
559 148
560 148
561 148
562 149
563 149
564 149
565 150
566 150
567 150
568 151
569 151
570 152
571 152
572 152
573 153
574 153
575 153
576 154
577 154
578 154
579 155
580 155
581 155
582 156
583 156
584 156
585 157
586 157
587 158
588 158
589 158
590 159
591 159
592 159
593 160
594 160
595 161
596 161
597 162
598 162
599 163
600 163
601 164
602 164
603 165
604 165
605 166
606 166
607 167
608 168
609 168
610 169
611 170
612 170
613 171
614 172
615 173
616 173
617 174
618 175
619 176
620 177
621 177
622 178
623 179
624 180
625 181
626 181
627 182
628 183
629 184
630 185
631 185
632 186
633 187
634 188
635 188
636 189
637 190
638 190
639 191
640 191
641 192
642 192
643 193
644 193
645 194
646 194
647 194
648 194
649 195
650 195
651 195
652 195
653 195
654 194
655 194
656 194
657 194
658 194
659 193
660 193
661 192
662 192
663 192
664 191
665 191
666 190
667 190
668 189
669 189
670 188
671 187
672 187
673 186
674 186
675 185
676 184
677 184
678 184
