41 85
42 85
43 85
44 85
45 85
46 85
47 85
48 85
49 85
50 85
51 85
52 85
53 85
54 86
55 86
56 86
57 86
58 86
59 87
60 87
61 87
62 88
63 88
64 88
65 89
66 89
67 90
68 90
69 91
70 91
71 92
72 92
73 93
74 94
75 94
76 95
77 96
78 96
79 97
80 98
81 99
82 100
83 100
84 101
85 102
86 103
87 104
88 105
89 106
90 107
91 108
92 109
93 110
94 111
95 112
96 113
97 114
98 115
99 116
100 117
101 118
102 119
103 120
103 121
104 122
105 123
106 124
107 125
108 126
109 127
110 128
111 129
112 130
113 131
114 132
115 133
116 134
117 135
118 136
119 137
120 138
121 139
122 140
123 141
124 142
125 142
126 143
127 144
128 145
129 146
130 147
131 147
132 148
133 149
134 150
135 150
136 151
137 152
138 152
139 153
140 154
141 154
142 155
143 155
144 156
145 156
146 157
147 158
148 158
149 159
150 159
151 159
152 160
153 160
154 161
155 161
156 162
157 162
158 162
159 163
160 163
161 164
162 164
163 164
164 165
165 165
166 165
167 166
168 166
169 166
170 167
171 167
172 167
173 168
174 168
175 168
176 169
177 169
178 169
179 170
180 170
181 170
182 171
183 171
184 171
185 172
186 172
187 172
188 173
189 173
190 173
191 174
192 174
193 174
194 175
195 175
196 175
197 176
198 176
199 176
200 177
201 177
202 178
203 178
204 178
205 179
206 179
207 179
208 180
209 180
210 181
211 181
212 181
213 182
214 182
215 183
216 183
217 183
218 184
219 184
220 185
221 185
222 185
223 186
224 186
225 187
226 187
227 188
228 188
229 189
230 189
231 189
232 190
233 190
234 191
235 191
236 192
237 192
238 193
239 193
240 194
241 194
242 195
243 195
244 195
245 196
246 196
247 197
248 197
249 198
250 198
251 199
252 199
253 200
254 200
255 201
