11 57
12 58
12 59
13 60
13 61
14 62
15 63
15 64
16 65
17 66
17 67
18 68
19 69
20 70
20 71
21 72
22 72
23 73
24 74
25 75
26 75
27 76
28 76
29 76
30 77
31 77
32 77
33 77
34 78
35 78
36 78
37 78
38 78
39 79
40 79
41 79
42 79
43 79
44 80
45 80
46 80
47 80
48 80
49 80
50 81
51 81
52 81
53 81
54 81
55 81
56 81
57 81
58 82
59 82
60 82
61 82
62 82
63 82
64 83
65 83
66 83
67 83
68 84
69 84
70 85
71 85
72 86
73 86
74 87
75 88
76 88
77 89
78 90
79 90
80 91
81 92
82 92
83 93
84 93
85 94
86 95
87 95
88 96
89 96
90 97
91 97
92 98
93 98
94 99
95 100
96 100
97 101
98 101
99 102
100 102
101 103
102 104
103 104
104 105
105 106
106 106
107 107
108 108
109 108
110 109
111 110
112 110
113 111
114 112
115 112
116 113
117 113
118 114
119 115
120 115
121 116
122 116
123 117
124 117
125 118
126 118
127 119
128 119
129 120
130 120
131 120
132 121
133 121
134 122
135 122
136 122
137 123
138 123
139 123
140 124
141 124
142 124
143 124
144 125
145 125
146 125
147 125
148 125
149 125
150 125
151 126
152 126
153 126
154 126
155 126
156 126
157 126
158 125
159 125
160 125
161 125
162 125
163 125
164 124
165 124
166 123
167 123
168 122
169 122
170 121
171 120
172 119
173 118
174 117
174 116
175 115
176 114
176 113
177 112
178 111
178 110
179 109
180 108
180 107
181 106
181 105
182 104
183 103
183 102
184 101
185 100
185 99
186 98
186 97
187 96
188 95
188 94
189 93
190 92
190 91
191 90
192 89
192 88
193 87
194 86
195 85
195 84
196 83
197 82
198 81
199 80
199 79
200 78
201 77
202 76
203 75
204 74
205 74
206 73
207 72
208 71
209 70
210 70
211 69
212 68
213 68
214 67
215 67
216 66
217 66
218 66
219 65
220 65
221 65
222 65
223 65
224 65
225 65
226 65
227 65
228 66
229 66
230 67
231 68
232 68
233 69
234 70
234 71
235 72
236 73
236 74
237 75
237 76
238 77
239 78
239 79
240 80
240 81
240 82
241 83
241 84
242 85
242 86
243 87
243 88
244 89
244 90
244 91
245 92
245 93
246 94
246 95
