21 30
22 31
23 32
23 33
24 34
25 35
25 36
26 37
27 38
27 39
28 40
29 41
29 42
30 43
31 44
32 45
32 46
33 47
34 48
35 49
36 50
36 51
37 52
38 53
39 54
40 55
41 56
42 57
43 58
44 59
45 59
46 60
47 61
48 62
49 63
50 64
51 64
52 65
53 66
54 67
55 68
56 69
57 70
58 71
59 72
60 72
61 73
62 74
63 75
64 75
65 76
66 77
67 77
68 77
69 78
70 78
71 78
72 79
73 79
74 79
75 79
76 79
77 79
78 79
79 79
80 79
81 79
82 79
83 78
84 78
85 78
86 78
87 78
88 78
89 78
90 78
91 78
92 78
93 78
94 78
95 78
96 78
97 78
98 78
99 78
100 78
101 78
102 79
103 79
104 79
105 79
106 79
107 79
108 80
109 80
110 80
111 80
112 81
113 81
114 81
115 82
116 82
117 82
118 83
119 83
120 84
121 84
122 84
123 85
124 85
125 86
126 87
127 87
128 88
129 88
130 89
131 90
132 90
133 91
134 92
135 92
136 93
137 93
138 94
139 95
140 95
141 96
142 96
143 97
144 97
145 98
146 98
147 98
148 99
149 99
150 99
151 100
152 100
153 100
154 100
155 100
156 101
157 101
158 101
159 101
160 101
161 102
162 102
163 102
164 103
165 103
166 103
167 104
168 104
169 104
170 105
171 105
172 106
173 106
174 106
175 107
176 107
177 107
178 108
179 108
180 108
181 109
182 109
183 109
184 109
185 109
186 110
187 110
188 110
189 110
190 110
191 110
192 110
193 110
194 110
195 110
196 110
197 110
198 109
199 109
200 109
201 109
202 109
203 109
204 109
205 109
206 109
207 109
208 109
209 109
210 110
211 110
212 110
213 110
214 111
215 111
216 112
217 112
218 112
219 113
220 113
221 114
222 114
223 114
224 115
225 115
226 115
227 116
228 116
229 116
230 116
231 116
232 117
233 117
234 117
235 117
236 117
237 117
238 117
239 117
240 117
241 117
242 117
243 117
244 117
245 117
246 117
247 117
248 117
249 117
250 117
251 117
252 117
253 117
254 117
255 117
256 117
257 118
258 118
259 118
260 117
261 117
262 117
263 117
264 116
265 116
266 115
267 114
268 114
269 113
270 112
