7 13
8 14
8 15
9 16
9 17
10 18
10 19
11 20
11 21
12 22
12 23
13 24
13 25
14 26
14 27
15 28
15 29
16 30
16 31
17 32
17 33
18 34
18 35
19 36
20 37
20 38
21 39
22 40
22 41
23 42
24 43
24 44
25 45
26 46
26 47
27 48
28 49
29 50
29 51
30 52
31 53
32 54
32 55
33 56
34 57
35 58
36 59
36 60
37 61
38 62
39 63
40 64
40 65
41 66
42 67
43 68
44 69
45 70
46 71
47 72
47 73
48 74
49 75
50 76
51 77
52 78
53 79
54 80
55 81
56 82
57 83
58 84
59 85
60 86
61 87
62 87
63 88
64 89
65 90
66 91
67 91
68 92
69 93
70 93
71 94
72 94
73 95
74 95
75 96
76 96
77 96
78 97
79 97
80 97
81 97
82 97
83 98
84 98
85 98
86 98
87 98
88 98
89 98
90 98
91 98
92 98
93 98
94 98
95 99
96 99
97 99
98 99
99 99
100 100
101 100
102 100
103 100
104 100
105 101
106 101
107 101
108 102
109 102
110 102
111 103
112 103
113 103
114 104
115 104
116 104
