11 28
12 29
13 29
14 29
15 30
16 30
17 31
18 31
19 32
20 32
21 32
22 33
23 33
24 34
25 34
26 34
27 35
28 35
29 36
30 36
31 36
32 37
33 37
34 37
35 38
36 38
37 38
38 39
39 39
40 39
41 39
42 40
43 40
44 40
45 40
46 40
47 41
48 41
49 41
50 41
51 41
52 41
53 42
54 42
55 42
56 42
57 42
58 42
59 42
60 42
61 42
62 42
63 42
64 42
65 42
66 42
67 43
68 43
69 43
70 43
71 43
72 43
73 43
74 43
75 43
76 43
77 43
78 43
79 43
80 43
81 44
82 44
83 44
84 44
85 44
86 44
87 44
88 45
89 45
90 45
91 45
92 46
93 46
94 46
95 46
96 47
97 47
98 47
99 48
100 48
101 49
102 49
103 50
104 50
105 51
106 51
107 52
108 52
109 53
110 53
111 54
112 55
113 55
114 56
115 57
116 57
117 58
118 59
119 59
120 60
121 61
122 61
123 62
124 63
125 64
126 64
127 65
128 66
129 66
130 67
131 67
132 68
133 69
134 69
135 70
136 70
137 71
138 71
139 72
140 73
141 73
142 74
143 74
144 75
145 75
146 76
147 76
148 77
149 78
150 78
151 79
152 80
153 80
154 81
155 82
156 83
157 84
158 84
159 85
160 86
161 87
162 88
163 89
163 90
164 91
165 92
166 93
167 94
168 95
169 96
170 97
171 98
172 99
173 100
174 101
175 102
176 102
177 103
178 103
179 104
180 104
181 105
182 105
183 105
184 105
185 105
186 105
187 105
188 105
189 105
190 105
191 104
192 104
193 104
194 104
195 103
196 103
197 102
198 102
199 102
200 101
201 101
202 100
203 100
204 99
205 99
206 98
207 98
208 97
209 97
210 96
211 96
212 95
213 95
214 94
215 93
216 93
217 92
218 92
219 91
220 90
221 90
222 89
223 89
224 88
225 88
226 87
227 87
228 86
229 86
230 86
231 86
232 85
233 85
234 85
235 85
236 85
237 85
238 85
239 85
240 86
241 86
242 86
243 86
244 87
245 87
246 87
247 88
248 88
249 88
250 89
251 89
252 89
253 90
254 90
255 90
256 91
257 91
258 91
259 92
260 92
261 92
262 93
263 93
264 94
265 94
266 94
267 94
268 95
269 95
270 95
271 96
272 96
273 96
274 97
275 97
276 97
277 98
278 98
279 99
280 99
281 99
282 100
283 100
284 100
285 101
286 101
287 102
288 102
289 103
290 103
291 103
292 104
293 104
294 105
295 105
296 106
297 106
298 107
299 107
300 108
301 108
302 109
303 109
304 110
305 111
306 111
307 112
308 112
309 113
310 114
311 114
312 115
313 116
314 116
315 117
316 118
317 119
318 119
319 120
320 121
321 122
322 122
323 123
324 124
325 125
326 126
327 126
328 127
329 128
330 129
331 130
332 131
333 131
334 132
335 133
336 134
337 135
338 135
339 136
340 137
341 137
342 138
343 139
344 139
345 140
346 140
347 141
348 141
349 141
350 142
351 142
352 142
353 142
354 143
355 143
356 143
357 143
358 143
359 143
360 143
361 143
362 143
363 143
364 142
365 142
366 142
367 141
368 141
369 140
370 140
371 139
372 138
373 137
374 136
375 135
376 134
377 133
377 132
378 131
379 130
380 129
380 128
381 127
382 126
382 125
383 124
384 123
384 122
385 121
386 120
387 119
387 118
388 117
389 116
390 115
390 114
391 113
392 112
393 111
393 110
394 109
395 108
396 107
397 106
398 105
399 104
400 103
401 102
402 101
403 100
404 99
405 98
406 97
407 96
408 95
409 94
410 93
411 92
412 92
413 91
414 90
415 90
416 89
417 88
418 88
419 87
420 86
421 86
422 85
423 85
424 84
425 84
426 83
427 83
428 83
429 82
430 82
431 81
432 81
433 81
434 80
435 80
436 79
437 79
438 79
439 78
440 78
441 77
442 77
443 77
444 76
445 76
446 75
447 75
448 75
449 74
450 74
451 73
452 73
453 73
454 72
455 72
456 71
457 71
