32 62
33 63
34 64
35 65
35 66
36 67
37 68
37 69
38 70
39 71
39 72
40 73
41 74
42 75
42 76
43 77
44 78
44 79
45 80
46 81
47 82
47 83
48 84
49 85
50 86
50 87
51 88
52 89
53 90
54 91
54 92
55 93
56 94
57 95
58 96
59 97
59 98
60 99
61 100
62 101
63 102
64 103
65 104
66 105
67 106
68 107
69 108
70 109
71 110
72 111
73 111
74 112
75 113
76 114
77 115
78 116
79 117
80 117
81 118
82 119
83 120
84 121
85 121
86 122
87 123
88 124
89 125
90 125
91 126
92 127
93 127
94 128
95 129
96 130
97 130
98 131
99 132
100 133
101 133
102 134
103 135
104 135
105 136
106 137
107 137
108 138
109 139
110 140
111 140
112 141
113 142
114 142
115 143
116 144
117 144
118 145
119 146
120 146
121 147
122 148
123 149
124 149
125 150
126 151
127 151
128 152
129 153
130 154
131 154
132 155
133 156
134 156
135 157
136 158
137 158
138 159
139 160
140 160
141 161
142 161
143 162
144 163
145 163
146 164
147 164
148 164
149 165
150 165
151 166
152 166
153 166
154 166
155 167
156 167
157 167
158 167
159 167
160 167
161 167
162 167
163 167
164 166
165 166
166 166
167 166
168 165
169 165
170 164
171 164
172 163
173 163
174 162
175 161
176 160
177 160
178 159
179 158
180 157
181 156
182 155
183 154
183 153
184 152
185 151
186 150
187 149
188 148
188 147
189 146
190 145
191 144
191 143
192 142
193 141
193 140
194 139
195 138
196 137
196 136
197 135
198 134
199 133
199 132
200 131
201 130
202 129
202 128
203 127
204 126
205 125
206 124
207 123
208 122
209 121
209 120
210 119
211 119
212 118
213 117
214 116
215 115
216 114
217 114
218 113
219 112
220 112
221 111
222 110
223 110
224 109
225 109
226 108
227 108
228 107
229 107
230 107
231 106
232 106
233 106
234 106
235 105
236 105
237 105
238 105
239 105
240 105
241 105
242 105
243 105
244 105
245 105
246 105
247 105
248 105
249 105
250 106
251 106
252 106
253 106
254 107
255 107
256 107
257 108
258 108
259 108
260 109
261 109
262 110
263 110
264 111
265 111
266 112
267 113
268 113
269 114
270 115
271 115
272 116
273 117
274 118
275 118
276 119
277 120
278 121
279 122
280 123
281 124
282 125
283 126
284 127
285 128
286 129
287 130
288 131
289 132
290 133
291 134
292 135
293 136
294 137
295 137
296 138
297 139
298 140
299 141
300 141
301 142
302 142
303 143
304 143
305 143
306 143
307 144
308 144
309 144
310 144
311 144
312 143
313 143
314 143
315 143
316 143
317 142
318 142
319 142
320 142
321 141
322 141
323 141
324 140
325 140
326 140
327 139
328 139
329 139
330 138
331 138
332 138
333 137
334 137
335 137
336 136
337 136
338 136
339 135
340 135
341 135
342 134
343 134
344 134
345 133
346 133
347 133
348 132
349 132
350 132
351 132
352 131
353 131
354 131
355 130
356 130
357 130
358 130
359 129
360 129
361 128
362 128
363 128
364 127
365 127
366 126
367 126
368 125
369 125
370 124
371 123
372 122
373 122
374 121
375 120
376 119
377 118
378 117
379 116
380 115
381 114
382 113
383 112
384 111
384 110
385 109
386 108
387 107
387 106
388 105
389 104
390 103
390 102
391 101
392 100
392 99
393 98
394 97
395 96
395 95
396 94
397 93
398 92
398 91
399 90
400 89
401 88
402 87
403 86
404 85
405 84
406 83
407 82
408 81
409 81
410 80
411 80
412 79
413 79
414 78
415 78
416 78
417 77
418 77
419 77
420 77
421 77
422 76
423 76
424 76
425 76
426 76
427 76
428 76
429 76
430 76
431 76
432 76
433 76
434 76
435 76
436 76
437 76
438 76
439 76
440 76
441 76
442 76
443 76
444 76
445 76
446 76
447 76
448 77
449 77
450 77
451 77
452 78
453 78
454 79
455 79
456 80
457 80
458 81
459 82
460 82
461 83
462 83
463 84
464 85
465 85
466 86
467 87
468 87
469 88
470 89
471 89
472 90
473 90
474 91
475 91
476 92
477 92
478 92
479 93
480 93
481 93
482 93
483 94
484 94
485 94
486 94
487 94
488 94
489 94
490 94
491 94
492 94
493 94
494 94
495 94
496 94
497 94
498 94
499 94
500 94
501 94
502 94
503 94
504 94
505 94
506 94
507 95
508 95
509 95
510 95
511 96
512 96
513 97
514 97
515 97
516 98
517 98
518 99
519 99
520 100
521 101
522 101
523 102
524 103
525 103
526 104
527 105
528 106
529 107
530 107
531 108
532 109
533 110
534 111
535 112
536 113
537 114
538 115
539 116
540 117
541 118
542 119
543 120
544 121
545 122
546 123
547 123
548 124
549 125
550 126
551 127
552 127
553 128
554 129
555 130
556 130
557 131
558 131
559 132
560 132
561 132
562 133
563 133
564 133
565 133
566 134
567 134
568 134
569 134
570 134
571 134
572 134
573 134
574 134
575 134
576 135
577 135
578 135
579 135
580 135
581 135
582 135
583 135
584 135
585 135
586 135
