17 38
18 39
18 40
19 41
20 42
20 43
21 44
21 45
22 46
22 47
23 48
24 49
24 50
25 51
26 52
26 53
27 54
28 55
28 56
29 57
30 58
31 59
32 60
33 61
34 62
35 63
36 63
37 64
38 64
39 65
40 65
41 66
42 66
43 67
44 67
45 67
46 68
47 68
48 68
49 69
50 69
51 69
52 70
53 70
54 70
55 71
56 71
57 71
58 72
59 72
60 72
61 72
62 73
63 73
64 73
65 73
66 73
67 74
68 74
69 74
70 74
71 74
72 74
73 74
74 74
75 74
76 74
77 74
78 74
79 73
80 73
81 73
82 73
83 73
84 72
85 72
86 72
87 72
88 71
89 71
90 71
91 71
92 70
93 70
94 70
95 70
96 70
97 69
98 69
99 69
100 69
101 69
102 69
103 69
104 69
105 70
106 70
107 71
108 71
109 72
110 73
111 74
111 75
112 76
113 77
113 78
114 79
114 80
115 81
115 82
116 83
116 84
117 85
117 86
118 87
118 88
119 89
119 90
120 91
120 92
121 93
121 94
122 95
122 96
123 97
123 98
124 99
124 100
125 101
125 102
126 103
127 104
127 105
128 106
129 107
129 108
130 109
131 110
132 111
133 112
134 113
135 114
136 115
137 116
138 116
139 117
140 117
141 118
142 118
143 119
144 119
145 119
146 120
147 120
148 120
149 120
150 120
151 120
152 119
153 119
154 119
155 118
156 118
157 117
158 117
159 116
160 116
161 115
162 114
163 114
164 113
165 112
166 112
167 111
168 110
169 110
170 109
171 108
172 108
173 107
174 107
175 106
176 106
177 105
178 105
179 104
180 104
181 103
182 103
183 102
184 102
185 102
186 101
187 101
188 100
189 100
190 100
191 99
192 99
193 99
194 99
195 98
196 98
197 98
198 98
199 98
200 98
201 98
202 98
203 98
204 98
205 98
206 99
207 99
208 99
209 100
210 100
211 101
212 101
213 102
214 103
215 103
216 104
217 105
218 106
219 107
220 107
221 108
222 109
223 110
224 111
225 111
226 112
227 113
228 114
229 115
230 115
231 116
232 117
233 117
234 118
235 119
236 120
237 120
238 121
239 122
240 122
241 123
242 124
243 124
244 125
245 125
246 126
247 126
248 127
249 127
250 128
251 128
252 129
253 129
254 130
255 130
256 130
257 131
258 131
259 131
260 131
261 131
262 132
263 132
264 132
265 131
266 131
267 131
268 131
269 130
270 130
271 129
272 129
273 128
274 127
275 126
276 125
277 124
277 123
278 122
279 121
279 120
280 119
280 118
281 117
281 116
282 115
282 114
283 113
283 112
284 111
284 110
285 109
285 108
286 107
286 106
