20 7
21 7
22 8
23 9
24 10
25 10
26 11
27 12
28 13
29 14
30 15
31 16
32 17
33 18
34 19
35 20
36 21
37 22
38 23
39 24
39 25
40 26
41 27
42 28
43 29
43 30
44 31
45 32
46 33
46 34
47 35
48 36
49 37
49 38
50 39
51 40
51 41
52 42
53 43
53 44
54 45
55 46
56 47
56 48
57 49
58 50
59 51
59 52
60 53
61 54
62 55
63 56
64 57
65 58
66 59
67 60
68 61
69 62
70 62
71 63
72 63
73 64
74 64
75 64
76 65
77 65
78 65
79 65
80 64
81 64
82 64
83 64
84 64
85 63
86 63
87 63
88 62
89 62
90 62
91 62
92 61
93 61
94 61
95 61
96 61
97 61
98 61
99 61
100 61
101 62
102 62
103 62
104 62
105 62
106 63
107 63
108 63
109 63
110 64
111 64
112 65
113 65
114 66
115 66
116 67
117 67
118 68
119 68
120 69
121 70
122 70
123 71
124 72
125 73
126 74
127 74
128 75
129 76
130 77
131 78
132 79
133 80
134 81
135 82
136 82
137 83
138 84
139 85
140 86
141 87
142 88
143 89
144 90
145 91
146 92
147 93
148 94
149 94
150 95
151 96
152 97
153 98
154 99
155 100
156 101
157 101
158 102
159 103
160 104
161 104
162 105
163 106
164 107
165 107
166 108
167 109
168 109
169 110
170 110
171 111
172 111
173 112
174 112
175 113
176 113
177 113
178 114
179 114
180 114
181 114
182 114
183 114
184 115
185 115
186 115
187 114
188 114
189 114
190 114
191 114
192 114
193 114
194 114
195 113
196 113
197 113
198 113
199 112
200 112
201 112
202 112
203 112
204 111
205 111
206 111
207 111
208 111
209 111
210 111
211 111
212 111
213 111
214 111
215 111
216 111
217 111
218 111
219 111
220 111
221 111
222 111
223 111
224 111
225 111
226 111
227 112
228 112
229 112
230 112
231 112
232 112
233 113
234 113
235 113
236 113
237 114
238 114
239 114
240 114
241 114
242 115
243 115
244 115
245 115
246 116
247 116
248 116
249 116
250 117
251 117
252 117
253 117
254 117
255 118
256 118
257 118
258 118
259 118
260 118
261 119
262 119
263 119
264 119
265 119
266 119
267 119
268 119
269 119
270 120
271 120
272 120
273 120
274 120
275 120
276 120
277 120
278 120
279 120
280 120
281 120
282 120
283 120
284 120
285 120
286 120
287 120
288 121
289 121
290 121
291 121
292 121
293 121
294 121
295 121
296 121
297 122
298 122
299 122
300 122
301 122
302 122
303 123
304 123
305 123
306 123
307 123
308 123
309 123
310 123
311 124
312 124
313 124
314 124
315 124
316 124
317 124
318 124
319 124
320 124
321 124
322 124
323 123
324 123
325 123
326 123
327 123
328 122
329 122
330 122
331 121
332 121
333 121
334 120
335 120
336 119
337 119
338 118
339 118
340 117
341 116
342 116
343 115
344 114
345 113
346 113
347 112
348 111
349 110
350 109
351 108
352 107
353 106
354 105
354 104
355 103
356 102
357 101
358 100
358 99
359 98
360 97
360 96
361 95
362 94
363 93
363 92
364 91
365 90
365 89
366 88
367 87
367 86
368 85
369 84
370 83
371 82
372 81
373 80
374 79
375 78
376 78
377 78
378 77
379 77
380 77
381 78
382 78
383 78
384 79
385 80
386 81
387 82
388 83
389 84
389 85
390 86
391 87
391 88
392 89
392 90
393 91
393 92
394 93
395 94
395 95
396 96
396 97
397 98
397 99
398 100
398 101
399 102
399 103
400 104
400 105
401 106
401 107
402 108
402 109
403 110
403 111
404 112
404 113
405 114
405 115
406 116
406 117
407 118
408 119
408 120
409 121
410 122
410 123
411 124
412 125
412 126
413 127
414 128
415 129
416 130
417 131
418 132
419 133
420 134
421 135
422 135
423 136
424 137
425 137
426 138
427 139
428 139
429 140
430 140
431 141
432 141
433 141
434 142
435 142
436 143
437 143
438 143
439 144
440 144
441 145
442 145
443 145
444 146
445 146
446 146
447 147
448 147
449 147
450 148
451 148
452 148
453 149
454 149
455 149
456 150
457 150
458 150
459 151
460 151
461 151
462 152
463 152
464 153
465 153
466 153
467 154
468 154
469 154
470 155
471 155
472 156
473 156
474 156
475 157
476 157
477 157
478 158
479 158
480 159
