29 13
30 14
31 15
32 15
33 16
34 17
35 18
36 19
37 20
38 21
39 21
40 22
41 23
42 24
43 25
44 26
45 27
46 28
47 29
48 30
49 31
50 32
51 33
52 34
53 35
54 36
55 37
55 38
56 39
57 40
58 41
59 42
60 43
60 44
61 45
62 46
63 47
64 48
64 49
65 50
66 51
67 52
67 53
68 54
69 55
70 56
71 57
71 58
72 59
73 60
74 61
74 62
75 63
76 64
76 65
77 66
78 67
79 68
80 69
80 70
81 71
82 72
82 73
83 74
84 75
85 76
85 77
86 78
87 79
88 80
88 81
89 82
90 83
91 84
91 85
92 86
93 87
94 88
94 89
95 90
96 91
97 92
97 93
98 94
99 95
100 96
100 97
101 98
102 99
102 100
103 101
104 102
105 103
105 104
106 105
107 106
108 107
108 108
109 109
110 110
111 111
111 112
112 113
113 114
114 115
114 116
115 117
116 118
117 119
117 120
118 121
119 122
120 123
120 124
121 125
122 126
123 127
124 128
124 129
125 130
126 131
127 132
128 133
129 134
130 135
131 136
131 137
132 138
133 139
134 140
135 141
136 142
137 142
138 143
139 144
140 145
141 146
142 147
143 147
144 148
145 149
146 149
147 150
148 151
149 151
150 152
151 153
152 153
153 154
154 154
155 155
156 155
157 156
158 156
159 157
160 157
161 158
162 158
163 159
164 159
165 159
166 160
167 160
168 161
169 161
170 162
171 162
172 162
173 163
174 163
175 164
176 164
177 164
178 165
179 165
180 165
181 166
182 166
183 166
184 167
185 167
186 167
187 167
188 167
189 168
190 168
191 168
192 168
193 168
194 168
195 168
196 168
197 167
198 167
199 167
200 167
201 166
202 166
203 165
204 165
205 164
206 163
207 162
208 162
209 161
210 160
211 159
212 158
213 157
214 157
215 156
216 155
217 155
218 154
219 154
220 153
221 153
222 152
223 152
224 151
225 151
226 151
227 150
228 149
229 149
230 148
231 147
232 146
233 145
234 144
235 143
236 142
237 141
238 140
239 139
240 138
241 137
242 136
243 135
244 134
245 133
246 133
247 132
248 131
249 130
250 129
251 128
252 127
253 126
254 125
255 124
256 123
257 122
258 121
258 120
259 119
260 118
261 117
261 116
262 115
263 114
263 113
264 112
265 111
265 110
266 109
267 108
267 107
268 106
269 105
269 104
270 103
270 102
271 101
272 100
272 99
273 98
274 97
274 96
275 95
275 94
276 93
