33 26
34 26
35 26
36 26
37 27
38 27
39 27
40 27
41 27
42 27
43 28
44 28
45 28
46 28
47 28
48 29
49 29
50 29
51 29
52 29
53 30
54 30
55 30
56 30
57 30
58 30
59 31
60 31
61 31
62 31
63 31
64 32
65 32
66 32
67 32
68 32
69 33
70 33
71 33
72 33
73 33
74 34
75 34
76 34
77 34
78 34
79 35
80 35
81 35
82 35
83 36
84 36
85 36
86 36
87 37
88 37
89 37
90 37
91 38
92 38
93 38
94 38
95 39
96 39
97 39
98 39
99 40
100 40
101 40
102 41
103 41
104 41
105 42
106 42
107 42
108 43
109 43
110 44
111 44
112 44
113 45
114 45
115 46
116 46
117 47
118 47
119 47
120 48
121 49
122 49
123 50
124 50
125 51
126 51
127 52
128 53
129 53
130 54
131 55
132 55
133 56
134 57
135 58
136 59
137 59
138 60
139 61
140 62
141 63
142 64
143 65
144 65
145 66
146 67
147 68
148 69
149 70
150 71
151 72
152 73
153 74
154 75
155 76
156 77
157 78
158 79
159 80
160 81
161 82
162 83
163 84
164 85
165 85
166 86
167 87
168 88
169 89
170 90
171 90
172 91
173 92
174 93
175 93
176 94
177 95
178 95
179 96
180 96
181 97
182 97
183 98
184 98
185 99
186 99
187 100
188 100
189 101
190 101
191 101
192 102
193 102
194 103
195 103
196 103
197 104
198 104
199 105
200 105
201 105
202 106
203 106
204 107
205 107
206 108
207 108
208 108
209 109
210 109
211 110
212 110
213 111
214 111
215 112
216 112
217 113
218 113
219 114
220 115
221 115
222 116
223 116
224 117
225 117
226 118
227 118
228 119
229 119
230 120
231 121
232 121
233 122
234 123
235 123
236 124
237 124
238 125
239 125
240 126
241 126
242 127
243 127
244 127
245 128
246 128
247 128
248 128
249 128
250 128
251 128
252 129
253 129
254 129
255 128
256 128
257 128
258 128
259 128
260 128
261 128
262 128
263 128
264 127
265 127
266 127
267 127
268 127
269 127
270 126
271 126
272 126
273 126
274 126
275 125
276 125
277 125
278 125
279 125
280 124
281 124
282 124
283 124
284 123
285 123
286 123
287 123
288 122
289 122
290 122
291 122
292 121
293 121
294 121
295 120
296 120
297 120
298 120
299 119
300 119
301 119
302 119
303 119
304 118
305 118
306 118
307 118
308 117
309 117
310 117
311 117
312 117
313 116
314 116
315 116
316 116
317 116
318 116
319 116
320 116
321 115
322 115
323 115
324 115
325 115
326 115
327 115
328 115
329 115
330 115
331 115
332 115
333 115
334 115
335 115
336 115
337 115
338 115
339 115
340 115
341 115
342 115
343 115
344 115
345 115
346 115
347 115
348 115
349 115
350 115
351 115
352 116
353 116
354 116
355 116
356 116
357 116
358 116
359 116
360 115
361 115
362 115
363 115
364 115
365 115
366 115
367 115
368 115
369 114
370 114
371 114
372 114
373 113
374 113
375 113
376 113
377 112
378 112
379 112
380 111
381 111
382 111
383 110
384 110
385 110
386 109
387 109
388 108
389 108
390 108
391 107
392 107
393 106
394 106
395 106
396 105
397 105
398 105
