3 27
4 28
4 29
5 30
5 31
6 32
6 33
7 34
7 35
8 36
8 37
9 38
10 39
10 40
11 41
11 42
12 43
13 44
14 45
15 46
16 47
17 48
18 49
19 50
20 51
21 52
22 52
23 53
24 53
25 54
26 54
27 55
28 55
29 56
30 56
31 56
32 57
33 57
34 57
35 58
36 58
37 58
38 58
39 58
40 58
41 58
42 59
43 58
44 58
45 58
46 58
47 58
48 57
49 57
50 57
51 56
52 56
53 55
54 55
55 54
56 54
57 53
58 52
59 52
60 51
61 51
62 50
63 50
64 49
65 49
66 49
67 48
68 48
69 48
70 47
71 47
72 47
73 47
74 47
75 47
76 47
77 47
78 47
79 47
80 47
81 48
82 48
83 48
84 48
85 49
86 49
87 49
88 50
89 50
90 50
91 51
92 51
93 51
94 52
95 52
96 53
97 53
98 53
99 54
100 54
101 55
102 55
103 55
104 56
105 56
106 56
107 57
108 57
109 57
110 57
111 58
112 58
113 58
114 58
115 58
116 59
117 59
118 59
119 59
120 59
121 59
122 59
123 59
124 59
125 59
126 59
127 59
128 59
129 59
130 59
131 59
132 59
133 59
134 59
135 59
136 59
137 59
138 60
139 60
140 60
141 60
142 60
143 60
144 60
145 60
146 60
147 61
148 61
149 61
150 62
151 63
152 64
153 64
154 65
155 65
156 66
157 66
158 66
159 67
160 67
161 68
162 68
163 69
164 70
165 70
166 71
167 72
168 73
169 73
170 74
171 75
172 75
173 76
174 77
175 77
176 78
177 79
178 79
179 80
180 80
181 81
182 81
183 81
184 82
185 82
186 82
187 82
188 82
189 82
190 82
191 82
192 82
193 81
194 81
195 80
196 80
197 79
198 79
199 78
200 78
201 77
202 77
203 76
204 76
205 75
206 75
207 74
208 74
209 73
210 73
211 73
