9 69
10 69
11 69
12 69
13 69
14 69
15 69
16 69
17 69
18 69
19 69
20 69
21 70
22 70
23 70
24 70
25 71
26 71
27 72
28 72
29 73
30 73
31 74
32 75
33 75
34 76
35 77
36 78
37 78
38 79
39 80
40 81
41 82
42 82
43 83
44 84
45 85
46 86
47 87
48 87
49 88
50 89
51 90
52 91
53 92
54 92
55 93
56 94
57 95
58 96
59 96
60 97
61 98
62 99
63 100
64 101
65 101
66 102
67 103
68 104
69 104
70 105
71 106
72 107
73 108
74 108
75 109
76 110
77 111
78 112
79 112
80 113
81 114
82 115
83 115
84 116
85 117
86 118
87 118
88 119
89 120
90 121
91 122
92 122
93 123
94 124
95 125
96 125
97 126
98 127
99 128
100 128
101 129
102 130
103 130
104 131
105 132
106 133
107 133
108 134
109 135
110 135
111 136
112 137
113 138
114 138
115 139
116 140
117 140
118 141
119 142
120 142
121 143
122 143
123 144
124 144
125 145
126 145
127 146
128 146
129 147
130 147
131 147
132 148
133 148
134 148
135 148
136 148
137 148
138 148
139 147
140 147
141 147
142 146
143 146
144 146
145 145
146 145
147 144
148 144
149 144
150 144
151 143
152 143
153 143
154 143
155 144
156 144
157 144
158 144
159 144
160 145
161 145
162 145
163 146
164 146
165 146
166 147
167 147
168 147
169 148
170 148
171 148
172 149
173 149
174 149
175 149
176 150
177 150
178 150
179 151
180 151
181 151
182 151
183 151
184 152
185 152
186 152
187 152
188 152
189 152
190 153
191 153
192 153
193 153
194 153
195 153
196 153
197 153
198 153
199 153
200 153
201 153
202 153
203 153
204 153
205 153
206 153
207 153
208 152
209 152
210 152
211 151
212 151
213 151
214 150
215 150
216 149
217 149
218 148
219 147
220 147
221 146
222 146
223 145
224 144
225 144
226 143
227 143
228 142
229 142
230 142
231 141
232 141
233 141
234 141
235 141
236 141
237 141
238 141
239 142
240 142
241 142
242 143
243 143
244 144
245 144
246 145
247 146
248 147
249 148
250 148
251 149
252 150
253 151
254 152
255 153
256 154
257 155
258 156
259 157
260 158
261 159
262 160
263 161
264 162
265 163
266 163
267 164
268 165
269 166
270 167
271 167
272 168
273 169
274 169
275 170
276 171
277 171
278 172
279 172
280 172
281 173
282 173
283 173
284 174
285 174
286 174
287 174
288 174
289 174
290 174
291 173
292 173
293 173
294 172
295 172
296 171
297 171
298 170
299 170
300 169
301 168
302 168
303 167
304 166
305 165
306 164
307 164
308 163
309 162
310 161
311 160
312 159
313 158
314 157
315 156
315 155
316 154
317 153
318 152
319 151
320 150
321 149
322 148
322 147
323 146
324 145
325 144
326 143
327 142
327 141
328 140
329 139
330 138
331 137
332 136
332 135
333 134
334 133
335 132
336 131
337 130
337 129
338 128
339 127
340 126
341 125
342 124
343 123
344 122
344 121
345 120
346 119
347 118
348 117
349 117
350 116
351 115
352 114
353 113
354 113
355 112
356 111
357 111
358 110
359 110
360 109
361 109
362 109
363 109
364 108
365 108
366 108
367 108
368 108
369 108
370 108
371 109
372 109
373 109
374 109
375 109
376 110
377 110
378 110
379 111
380 111
381 112
382 112
383 113
384 113
385 114
386 115
387 115
388 116
389 117
390 117
391 118
392 119
393 119
394 120
395 121
396 122
397 123
398 123
399 124
400 125
401 126
402 127
403 127
404 128
405 129
406 130
407 131
408 132
409 133
410 134
411 134
412 135
413 136
414 137
415 138
416 138
417 139
418 140
419 141
420 141
421 142
422 143
423 143
424 144
425 145
426 145
427 146
428 147
429 147
430 148
431 148
432 149
433 149
434 150
435 150
436 150
437 151
438 151
439 152
440 152
441 152
442 153
443 153
444 153
445 153
446 154
447 154
448 154
449 154
450 155
451 155
452 155
453 155
454 155
455 155
456 156
457 156
458 156
459 156
460 156
461 156
462 157
463 157
464 157
465 157
466 158
467 158
468 158
469 158
470 159
471 159
472 159
473 160
474 160
475 161
476 161
477 161
478 162
479 162
480 163
481 163
482 164
483 164
484 165
485 165
486 166
487 166
488 167
489 167
490 168
491 168
492 169
493 169
494 170
495 170
496 171
497 171
498 171
499 172
500 172
501 173
502 173
503 173
504 174
505 174
506 175
507 175
508 175
509 176
510 176
511 176
512 176
513 177
514 177
515 177
516 177
517 178
518 178
519 178
520 178
521 178
522 178
523 179
524 179
525 179
526 179
527 179
528 179
529 179
530 179
531 179
532 179
533 179
534 178
535 178
536 178
537 178
538 177
539 177
540 176
541 176
542 175
543 175
544 174
545 173
546 172
547 171
548 170
549 169
550 168
551 167
551 166
552 165
553 164
554 163
554 162
555 161
556 160
556 159
557 158
558 157
558 156
559 155
559 154
560 153
561 152
561 151
562 150
562 149
563 148
564 147
564 146
565 145
565 144
566 143
567 142
567 141
568 140
569 139
570 138
571 137
572 136
573 135
574 134
575 134
576 134
577 134
578 134
579 134
580 134
581 134
582 135
583 135
584 136
585 136
586 137
586 138
