36 2
37 3
38 4
38 5
39 6
40 7
41 8
42 9
42 10
43 11
44 12
45 13
45 14
46 15
47 16
48 17
48 18
49 19
50 20
51 21
51 22
52 23
53 24
53 25
54 26
55 27
55 28
56 29
57 30
57 31
58 32
59 33
59 34
60 35
60 36
61 37
62 38
62 39
63 40
63 41
64 42
64 43
65 44
65 45
66 46
66 47
67 48
67 49
68 50
68 51
69 52
69 53
69 54
70 55
70 56
71 57
71 58
72 59
72 60
72 61
73 62
73 63
74 64
74 65
75 66
75 67
75 68
76 69
76 70
77 71
77 72
77 73
78 74
78 75
79 76
79 77
80 78
80 79
81 80
81 81
81 82
82 83
82 84
83 85
83 86
84 87
84 88
85 89
86 90
86 91
87 92
87 93
88 94
89 95
89 96
90 97
91 98
92 99
92 100
93 101
94 102
95 103
96 104
97 105
98 106
99 106
100 107
101 108
102 108
103 109
104 110
105 110
106 110
107 111
108 111
109 111
110 112
111 112
112 112
113 112
114 113
115 113
116 113
117 113
118 113
119 113
120 114
121 114
122 114
123 114
124 114
125 114
126 114
127 114
128 114
129 114
130 114
131 114
132 115
133 115
134 115
135 115
136 115
137 114
138 114
139 114
140 114
141 114
142 114
143 114
144 114
145 113
146 113
147 113
148 113
149 113
150 112
151 112
152 112
153 112
154 111
155 111
156 111
157 111
158 111
159 110
160 110
161 110
162 110
163 110
164 110
165 110
166 110
167 110
168 110
169 110
170 110
171 110
172 110
173 110
174 110
175 110
176 110
177 111
178 111
179 111
180 111
181 112
182 112
183 112
184 113
185 113
186 114
187 114
188 115
189 115
190 116
191 116
192 117
193 118
194 118
195 119
196 120
197 120
198 121
199 122
200 123
201 124
202 125
203 126
204 127
205 128
206 129
207 130
208 131
209 132
210 133
210 134
211 135
212 136
213 137
214 138
215 139
215 140
216 141
217 142
218 143
219 144
219 145
220 146
221 147
222 148
