15 55
16 56
16 57
16 58
17 59
17 60
18 61
18 62
18 63
19 64
19 65
20 66
20 67
20 68
21 69
21 70
22 71
22 72
22 73
23 74
23 75
24 76
24 77
24 78
25 79
25 80
26 81
26 82
27 83
27 84
27 85
28 86
28 87
29 88
29 89
29 90
30 91
30 92
31 93
31 94
32 95
32 96
33 97
33 98
34 99
34 100
34 101
35 102
35 103
36 104
36 105
37 106
38 107
38 108
39 109
39 110
40 111
40 112
41 113
41 114
42 115
43 116
43 117
44 118
45 119
45 120
46 121
47 122
48 123
49 124
50 125
51 126
52 127
53 127
54 127
55 128
56 128
57 128
58 128
59 127
60 127
61 126
62 126
63 125
64 125
65 124
66 123
67 122
68 122
69 121
70 120
71 120
72 119
73 119
74 118
75 118
76 118
77 118
78 118
79 118
80 118
81 118
82 118
83 119
84 119
85 119
86 120
87 120
88 120
89 121
90 121
91 121
92 121
93 122
94 122
95 122
96 122
97 122
98 122
99 122
100 122
101 122
102 123
103 123
104 123
105 123
106 123
107 124
108 124
109 124
110 125
111 125
112 125
113 126
114 126
115 126
116 127
117 127
118 127
119 128
120 128
121 128
122 129
123 129
124 129
125 130
126 130
127 130
128 131
129 131
130 131
131 131
132 131
133 131
134 131
135 131
136 131
137 131
138 130
139 130
140 129
141 129
142 128
143 128
144 127
145 127
146 126
147 125
148 124
149 123
150 123
151 122
152 121
153 120
154 119
155 118
156 117
157 116
158 115
159 114
160 113
161 112
162 111
163 111
164 110
165 109
166 108
167 107
168 106
169 105
170 105
171 104
172 103
173 103
174 102
175 102
176 101
177 101
178 101
179 100
180 100
181 100
182 100
183 100
184 100
185 100
186 100
187 100
188 100
189 100
190 100
191 100
192 100
193 101
194 101
195 101
196 102
197 102
198 103
199 104
200 104
201 105
202 105
203 106
204 107
205 108
206 108
207 109
208 110
209 111
210 112
211 112
212 113
213 114
214 115
215 116
216 117
217 117
218 118
219 119
220 119
221 120
222 121
223 122
224 122
225 123
226 123
227 124
228 124
229 125
230 125
231 126
232 126
233 126
234 127
235 127
236 127
237 127
238 128
239 128
240 128
241 128
242 128
243 129
244 129
245 129
246 129
247 129
248 130
249 130
250 130
251 130
252 130
253 131
254 131
255 131
256 132
257 132
258 132
259 133
260 133
261 133
262 134
263 134
264 135
265 135
266 135
267 136
268 136
269 137
270 137
271 137
272 138
273 138
274 138
275 139
276 139
277 139
278 140
279 140
280 140
281 141
282 141
283 141
284 141
285 141
286 142
287 142
288 142
289 142
290 142
291 143
292 143
293 143
294 143
295 143
296 143
297 144
298 144
299 144
300 144
301 144
302 144
303 144
304 145
305 145
306 145
307 145
308 145
309 145
310 145
311 145
312 145
313 145
314 145
315 145
316 145
317 145
318 145
319 145
320 145
321 144
322 144
323 144
324 143
325 143
326 143
327 142
328 142
329 141
330 141
331 140
332 140
333 139
334 138
335 138
336 137
337 136
338 135
339 134
340 134
341 133
342 132
343 131
344 130
345 129
346 129
347 128
348 127
349 127
350 126
351 126
352 125
353 125
354 124
355 124
356 124
357 124
358 124
359 124
360 124
361 124
362 124
363 125
364 125
365 125
366 126
367 127
368 127
369 128
370 129
371 130
372 131
373 132
374 133
375 134
376 135
377 136
377 137
378 138
379 139
380 140
380 141
381 142
382 143
382 144
383 145
384 146
384 147
385 148
386 149
387 150
387 151
388 152
389 153
389 154
390 155
391 156
392 157
393 158
394 159
395 160
396 161
397 161
398 162
399 162
400 162
401 162
402 161
403 161
404 160
405 159
406 158
407 157
408 156
409 155
410 154
410 153
411 152
412 151
412 150
413 149
413 148
414 147
415 146
415 145
416 144
416 143
417 142
417 141
418 140
419 139
419 138
420 137
420 136
421 135
421 134
422 133
422 132
423 131
423 130
424 129
425 128
425 127
426 126
426 125
427 124
427 123
428 122
428 121
429 120
430 119
430 118
431 117
431 116
432 115
432 114
433 113
433 112
434 111
434 110
435 109
436 108
436 107
437 106
437 105
438 104
