30 8
31 9
31 10
32 11
33 12
34 13
35 14
36 15
36 16
37 17
38 18
39 19
40 20
40 21
41 22
42 23
43 24
43 25
44 26
45 27
46 28
46 29
47 30
48 31
48 32
49 33
50 34
50 35
51 36
52 37
52 38
53 39
53 40
54 41
54 42
55 43
56 44
56 45
57 46
57 47
58 48
58 49
59 50
60 51
60 52
61 53
61 54
62 55
63 56
64 57
64 58
65 59
66 60
67 61
68 62
69 63
70 63
71 64
72 65
73 65
74 66
75 66
76 67
77 67
78 67
79 67
80 67
81 68
82 68
83 68
84 68
85 67
86 67
87 67
88 67
89 67
90 66
91 66
92 66
93 65
94 65
95 64
96 64
97 63
98 63
99 62
100 62
101 61
102 61
103 60
104 60
105 59
106 58
107 58
108 57
109 56
110 56
111 55
112 54
113 54
114 53
115 52
116 52
117 51
118 50
119 49
120 49
