33 66
34 66
35 66
36 66
37 66
38 66
39 65
40 65
41 65
42 65
43 65
44 65
45 64
46 64
47 64
48 64
49 64
50 64
51 63
52 63
53 63
54 63
55 63
56 63
57 62
58 62
59 62
60 62
61 62
62 61
63 61
64 61
65 61
66 61
67 61
68 60
69 60
70 60
71 60
72 60
73 60
74 59
75 59
76 59
77 59
78 59
79 59
80 59
81 59
82 58
83 58
84 58
85 58
86 58
87 58
88 58
89 58
90 58
91 59
92 59
93 59
94 59
95 59
96 60
97 60
98 60
99 61
100 61
101 62
102 62
103 63
104 63
105 64
106 64
107 65
108 66
109 67
110 67
111 68
112 69
113 70
114 71
115 71
116 72
117 73
118 74
119 75
120 76
121 77
122 78
123 79
124 80
125 81
126 82
127 83
128 84
129 85
130 86
131 87
132 88
133 89
134 90
135 91
136 92
137 93
138 94
139 95
140 96
141 97
142 98
143 99
144 100
145 101
146 102
147 103
148 104
149 105
150 106
151 107
152 108
153 109
154 110
155 111
156 112
157 113
158 114
159 114
160 115
161 116
162 117
163 118
164 118
165 119
166 120
167 120
168 121
169 122
170 123
171 123
172 124
173 125
174 125
175 126
176 127
177 127
178 128
179 128
180 129
181 130
182 130
183 131
184 131
185 132
186 133
187 133
188 134
