14 47
15 47
16 47
17 47
18 47
19 47
20 47
21 47
22 47
23 47
24 47
25 47
26 47
27 47
28 47
29 47
30 48
31 48
32 48
33 48
34 48
35 48
36 48
37 49
38 49
39 49
40 49
41 50
42 50
43 50
44 51
45 51
46 52
47 52
48 53
49 53
50 54
51 54
52 55
53 55
54 56
55 57
56 57
57 58
58 59
59 59
60 60
61 61
62 61
63 62
64 63
65 64
66 64
67 65
68 66
69 67
70 68
71 68
72 69
73 70
74 71
75 71
76 72
77 73
78 74
79 75
80 75
81 76
82 77
83 78
84 79
85 79
86 80
87 81
88 81
89 82
90 83
91 84
92 84
93 85
94 86
95 86
96 87
97 88
98 88
99 89
100 89
101 90
102 90
103 91
104 91
105 92
106 92
107 93
108 93
109 94
110 94
111 95
112 95
113 95
114 96
115 96
116 96
117 97
118 97
119 97
120 97
121 98
122 98
123 98
124 98
125 99
126 99
127 99
128 99
129 99
130 99
131 100
132 100
133 100
134 100
135 100
136 100
137 100
138 100
139 100
140 100
141 100
142 100
143 100
144 101
145 101
146 101
147 101
148 101
149 101
150 101
151 101
152 101
153 101
154 101
155 102
156 102
157 102
158 102
159 103
160 103
161 104
162 105
163 105
164 106
165 107
166 108
167 109
168 110
169 111
169 112
170 113
171 114
172 115
172 116
173 117
174 118
175 119
175 120
176 121
177 122
177 123
178 124
179 125
179 126
180 127
181 128
181 129
182 130
183 131
183 132
184 133
185 134
185 135
186 136
187 137
188 138
188 139
189 140
190 141
191 142
191 143
192 144
193 145
194 146
195 147
196 148
197 149
197 150
198 151
199 152
200 153
201 154
202 155
203 156
204 157
205 158
206 159
207 159
208 160
209 161
210 162
211 163
212 164
213 164
214 165
215 166
216 167
217 168
218 168
219 169
220 170
221 170
222 171
223 172
224 172
225 173
226 174
227 174
228 175
229 175
230 176
231 177
232 177
233 178
234 178
235 179
236 179
237 180
238 180
239 181
240 181
241 181
242 182
243 182
244 183
245 183
246 183
247 184
248 184
249 184
250 185
251 185
252 185
253 185
254 185
255 186
256 186
257 186
258 186
259 186
260 186
261 186
262 186
263 186
264 186
265 186
266 186
267 186
268 186
269 185
270 185
271 185
272 185
273 185
274 184
275 184
276 184
277 183
278 183
279 183
280 183
281 182
282 182
283 182
284 181
285 181
286 181
287 180
288 180
289 180
290 179
291 179
292 179
293 178
294 178
295 178
296 178
297 177
298 177
299 177
300 177
301 177
302 176
303 176
304 176
305 176
306 176
307 175
308 175
309 175
310 175
311 175
312 175
313 174
314 174
315 174
316 174
317 174
318 174
319 174
320 173
321 173
322 173
323 173
324 173
325 173
326 173
327 173
328 172
329 172
330 172
331 172
332 172
333 172
334 172
335 172
336 172
337 172
338 172
339 172
340 172
341 172
342 172
343 172
344 172
345 172
346 172
347 172
348 172
349 172
350 172
351 172
352 172
353 172
354 172
355 172
356 172
357 172
358 172
359 172
360 172
361 172
362 172
363 172
364 172
365 172
366 172
367 172
368 172
369 172
370 172
371 172
372 172
373 172
374 172
375 172
376 172
377 172
378 172
379 172
380 172
381 172
382 172
383 171
384 171
385 171
386 171
387 171
388 171
389 171
390 171
391 171
392 171
393 170
394 170
395 170
396 170
397 170
398 170
399 170
400 170
401 170
402 170
403 169
404 169
405 169
406 169
407 169
408 169
409 169
410 169
411 169
412 169
413 169
414 169
415 169
416 169
417 169
418 169
419 169
420 169
421 169
422 168
423 168
424 168
425 168
426 168
427 168
428 168
429 168
430 168
431 168
432 168
433 168
434 168
435 168
436 168
437 168
438 167
439 167
440 167
441 167
442 167
443 167
444 167
445 166
446 166
447 166
448 166
449 166
450 166
451 165
452 165
453 165
454 165
455 164
456 164
457 164
458 164
459 163
460 163
461 163
462 163
463 162
464 162
465 162
466 162
