12 69
13 69
14 70
15 70
16 71
17 71
18 71
19 72
20 72
21 73
22 73
23 74
24 74
25 75
26 75
27 76
28 76
29 77
30 77
31 78
32 78
33 79
34 79
35 80
36 80
37 81
38 81
39 82
40 83
41 83
42 84
43 84
44 85
45 85
46 86
47 86
48 87
49 88
50 88
51 89
52 89
53 90
54 91
55 91
56 92
57 93
58 93
59 94
60 95
61 95
62 96
63 97
64 97
65 98
66 99
67 99
68 100
69 101
70 102
71 102
72 103
73 104
74 105
75 105
76 106
77 107
78 108
79 108
80 109
81 110
82 111
83 111
84 112
85 113
86 114
87 115
88 115
89 116
90 117
91 118
92 118
93 119
94 120
95 121
96 122
97 122
98 123
99 124
100 125
101 126
102 126
103 127
104 128
105 129
106 129
107 130
108 131
109 132
110 132
111 133
112 134
113 135
114 135
115 136
116 137
117 137
118 138
119 139
120 139
121 140
122 141
123 141
124 142
125 142
126 143
127 143
128 143
129 144
130 144
131 144
132 144
133 144
134 144
135 143
136 143
137 142
138 141
139 140
140 139
141 138
141 137
142 136
143 135
143 134
144 133
144 132
145 131
146 130
146 129
147 128
147 127
148 126
148 125
149 124
149 123
150 122
150 121
151 120
151 119
152 118
152 117
153 116
153 115
154 114
154 113
155 112
155 111
156 110
156 109
157 108
157 107
158 106
159 105
159 104
160 103
161 102
162 101
163 100
163 99
164 98
165 98
166 97
167 96
168 95
169 95
170 94
171 94
172 94
173 93
174 93
175 93
176 93
177 93
178 93
179 93
180 93
181 94
182 94
183 94
184 95
185 95
186 96
187 96
188 97
189 97
190 98
191 98
192 99
193 100
194 100
195 101
196 102
197 102
198 103
199 104
200 104
201 105
202 106
203 106
204 107
205 108
206 109
207 109
208 110
209 111
210 111
211 112
212 112
213 113
214 114
215 114
216 115
217 115
218 115
219 116
220 116
221 116
222 116
223 117
224 117
225 116
226 116
227 116
228 116
229 115
230 115
231 114
232 114
233 113
234 112
235 112
236 111
237 110
238 109
239 109
