44 41
45 41
46 42
47 42
48 42
49 43
50 43
51 44
52 44
53 44
54 45
55 45
56 46
57 46
58 46
59 47
60 47
61 48
62 48
63 49
64 49
65 50
66 50
67 51
68 51
69 52
70 53
71 53
72 54
73 54
74 55
75 56
76 56
77 57
78 58
79 59
80 59
81 60
82 61
83 62
84 63
85 64
86 65
87 65
88 66
89 67
90 68
91 69
92 70
93 71
94 72
95 73
96 74
97 75
98 76
99 77
100 78
101 79
102 80
103 81
104 82
105 83
106 84
107 85
108 86
109 87
110 87
111 88
112 89
113 90
114 91
115 92
116 92
117 93
118 94
119 95
120 95
121 96
122 97
123 97
124 98
125 99
126 99
127 100
128 100
129 101
130 102
131 102
132 103
133 103
134 104
135 104
136 105
137 105
138 105
139 106
140 106
141 107
142 107
143 107
144 108
145 108
146 108
147 109
148 109
149 109
150 110
151 110
152 110
153 110
154 111
155 111
156 111
157 111
158 111
159 111
160 112
161 112
162 112
163 112
164 112
165 112
166 112
167 112
168 112
169 112
170 112
171 112
172 112
173 112
174 112
175 112
176 112
177 112
178 112
179 112
180 112
181 112
182 112
183 112
184 112
185 112
186 112
187 111
188 111
189 111
190 111
191 111
192 111
193 111
194 111
195 111
196 111
197 111
198 111
199 112
200 112
201 112
202 112
203 112
204 112
205 112
206 112
207 112
208 112
209 112
210 113
211 113
212 113
213 113
214 113
215 113
216 114
217 114
218 114
219 114
220 114
221 115
222 115
223 115
224 115
225 116
226 116
227 116
228 116
229 117
230 117
231 117
232 118
233 118
234 118
235 119
236 119
237 119
238 119
239 120
240 120
241 121
242 121
243 121
244 122
245 122
246 122
247 123
248 123
249 123
250 124
251 124
252 125
253 125
254 125
255 126
256 126
257 127
258 127
259 127
260 128
261 128
262 128
263 129
264 129
265 130
266 130
267 130
268 131
269 131
270 131
271 132
272 132
273 132
274 132
275 133
276 133
277 133
278 133
279 133
280 133
281 133
282 133
283 133
284 133
285 133
286 133
287 133
288 133
289 133
290 133
291 133
292 133
293 133
294 133
295 133
296 133
297 133
298 133
299 133
300 133
301 133
302 134
303 134
304 134
305 135
306 135
307 136
308 137
309 137
310 138
311 139
312 140
313 140
314 141
315 142
316 143
317 144
318 145
319 146
320 147
321 148
321 149
322 150
323 151
324 152
325 153
326 154
327 155
328 156
329 157
330 158
330 159
331 160
332 161
333 162
334 163
335 164
336 165
337 166
337 167
338 168
339 169
340 170
341 171
342 172
343 173
344 174
344 175
345 176
346 177
347 178
348 179
349 180
350 181
351 182
351 183
352 184
353 185
354 186
355 187
356 188
356 189
