6 31
7 31
8 31
9 31
10 31
11 31
12 31
13 31
14 31
15 31
16 31
17 31
18 31
19 31
20 32
21 32
22 32
23 33
24 33
25 34
26 34
27 35
28 35
29 36
30 36
31 37
32 38
33 38
34 39
35 40
36 40
37 41
38 42
39 43
40 43
41 44
42 45
43 46
44 47
45 47
46 48
47 49
48 50
49 51
50 52
51 53
52 53
53 54
54 55
55 56
56 57
57 58
58 59
59 60
60 60
61 61
62 62
63 63
64 64
65 65
66 66
67 67
68 68
69 69
70 70
71 71
72 72
73 73
74 74
75 75
76 76
77 77
78 78
78 79
79 80
80 81
81 82
82 83
82 84
83 85
84 86
84 87
85 88
86 89
86 90
87 91
88 92
88 93
89 94
90 95
90 96
91 97
92 98
92 99
93 100
94 101
94 102
95 103
96 104
96 105
97 106
98 107
99 108
100 109
101 110
102 111
103 112
104 113
105 113
106 113
107 114
108 114
109 114
110 113
111 113
112 113
113 112
114 112
115 111
116 111
117 110
118 109
119 108
120 107
121 106
122 105
123 104
124 103
125 102
126 101
127 100
128 99
129 98
129 97
130 96
131 95
132 94
133 93
133 92
134 91
135 90
136 89
137 88
138 87
139 86
139 85
140 84
141 83
142 83
143 82
144 81
145 80
146 79
147 79
148 78
149 77
150 77
151 76
152 76
153 76
154 75
155 75
156 75
157 75
158 75
159 75
160 75
161 75
162 75
163 75
164 75
165 75
166 76
167 76
168 76
169 76
170 76
171 76
172 77
173 77
174 77
175 77
176 77
177 77
178 77
179 77
180 78
181 78
182 78
183 78
184 78
185 78
186 78
187 78
188 77
189 77
190 77
191 77
192 77
193 77
194 77
195 77
196 77
197 77
198 76
199 76
200 76
201 76
202 76
203 76
204 76
205 76
206 76
207 76
208 76
209 76
210 76
211 76
212 76
213 76
214 76
215 76
216 77
217 77
218 77
219 77
220 78
221 78
222 78
223 79
224 79
225 79
226 79
227 79
228 80
229 80
230 80
231 80
232 80
233 79
234 79
235 79
236 79
237 78
238 78
239 78
240 77
241 77
242 76
243 76
244 76
245 75
246 75
247 74
248 74
249 73
250 73
251 72
252 72
253 71
254 71
255 70
256 70
257 69
258 69
259 68
260 68
261 67
262 67
263 67
264 66
265 66
266 66
267 65
268 65
269 65
270 64
271 64
272 64
273 64
274 64
275 64
276 64
277 64
278 64
279 64
280 64
281 64
282 64
283 64
284 64
285 65
286 65
287 65
288 65
289 66
290 66
291 66
