18 5
19 5
20 6
21 7
22 8
23 9
24 10
25 10
26 11
27 12
28 13
29 14
30 15
31 16
32 16
33 17
34 18
35 19
36 19
37 20
38 21
39 22
40 22
41 23
42 24
43 25
43 26
44 27
45 28
45 29
46 30
46 31
47 32
47 33
48 34
48 35
49 36
49 37
50 38
50 39
50 40
51 41
51 42
52 43
52 44
52 45
53 46
53 47
54 48
54 49
55 50
56 51
56 52
57 53
58 54
59 55
60 56
61 56
62 57
63 58
64 58
65 58
66 59
67 59
68 59
69 59
70 59
71 59
72 59
73 59
74 59
75 59
76 59
77 59
78 59
79 59
80 59
81 60
82 60
83 60
84 60
85 60
86 60
87 60
88 60
89 61
90 61
91 61
92 61
93 62
94 62
95 62
96 63
97 63
98 63
99 64
100 64
101 64
102 65
103 65
104 65
105 66
106 66
107 66
108 66
109 67
110 67
111 67
112 68
113 68
114 68
115 68
116 68
117 68
118 69
119 69
120 69
121 69
122 69
123 68
124 68
125 68
126 68
127 68
128 67
129 67
130 67
131 66
132 66
133 66
134 65
135 65
136 64
137 63
138 63
139 62
140 61
141 61
142 60
143 59
144 59
145 58
146 58
147 57
148 57
149 57
150 57
151 58
152 58
153 59
154 60
155 61
156 62
157 63
158 64
159 65
160 66
161 67
162 68
163 69
164 69
165 70
166 71
167 72
168 72
169 73
170 73
171 74
172 74
173 75
174 75
175 75
176 76
177 76
178 76
179 76
180 77
181 77
182 77
183 77
184 78
185 78
186 78
187 78
188 79
189 79
190 79
191 79
192 79
193 80
194 80
195 80
196 80
197 80
198 81
199 81
200 81
201 81
202 81
203 82
204 82
205 82
206 82
207 82
208 82
209 82
210 82
211 82
212 82
213 82
214 82
215 82
216 82
217 82
218 82
219 82
220 82
221 82
222 82
223 82
224 82
225 82
226 83
227 83
228 83
229 84
230 84
231 84
232 84
233 84
234 84
235 83
236 83
237 83
238 83
239 82
240 82
241 81
242 81
243 80
244 79
245 79
246 78
247 77
248 77
249 76
250 75
251 75
252 74
253 73
254 73
255 72
256 71
257 71
258 70
259 70
260 69
261 69
262 68
263 68
264 67
265 67
266 67
267 67
268 66
269 66
270 66
271 66
272 66
273 67
274 67
275 67
276 67
277 68
278 68
279 69
280 69
281 70
282 70
283 71
284 72
285 73
