10 61
11 62
12 63
13 64
13 65
14 66
15 67
16 68
16 69
17 70
18 71
18 72
19 73
20 74
21 75
22 76
22 77
23 78
24 79
25 80
26 81
27 82
28 83
28 84
29 85
30 86
31 87
32 88
33 88
34 89
35 90
36 91
37 92
38 92
39 93
40 94
41 94
42 95
43 95
44 96
45 96
46 97
47 97
48 98
49 98
50 98
51 99
52 99
53 100
54 100
55 100
56 100
57 101
58 101
59 101
60 102
61 102
62 102
63 102
64 103
65 103
66 103
67 103
68 103
69 104
70 104
71 104
72 104
73 105
74 105
75 105
76 105
77 106
78 106
79 106
80 106
81 107
82 107
83 107
84 107
85 108
86 108
87 108
88 109
89 109
90 109
91 110
92 110
93 110
94 111
95 111
96 112
97 112
98 113
99 113
100 114
101 115
102 115
103 116
104 117
105 117
106 118
107 119
108 120
109 120
110 121
111 122
112 123
113 124
114 125
115 126
116 127
117 128
118 129
118 130
119 131
120 132
121 133
122 134
123 135
123 136
124 137
125 138
126 139
127 140
127 141
128 142
129 143
130 144
130 145
131 146
132 147
132 148
133 149
134 150
134 151
135 152
136 153
137 154
137 155
138 156
139 157
139 158
140 159
141 160
142 161
143 162
143 163
144 164
145 165
146 166
147 167
148 167
149 168
150 169
151 169
152 170
153 170
154 170
155 170
156 170
157 170
158 169
159 169
160 168
161 168
162 167
163 167
164 166
165 165
166 165
167 164
168 163
169 163
170 162
171 161
172 160
173 160
174 159
175 158
176 157
177 157
178 156
179 155
180 155
181 154
182 153
183 152
184 152
185 151
186 150
187 150
188 149
189 148
190 148
191 147
192 146
193 146
194 145
195 144
196 144
197 143
198 143
199 142
200 141
201 141
202 140
203 140
204 139
205 139
206 138
207 138
208 137
209 137
210 137
211 136
212 136
213 135
214 135
215 135
216 135
217 134
218 134
219 134
220 134
221 134
222 134
223 134
224 134
225 134
226 134
227 134
228 134
229 135
230 135
231 135
232 136
233 136
234 137
235 138
236 138
237 139
238 140
239 141
240 142
241 143
242 144
243 145
244 146
244 147
245 148
246 149
247 150
248 151
248 152
249 153
250 154
251 155
251 156
252 157
253 158
254 159
254 160
255 161
256 162
257 163
257 164
258 165
259 166
260 167
260 168
261 169
262 170
263 171
263 172
264 173
265 174
266 175
267 176
268 177
268 178
269 179
270 180
271 181
272 182
273 183
274 184
274 185
275 186
276 187
277 188
278 189
279 190
280 191
281 192
282 193
283 194
284 195
285 196
286 197
287 197
288 198
289 199
290 200
291 201
292 202
293 202
294 203
295 204
296 205
297 205
298 206
299 207
300 207
301 208
302 209
303 209
304 210
305 210
306 211
307 212
308 212
309 213
310 213
311 214
312 214
313 215
314 215
315 216
316 216
317 216
318 217
319 217
320 218
321 218
322 218
323 219
324 219
325 219
326 220
327 220
328 220
329 221
330 221
331 221
332 221
333 222
334 222
335 222
336 222
337 222
338 222
339 222
340 223
341 223
342 223
343 223
344 223
345 223
346 223
347 223
348 223
349 223
350 223
351 222
352 222
353 222
354 222
355 222
356 221
357 221
358 221
359 220
360 220
361 220
362 219
363 219
364 218
365 218
366 217
367 217
368 216
369 216
370 215
371 214
372 214
373 213
374 212
375 212
376 211
377 210
378 209
379 209
380 208
381 207
382 206
383 205
384 204
385 203
386 203
387 202
388 201
389 200
390 199
391 198
392 197
393 196
394 195
395 194
396 193
397 192
398 191
399 190
400 189
401 188
402 187
403 187
404 186
405 185
406 184
407 183
408 182
409 181
410 180
411 180
412 179
413 178
414 177
415 176
416 176
417 175
418 175
419 174
420 173
421 173
422 172
423 172
424 172
425 171
426 171
427 171
428 171
429 171
430 171
431 171
432 171
433 171
434 171
435 171
436 171
437 172
438 172
439 173
440 173
441 174
442 174
443 175
444 175
445 176
446 177
447 178
448 178
449 179
450 180
451 181
452 182
453 183
454 184
455 185
456 186
457 187
458 188
459 189
460 190
461 191
462 192
463 193
464 194
464 195
465 196
466 197
467 198
468 199
469 200
470 201
471 202
472 203
473 204
473 205
474 206
475 207
476 208
477 209
478 209
479 210
480 211
481 212
482 213
483 214
484 215
485 215
486 216
487 216
488 217
489 218
490 218
491 219
492 219
493 219
494 220
495 220
496 220
497 221
498 221
499 221
500 221
501 221
502 222
503 222
504 222
505 222
506 221
507 221
508 221
509 221
510 221
511 220
512 220
513 220
514 219
515 219
516 218
517 218
518 217
519 217
520 216
521 216
522 215
523 214
524 214
525 213
526 213
527 212
528 211
529 210
530 210
531 209
532 208
533 208
534 207
535 206
536 206
537 205
538 205
539 204
540 203
541 203
542 202
543 202
544 201
545 201
546 200
547 200
548 199
549 199
550 199
551 198
552 198
553 197
554 197
555 197
556 196
557 196
558 196
559 195
560 195
561 195
562 195
563 194
564 194
565 194
566 194
567 194
568 194
569 194
570 193
571 193
572 193
573 193
574 193
575 193
576 193
577 193
578 193
579 193
580 193
581 193
582 193
583 193
584 193
585 193
586 193
587 193
588 193
