41 6
42 7
43 8
44 9
44 10
45 11
46 12
47 13
48 14
49 15
50 16
51 17
52 18
52 19
53 20
54 21
55 22
56 23
57 24
57 25
58 26
59 27
60 28
61 29
61 30
62 31
63 32
64 33
65 34
65 35
66 36
67 37
67 38
68 39
69 40
70 41
70 42
71 43
72 44
72 45
73 46
74 47
74 48
75 49
76 50
76 51
77 52
78 53
78 54
79 55
79 56
80 57
81 58
81 59
82 60
83 61
83 62
84 63
84 64
85 65
86 66
86 67
87 68
87 69
88 70
89 71
89 72
90 73
90 74
91 75
92 76
92 77
93 78
94 79
94 80
95 81
95 82
96 83
97 84
97 85
98 86
99 87
99 88
100 89
101 90
101 91
102 92
103 93
103 94
104 95
105 96
105 97
106 98
107 99
107 100
108 101
109 102
110 103
110 104
111 105
112 106
113 107
113 108
114 109
115 110
116 111
117 112
117 113
118 114
119 115
120 116
121 117
122 118
123 119
124 120
125 121
126 122
127 123
128 123
129 124
130 125
131 125
132 126
133 127
134 127
135 127
136 128
137 128
138 128
139 128
140 128
141 128
142 128
143 128
144 128
145 127
146 127
147 127
148 126
149 126
150 125
151 124
152 124
153 123
154 122
155 122
156 121
157 120
158 120
159 119
160 118
161 117
162 117
163 116
164 115
165 114
166 114
167 113
168 112
169 111
170 111
171 110
172 109
173 109
174 108
175 108
176 107
177 106
178 106
179 105
180 105
181 104
182 104
183 103
184 103
185 102
186 102
187 102
188 101
189 101
190 101
191 100
192 100
193 100
194 99
195 99
196 99
197 99
198 98
199 98
200 98
201 98
202 98
203 98
204 98
205 97
206 97
207 97
208 97
209 97
210 97
211 97
212 97
213 97
214 97
215 97
216 97
217 98
218 98
219 98
220 98
221 98
222 98
223 98
224 98
225 98
226 98
227 99
228 99
229 99
230 99
231 99
232 99
233 99
234 99
235 99
236 99
237 99
238 99
239 99
240 99
241 99
242 99
243 99
244 100
245 100
246 100
247 101
248 101
249 102
250 103
251 104
252 105
253 106
254 107
255 108
256 109
256 110
257 111
257 112
258 113
259 114
259 115
260 116
260 117
261 118
261 119
262 120
262 121
262 122
263 123
263 124
264 125
264 126
265 127
265 128
265 129
266 130
266 131
267 132
267 133
267 134
268 135
268 136
269 137
269 138
269 139
270 140
270 141
271 142
271 143
272 144
272 145
272 146
273 147
273 148
274 149
274 150
275 151
275 152
276 153
276 154
276 155
277 156
278 157
278 158
279 159
279 160
280 161
280 162
281 163
281 164
282 165
283 166
283 167
284 168
285 169
286 170
286 171
287 172
288 173
289 174
290 175
291 176
292 176
293 177
294 178
295 179
296 179
297 180
298 180
299 181
300 181
301 182
302 182
303 183
304 183
305 183
306 184
307 184
308 184
309 185
310 185
311 185
312 186
313 186
314 186
315 186
316 187
317 187
318 187
319 188
320 188
321 188
322 188
323 189
324 189
325 189
326 189
327 190
328 190
329 190
330 190
331 190
332 191
333 191
334 191
335 191
336 192
337 192
338 192
339 192
340 192
341 193
342 193
343 193
344 193
345 193
346 193
347 194
348 194
349 194
350 194
351 194
352 194
353 194
354 194
355 194
356 194
357 194
358 194
359 194
360 193
361 193
362 193
363 193
364 193
365 192
366 192
367 191
368 191
369 191
370 190
371 190
372 189
373 189
374 188
375 188
376 187
377 187
378 186
379 185
380 185
381 184
382 184
383 183
384 182
385 182
386 181
387 180
388 180
389 179
390 178
391 178
392 177
393 177
394 176
395 175
396 175
397 174
398 173
399 173
400 172
401 172
402 171
403 171
404 170
405 170
406 169
407 169
408 168
409 168
410 168
411 167
412 167
413 167
414 166
415 166
416 166
417 165
418 165
419 165
420 165
421 165
422 164
423 164
424 164
425 164
426 164
427 164
428 164
429 164
430 164
431 164
432 164
433 164
434 164
435 164
436 164
437 164
438 164
439 164
440 164
441 164
442 164
443 164
444 164
445 164
446 164
447 164
448 164
449 164
450 164
451 164
452 164
453 164
454 164
455 164
456 164
457 164
458 164
459 164
460 164
461 163
462 163
463 163
464 163
465 163
466 162
467 162
468 162
469 161
470 161
471 161
472 160
473 160
474 159
475 158
476 158
477 157
478 156
479 155
480 154
481 153
482 152
483 151
484 150
485 149
486 148
486 147
487 146
488 145
489 144
490 143
491 142
492 141
492 140
493 139
494 138
495 137
496 136
497 135
498 135
499 134
500 133
501 133
502 132
503 132
504 131
505 131
506 131
507 131
508 131
509 131
510 131
511 131
512 131
513 131
514 132
515 132
516 133
517 133
518 134
519 135
520 136
521 137
522 138
523 139
524 140
525 141
526 142
527 143
528 144
529 145
530 146
531 147
532 148
533 149
534 150
535 151
536 152
537 153
538 153
539 154
540 155
541 156
542 157
543 158
544 159
545 160
546 160
547 161
548 162
549 163
550 163
551 164
552 165
553 166
554 166
555 167
556 168
557 168
558 169
559 169
560 170
561 170
562 171
563 171
564 172
565 172
566 173
567 173
568 174
569 174
570 175
571 175
572 175
573 176
574 176
575 177
576 177
577 177
578 178
579 178
580 178
581 179
582 179
583 179
584 179
585 180
586 180
587 180
588 181
589 181
590 181
591 181
592 182
593 182
594 182
595 183
596 183
597 183
598 184
599 184
600 184
601 184
602 185
603 185
604 185
605 186
606 186
607 187
608 187
609 187
610 188
611 188
612 189
613 189
614 190
615 190
616 190
617 191
618 191
619 192
620 192
621 193
622 194
