19 4
20 5
20 6
21 7
22 8
22 9
23 10
24 11
24 12
25 13
26 14
26 15
27 16
28 17
28 18
29 19
30 20
30 21
31 22
32 23
32 24
33 25
34 26
34 27
35 28
36 29
36 30
37 31
37 32
38 33
38 34
39 35
39 36
40 37
40 38
41 39
41 40
42 41
42 42
43 43
43 44
43 45
44 46
44 47
44 48
45 49
45 50
45 51
46 52
46 53
47 54
47 55
47 56
48 57
48 58
48 59
49 60
49 61
49 62
50 63
50 64
50 65
51 66
51 67
51 68
52 69
52 70
52 71
53 72
53 73
54 74
54 75
55 76
55 77
56 78
57 79
58 80
59 81
60 81
61 80
62 80
63 79
64 78
65 77
66 76
66 75
67 74
68 73
69 72
70 71
70 70
71 69
72 68
73 67
74 66
75 65
76 64
77 63
78 62
79 62
80 61
81 61
82 60
83 60
84 60
85 60
86 60
87 60
88 60
89 60
90 60
91 60
92 60
93 60
94 60
95 60
96 60
97 61
98 61
99 61
100 62
101 62
102 62
103 62
104 63
105 63
106 63
107 64
108 64
109 64
110 64
111 65
112 65
113 65
114 65
115 65
116 65
117 65
118 65
119 65
120 65
121 66
122 66
123 66
124 67
125 67
126 68
127 69
128 70
129 70
130 71
131 72
132 73
133 73
134 74
135 74
136 74
137 75
138 74
139 74
140 74
141 74
142 73
143 73
144 73
145 73
146 73
147 73
148 73
149 73
150 73
151 73
152 73
153 73
154 73
155 73
156 73
157 73
158 73
159 73
160 73
161 74
162 74
163 74
164 74
165 74
166 74
167 74
168 74
169 74
170 74
171 75
172 75
173 75
174 75
175 75
176 75
177 75
178 76
179 76
180 76
181 76
182 76
183 76
184 76
185 76
186 76
187 76
188 75
189 75
190 74
191 74
192 73
193 73
194 72
195 72
196 71
197 70
198 69
199 69
200 68
201 67
202 67
203 66
204 66
205 65
206 65
207 65
208 65
209 65
210 65
211 66
212 66
213 67
214 67
215 68
216 69
