26 13
26 14
27 15
27 16
28 17
28 18
29 19
29 20
30 21
30 22
31 23
31 24
32 25
32 26
33 27
33 28
34 29
34 30
35 31
35 32
36 33
37 34
37 35
38 36
39 37
40 38
41 39
41 40
42 41
43 42
44 43
45 44
46 45
47 46
48 47
49 48
50 49
51 50
52 51
53 52
54 53
55 54
56 55
56 56
57 57
58 58
59 59
60 60
61 61
62 62
63 63
63 64
64 65
65 66
66 67
67 68
68 69
69 70
69 71
70 72
71 73
72 74
73 75
73 76
74 77
75 78
76 79
77 80
78 81
78 82
79 83
80 84
81 85
82 86
82 87
83 88
84 89
85 90
86 91
87 92
87 93
88 94
89 95
90 96
90 97
91 98
92 99
93 100
94 101
94 102
95 103
96 104
97 105
97 106
98 107
99 108
100 109
100 110
101 111
102 112
103 113
103 114
104 115
105 116
105 117
106 118
107 119
107 120
108 121
109 122
110 123
110 124
111 125
112 126
112 127
113 128
114 129
114 130
115 131
116 132
117 133
118 134
119 135
120 136
121 137
122 138
123 139
124 140
125 140
126 141
127 141
128 142
129 142
130 142
131 143
132 143
133 144
134 144
135 144
136 145
137 145
138 146
139 146
140 146
141 147
142 147
143 148
144 148
145 148
146 149
147 149
148 149
149 150
150 150
151 150
152 151
153 151
154 151
155 152
156 152
157 152
158 153
159 153
160 153
161 153
162 154
163 154
164 154
165 154
166 154
167 154
168 155
169 155
170 155
171 155
172 155
173 155
174 155
175 155
176 155
177 155
178 155
179 155
180 154
181 154
182 154
183 154
184 154
185 154
186 154
187 153
188 153
189 153
190 153
191 152
192 152
193 152
194 152
195 151
196 151
197 151
198 150
199 150
200 150
201 149
202 149
203 149
204 148
205 148
206 147
207 147
208 147
209 146
210 146
211 145
212 145
213 145
214 144
215 144
216 144
217 143
218 143
219 143
220 142
221 142
222 142
223 142
224 142
225 141
226 141
227 141
228 141
229 141
230 141
231 140
232 140
233 140
234 139
235 139
236 139
237 138
238 138
239 137
240 136
241 136
242 135
243 134
244 133
245 132
246 131
247 130
248 130
249 129
250 128
251 127
252 126
253 125
254 124
255 123
256 123
257 122
258 121
259 121
260 120
261 120
262 119
263 119
264 119
265 118
266 118
267 118
268 118
269 118
270 117
271 117
272 117
273 117
274 117
275 117
276 117
277 117
278 118
279 118
280 118
281 118
282 118
283 119
284 119
285 119
286 120
287 120
288 120
289 121
290 121
291 122
292 122
293 122
294 123
295 123
296 124
297 124
298 124
299 125
300 125
301 125
302 126
303 126
304 126
305 126
306 126
307 127
308 127
309 127
310 127
311 126
312 126
313 126
314 126
315 126
316 125
317 125
318 125
319 124
320 124
321 123
322 122
323 122
324 121
325 120
326 120
327 119
328 118
329 117
330 117
331 116
332 115
333 114
334 113
335 112
336 111
337 110
338 109
339 109
340 108
341 107
342 106
343 105
344 105
345 104
346 104
347 103
348 103
349 102
350 102
351 102
352 102
353 102
354 102
355 102
356 102
357 102
358 103
359 103
360 103
361 104
362 104
363 104
364 104
365 105
366 105
367 105
368 105
369 105
370 105
371 105
372 105
373 105
374 105
375 105
376 105
377 104
378 104
379 104
380 104
381 104
382 103
383 103
384 103
385 103
386 103
387 102
388 102
389 102
390 102
391 102
392 102
393 102
394 101
395 101
396 101
397 101
398 101
399 101
400 101
401 101
402 101
403 101
404 101
405 101
406 101
407 101
408 101
409 101
410 101
411 101
412 102
413 102
414 102
415 102
416 102
417 102
418 103
419 103
420 103
421 103
422 104
423 104
424 104
425 104
426 105
427 105
428 106
429 106
430 106
431 107
432 107
433 108
434 108
435 108
436 109
437 109
438 110
439 110
440 111
441 111
442 112
443 112
444 113
445 113
446 114
447 114
448 115
449 115
450 116
451 116
452 117
453 117
454 118
455 118
456 119
457 119
458 119
459 120
460 120
461 121
462 121
463 122
464 122
465 122
466 123
467 123
468 124
469 124
470 124
471 125
472 125
473 125
474 126
475 126
476 126
477 127
478 127
479 127
480 128
481 128
482 128
483 129
484 129
485 129
486 130
487 130
488 130
489 131
490 131
491 131
492 132
493 132
494 132
495 133
496 133
497 133
498 133
499 134
500 134
501 134
502 134
503 135
504 135
505 135
506 135
507 135
508 135
509 136
510 136
511 136
512 136
513 136
514 136
515 136
516 136
517 136
518 136
519 136
520 136
521 135
522 135
523 135
524 134
525 133
526 133
527 132
528 131
529 130
530 129
531 128
532 127
532 126
533 125
534 124
534 123
535 122
536 121
536 120
537 119
538 118
538 117
539 116
540 115
541 114
541 113
542 112
543 111
544 110
545 109
546 108
547 108
548 107
549 106
550 106
