11 63
12 64
13 65
13 66
14 67
14 68
15 69
16 70
16 71
17 72
17 73
18 74
19 75
19 76
20 77
20 78
21 79
22 80
22 81
23 82
23 83
24 84
25 85
25 86
26 87
26 88
27 89
28 90
28 91
29 92
30 93
30 94
31 95
32 96
32 97
33 98
34 99
34 100
35 101
36 102
36 103
37 104
38 105
39 106
40 107
40 108
41 109
42 110
43 111
44 112
45 113
46 114
47 115
48 116
49 116
50 117
51 118
52 118
53 119
54 119
55 119
56 119
57 120
58 120
59 120
60 120
61 120
62 120
63 119
64 119
65 119
66 119
67 119
68 118
69 118
70 118
71 118
72 117
73 117
74 117
75 116
76 116
77 116
78 116
79 116
80 115
81 115
82 115
83 115
84 115
85 115
86 115
87 115
88 115
89 116
90 116
91 116
92 116
93 117
94 117
95 118
96 118
97 119
98 120
99 120
100 121
101 122
102 122
103 123
104 124
105 125
106 126
107 127
108 127
109 128
110 129
111 130
112 131
113 132
114 133
115 134
116 135
117 136
118 137
119 138
119 139
120 140
121 141
122 142
123 143
124 144
125 145
126 146
127 147
128 147
129 148
130 149
131 150
132 151
133 152
134 153
135 154
136 154
137 155
138 156
139 157
140 157
141 158
142 158
143 159
144 159
145 160
146 160
147 160
148 161
149 161
150 161
151 161
152 161
153 161
154 161
155 161
156 160
157 160
158 159
159 159
160 158
161 157
162 157
163 156
164 155
165 154
166 153
167 152
168 151
169 150
169 149
170 148
171 147
172 146
172 145
173 144
174 143
175 142
175 141
176 140
177 139
178 138
178 137
179 136
180 135
181 134
182 133
183 132
184 131
185 130
186 129
187 128
188 127
189 127
190 126
191 126
192 125
193 125
194 124
195 124
196 124
197 124
198 124
199 124
200 124
201 124
202 124
203 124
204 124
205 124
206 124
207 124
208 124
209 124
210 124
211 124
212 124
213 125
214 125
215 125
216 125
217 125
218 125
219 125
220 125
221 125
222 125
223 126
224 126
225 126
226 126
227 126
228 126
229 126
230 126
231 126
232 126
233 126
234 126
235 126
236 126
237 126
238 126
239 126
240 126
241 126
242 126
243 126
244 126
245 126
246 126
247 125
248 125
249 125
250 125
251 125
252 125
253 125
254 125
255 124
256 124
257 124
258 124
259 123
260 123
261 123
262 123
263 122
264 122
265 122
266 121
267 121
268 120
269 120
270 119
271 119
272 118
273 118
274 117
275 117
276 116
277 115
278 115
279 114
280 113
281 112
282 112
283 111
284 110
285 109
286 108
287 108
288 107
289 106
290 105
291 104
292 103
293 103
