10 16
11 17
11 18
12 19
13 20
13 21
14 22
14 23
15 24
16 25
16 26
17 27
17 28
18 29
18 30
19 31
20 32
20 33
21 34
21 35
22 36
23 37
23 38
24 39
24 40
25 41
26 42
26 43
27 44
28 45
28 46
29 47
30 48
30 49
31 50
32 51
32 52
33 53
34 54
35 55
35 56
36 57
37 58
38 59
38 60
39 61
40 62
41 63
42 64
43 65
44 66
45 67
46 68
47 69
48 70
49 71
50 71
51 72
52 73
53 74
54 74
55 75
56 76
57 76
58 77
59 77
60 78
61 78
62 79
63 79
64 80
65 80
66 80
67 81
68 81
69 81
70 81
71 81
72 81
73 81
74 81
75 81
76 81
77 81
78 81
79 81
80 81
81 81
82 80
83 80
84 80
85 80
86 79
87 79
88 79
89 78
90 78
91 78
92 78
93 77
94 77
95 77
96 77
97 76
98 76
99 76
100 76
101 76
102 76
103 76
104 76
105 76
106 76
107 76
108 76
109 76
110 77
111 77
112 77
113 77
114 78
115 78
116 79
117 79
118 79
119 80
120 80
121 81
122 81
123 82
124 82
125 83
126 84
127 84
128 85
129 86
130 86
131 87
132 88
133 88
134 89
135 90
136 91
137 91
138 92
139 93
140 94
141 95
142 95
143 96
144 97
145 98
146 99
147 100
148 100
149 101
150 102
151 103
152 103
153 104
154 105
155 106
156 106
157 107
158 108
159 108
160 109
161 109
162 110
163 110
164 111
165 111
166 112
167 112
168 112
169 113
170 113
171 113
172 114
173 114
174 114
175 114
176 114
177 115
178 115
179 115
180 115
181 115
182 116
183 116
184 116
185 116
186 116
187 116
188 116
189 116
190 117
191 117
192 117
193 117
194 117
195 117
196 117
197 117
198 117
199 116
200 116
201 116
202 116
203 115
204 115
205 115
206 114
207 114
208 114
209 114
210 113
211 113
212 113
213 113
214 114
215 114
216 114
217 115
218 115
219 116
220 116
221 117
222 117
223 118
224 119
225 120
226 120
227 121
228 122
229 123
230 123
231 124
232 125
233 125
234 126
235 127
236 127
237 128
238 129
239 129
240 130
241 131
242 131
243 132
244 132
245 132
246 133
247 133
248 134
249 134
250 134
251 134
252 135
253 135
254 135
255 135
256 135
257 135
258 134
259 134
260 134
261 134
262 133
263 133
264 132
265 132
266 132
267 131
268 131
269 130
270 130
271 129
272 129
273 128
274 128
275 127
276 127
277 127
278 127
279 126
280 126
281 126
282 126
283 126
284 126
285 126
286 126
287 126
288 126
289 126
290 125
291 125
292 124
293 123
294 123
295 122
296 121
297 120
298 119
299 119
300 118
301 117
302 116
303 115
304 114
305 113
306 112
307 111
308 110
309 110
310 109
311 108
312 107
313 106
314 106
315 105
316 104
317 103
318 103
319 102
320 101
321 101
322 100
323 100
324 99
325 99
326 98
327 98
328 97
329 97
330 96
331 96
332 96
333 95
334 95
335 95
336 95
337 95
338 95
339 95
340 95
341 95
342 95
343 95
344 95
345 95
346 95
347 95
348 95
349 96
350 96
351 96
352 96
353 97
354 97
355 97
356 98
357 98
358 98
359 99
360 99
361 100
362 100
363 101
364 101
365 102
366 102
367 103
368 103
369 104
370 104
371 105
372 105
373 106
374 106
375 107
376 107
377 108
378 108
379 108
380 109
381 109
382 110
383 110
384 110
385 111
386 111
387 112
388 112
389 112
390 113
391 113
392 113
393 114
394 114
395 114
396 115
397 115
398 115
399 116
400 116
401 117
402 117
403 117
404 118
405 118
406 118
407 119
408 119
409 120
410 120
411 120
412 121
413 121
414 122
415 122
416 122
417 123
418 123
419 123
420 124
421 124
422 125
423 125
424 125
425 126
426 126
427 126
428 127
429 127
430 127
431 128
432 128
433 128
434 129
435 129
436 129
437 129
438 130
439 130
440 130
441 130
442 130
443 131
444 131
445 131
446 131
447 131
448 131
449 131
450 131
451 131
452 131
453 131
454 131
455 131
456 131
457 131
458 131
459 131
460 131
461 131
462 131
463 131
464 131
465 131
466 131
467 131
468 131
469 131
470 131
471 131
472 131
473 131
474 131
475 130
476 130
477 130
478 130
479 130
480 130
481 130
482 130
483 130
484 129
485 129
486 129
487 129
488 129
489 128
490 128
491 128
492 128
493 127
494 127
495 127
496 126
497 126
498 125
499 125
500 124
501 124
502 123
503 123
504 122
505 121
506 120
507 120
508 119
509 118
510 117
511 116
512 115
513 114
514 113
515 112
516 111
517 110
518 109
519 108
520 107
521 106
522 105
522 104
523 103
524 102
525 101
526 100
526 99
527 98
528 97
