11 75
12 75
13 76
14 77
15 78
16 79
17 80
18 81
19 82
20 83
21 84
22 84
23 85
24 86
25 87
26 88
27 89
28 90
29 91
30 92
31 92
32 93
33 94
34 95
35 96
36 97
37 97
38 98
39 99
40 100
41 100
42 101
43 102
44 102
45 103
46 104
47 104
48 105
49 106
50 106
51 107
52 107
53 108
54 109
55 109
56 110
57 110
58 111
59 111
60 112
61 112
62 113
63 114
64 114
65 115
66 115
67 116
68 116
69 117
70 117
71 118
72 118
73 119
74 119
75 120
76 121
77 121
78 122
79 122
80 123
81 123
82 124
83 124
84 125
85 125
86 126
87 126
88 127
89 127
90 128
91 128
92 129
93 129
94 130
95 130
96 131
97 131
98 132
99 132
100 132
101 133
102 133
103 133
104 134
105 134
106 134
107 135
108 135
109 135
110 135
111 136
112 136
113 136
114 136
115 137
116 137
117 137
118 137
119 137
120 137
121 137
122 137
123 138
124 138
125 138
126 138
127 138
128 138
129 138
130 138
131 138
132 138
133 138
134 138
135 137
136 137
137 137
138 137
139 137
140 137
141 137
142 137
143 136
144 136
145 136
146 136
147 136
148 135
149 135
150 135
151 135
152 134
153 134
154 134
155 133
156 133
157 133
158 133
159 132
160 132
161 132
162 131
163 131
164 131
165 131
166 130
167 130
168 130
169 129
170 129
171 129
172 128
173 128
174 128
175 127
176 127
177 127
178 127
179 126
180 126
181 126
182 125
183 125
184 125
185 125
186 124
187 124
188 124
189 124
190 123
191 123
192 123
193 123
194 123
195 122
196 122
197 122
198 122
199 122
200 122
201 122
202 122
203 122
204 122
205 122
206 122
207 122
208 122
209 122
210 122
211 122
212 122
213 123
214 123
215 123
216 123
217 123
218 124
219 124
220 124
221 124
222 124
223 125
224 125
225 125
226 125
227 125
228 125
229 125
230 125
231 125
232 126
233 126
234 126
235 126
236 126
237 125
238 125
239 125
240 125
241 125
242 125
243 125
244 125
245 125
246 125
247 124
248 124
249 124
250 124
251 124
252 124
253 124
254 123
255 123
256 123
257 123
258 123
259 123
260 122
261 122
262 122
263 122
264 122
265 122
266 122
267 121
268 121
269 121
270 121
271 121
272 121
273 121
274 121
275 121
276 121
277 121
278 121
279 121
280 121
281 121
282 121
283 121
284 121
285 121
286 121
287 121
288 121
289 121
290 121
291 122
292 122
293 122
294 122
295 122
296 123
297 123
298 123
299 124
300 124
301 125
302 125
303 125
304 126
305 126
306 127
307 127
308 128
309 128
310 129
311 130
312 130
313 131
314 132
315 132
316 133
317 134
318 135
319 135
320 136
321 137
322 138
323 139
324 139
325 140
326 141
327 142
328 143
329 144
330 145
331 146
332 147
333 148
334 149
335 150
336 151
337 152
338 153
339 153
340 154
341 155
342 156
343 157
344 158
345 159
346 160
347 161
348 161
349 162
350 163
351 164
352 164
353 165
354 165
355 166
356 167
357 167
358 168
359 168
360 169
361 169
362 169
363 170
364 170
365 171
366 171
367 171
368 171
369 172
370 172
371 172
372 172
373 173
374 173
375 173
376 173
377 173
378 173
379 173
380 173
381 174
382 174
383 174
384 174
385 174
386 174
387 174
388 174
389 174
390 174
391 174
392 174
393 174
394 174
395 174
396 174
397 174
398 174
399 174
400 174
401 173
402 173
403 173
404 173
405 173
406 173
407 173
408 173
409 173
410 173
411 172
412 172
413 172
414 172
415 172
416 172
417 172
418 171
419 171
420 171
421 171
422 171
423 170
424 170
425 170
426 170
427 169
428 169
429 169
430 169
431 168
432 168
433 168
434 167
435 167
436 167
437 166
438 166
439 166
440 165
441 165
442 165
443 164
444 164
445 164
446 163
447 163
448 163
449 162
450 162
451 162
452 161
453 161
454 161
455 160
456 160
457 160
458 159
459 159
460 159
461 158
462 158
463 157
464 157
465 157
466 157
467 156
468 156
469 156
470 155
471 155
472 155
473 154
474 154
475 154
476 154
477 154
478 153
479 153
480 153
481 153
482 153
483 153
484 153
485 152
486 152
487 152
488 153
489 153
490 153
491 153
492 153
493 153
494 154
495 154
496 154
497 155
498 155
499 156
500 156
501 157
502 158
503 158
504 159
505 160
506 161
507 161
508 162
509 163
510 164
511 164
512 165
513 165
514 166
515 166
516 166
517 167
518 167
519 167
520 167
521 167
522 168
523 168
524 168
525 168
526 168
527 168
528 168
529 168
530 168
531 168
532 168
533 167
534 167
535 167
536 167
537 167
538 167
539 167
540 167
541 167
542 167
543 166
544 166
545 166
546 166
547 166
548 166
549 166
550 165
551 165
552 165
553 165
554 165
555 165
556 164
557 164
558 164
559 164
560 164
561 163
562 163
563 163
564 163
565 162
566 162
567 162
568 162
569 162
570 161
571 161
572 161
573 161
574 160
575 160
576 160
577 160
578 159
579 159
580 159
581 159
582 158
583 158
584 158
