17 31
18 31
19 32
20 33
21 34
22 35
23 36
24 36
25 37
26 38
27 39
28 40
29 41
30 42
31 43
32 44
33 45
34 46
35 47
36 48
37 49
38 50
38 51
39 52
40 53
41 54
42 55
42 56
43 57
44 58
45 59
45 60
46 61
47 62
47 63
48 64
49 65
49 66
50 67
50 68
51 69
52 70
52 71
53 72
53 73
54 74
54 75
55 76
55 77
56 78
57 79
57 80
58 81
58 82
59 83
59 84
60 85
60 86
61 87
61 88
62 89
62 90
62 91
63 92
63 93
64 94
64 95
65 96
65 97
66 98
66 99
67 100
67 101
67 102
68 103
68 104
69 105
69 106
70 107
70 108
70 109
71 110
71 111
72 112
72 113
73 114
73 115
73 116
74 117
74 118
75 119
75 120
76 121
76 122
76 123
77 124
77 125
78 126
78 127
79 128
79 129
80 130
80 131
80 132
81 133
81 134
82 135
82 136
83 137
83 138
84 139
85 140
85 141
86 142
86 143
87 144
87 145
88 146
89 147
89 148
90 149
91 150
92 151
93 152
93 153
94 154
95 155
96 156
97 157
98 157
99 158
100 159
101 159
102 160
103 161
104 161
105 161
106 162
107 162
108 162
109 163
110 163
111 163
112 163
113 163
114 163
115 163
116 163
117 164
118 164
119 164
120 164
121 164
122 163
123 163
124 163
125 163
126 163
127 163
128 163
129 163
130 163
131 163
132 162
133 162
134 162
135 162
136 162
137 161
138 161
139 161
140 160
141 160
142 160
143 160
144 159
145 159
146 158
147 158
148 158
149 157
150 157
151 156
152 156
153 155
154 155
155 154
156 154
157 153
158 153
159 152
160 151
161 151
162 150
163 150
164 149
165 149
166 148
167 148
168 147
169 147
170 146
171 146
172 145
173 145
174 144
175 144
176 144
177 143
178 143
179 143
180 142
181 142
182 142
183 142
184 141
185 141
186 141
187 141
188 140
189 140
190 140
191 140
192 139
193 139
194 139
195 139
196 138
197 138
198 138
199 137
200 137
201 136
202 136
203 135
204 135
205 134
206 133
207 133
208 132
209 131
210 130
211 130
212 129
213 128
214 127
215 127
216 126
217 125
218 124
219 124
220 123
221 122
222 122
223 121
224 120
225 120
226 119
227 118
228 118
229 117
230 116
231 116
232 115
233 115
234 114
235 114
236 113
237 113
238 112
239 112
240 111
241 111
242 110
243 110
244 109
