15 4
16 4
17 5
18 6
19 7
20 8
21 9
22 10
22 11
23 12
24 13
25 14
26 15
27 16
28 17
29 18
30 19
31 20
32 21
33 22
33 23
34 24
35 25
36 26
37 27
38 28
39 29
39 30
40 31
41 32
42 33
43 34
43 35
44 36
45 37
46 38
46 39
47 40
48 41
49 42
49 43
50 44
51 45
51 46
52 47
53 48
54 49
54 50
55 51
56 52
56 53
57 54
58 55
58 56
59 57
60 58
60 59
61 60
62 61
62 62
63 63
64 64
65 65
65 66
66 67
67 68
68 69
68 70
69 71
70 72
71 73
72 74
73 75
73 76
74 77
75 78
76 79
77 79
78 80
79 81
80 82
81 82
82 83
83 84
84 84
85 85
86 85
87 85
88 85
89 86
90 86
91 86
92 86
93 86
94 86
95 86
96 85
97 85
98 85
99 85
100 85
101 84
102 84
103 84
104 83
105 83
106 83
107 82
108 82
109 82
110 81
111 81
112 81
113 80
114 80
115 79
116 79
117 79
118 78
119 78
120 78
121 77
122 77
123 77
124 76
125 76
126 76
127 76
128 75
129 75
130 75
131 75
132 75
133 75
134 74
135 74
136 74
137 74
138 74
139 74
140 74
141 74
142 74
143 74
144 74
145 74
146 74
147 74
148 74
149 74
150 74
151 74
152 74
153 74
154 75
155 75
156 75
157 75
158 75
159 75
160 75
161 76
162 76
163 76
164 76
165 76
166 77
167 77
168 77
169 77
170 77
171 78
172 78
173 78
174 78
175 79
176 79
177 79
178 79
179 80
180 80
181 80
182 81
183 81
184 81
185 81
186 82
187 82
