15 74
16 75
17 76
18 77
18 78
19 79
20 80
21 81
21 82
22 83
23 84
23 85
24 86
25 87
26 88
26 89
27 90
28 91
28 92
29 93
30 94
30 95
31 96
32 97
33 98
33 99
34 100
35 101
35 102
36 103
37 104
38 105
38 106
39 107
40 108
40 109
41 110
42 111
43 112
43 113
44 114
45 115
46 116
46 117
47 118
48 119
49 120
49 121
50 122
51 123
52 124
52 125
53 126
54 127
55 128
55 129
56 130
57 131
58 132
58 133
59 134
60 135
61 136
62 137
63 138
63 139
64 140
65 141
66 142
67 143
68 144
69 145
70 146
71 147
72 148
73 149
74 150
75 151
76 152
77 153
78 154
79 155
80 156
81 157
82 157
83 158
84 159
85 160
86 160
87 161
88 162
89 162
90 163
91 163
92 164
93 164
94 165
95 165
96 166
97 166
98 167
99 167
100 167
101 168
102 168
103 168
104 168
105 169
106 169
107 169
108 169
109 169
110 169
111 169
112 169
113 169
114 169
115 169
116 169
117 169
118 169
119 168
120 168
121 168
122 167
123 167
124 167
125 166
126 166
127 165
128 165
129 164
130 163
131 163
132 162
133 161
134 161
135 160
136 159
137 158
138 157
139 156
140 155
141 154
142 153
143 152
144 151
145 150
146 149
147 148
148 147
149 146
149 145
150 144
151 143
152 142
153 141
153 140
154 139
155 138
156 137
156 136
157 135
158 134
159 133
159 132
160 131
161 130
162 129
162 128
163 127
164 126
165 125
166 124
166 123
167 122
168 121
169 120
170 119
171 118
172 118
173 117
174 116
175 116
176 115
177 115
178 115
179 115
180 115
181 115
182 115
183 115
184 115
185 116
186 116
187 117
188 118
189 119
190 120
191 121
192 122
192 123
193 124
194 125
194 126
195 127
195 128
196 129
196 130
197 131
197 132
198 133
198 134
198 135
199 136
199 137
200 138
200 139
201 140
201 141
201 142
202 143
202 144
203 145
203 146
203 147
204 148
204 149
204 150
205 151
205 152
206 153
206 154
206 155
206 156
