22 38
23 39
23 40
24 41
25 42
25 43
26 44
27 45
27 46
28 47
29 48
29 49
30 50
31 51
31 52
32 53
33 54
33 55
34 56
35 57
36 58
36 59
37 60
38 61
38 62
39 63
40 64
40 65
41 66
42 67
42 68
43 69
44 70
45 71
45 72
46 73
47 74
48 75
48 76
49 77
50 78
51 79
51 80
52 81
53 82
54 83
54 84
55 85
56 86
57 87
58 88
59 89
60 90
60 91
61 92
62 93
63 94
64 95
65 96
66 97
67 98
68 99
69 100
70 101
71 102
72 103
73 104
74 105
75 106
76 107
77 108
78 108
79 109
80 110
81 111
82 112
83 113
84 113
85 114
86 115
87 116
88 116
89 117
90 118
91 118
92 119
93 120
94 120
95 121
96 121
97 122
98 123
99 123
100 123
101 124
102 124
103 125
104 125
105 125
106 126
107 126
108 126
109 126
110 126
111 126
112 126
113 126
114 126
115 126
116 126
117 126
118 125
119 125
120 125
121 124
122 124
123 123
124 123
125 122
126 122
127 121
128 120
129 120
130 119
131 118
132 117
133 116
134 115
135 114
136 113
137 112
138 111
139 110
140 109
141 108
142 107
142 106
143 105
144 104
145 103
146 102
146 101
147 100
148 99
148 98
149 97
150 96
151 95
151 94
152 93
153 92
154 91
154 90
155 89
156 88
157 87
158 86
159 85
159 84
160 83
161 82
162 81
163 80
164 79
165 78
166 77
167 76
168 75
169 74
170 73
171 73
172 72
173 71
174 70
175 69
176 69
177 68
178 67
179 66
180 66
181 65
182 64
183 64
184 63
185 63
186 62
187 61
188 61
189 60
190 60
191 59
192 59
193 59
194 58
195 58
196 57
197 57
198 57
199 56
200 56
201 56
202 55
203 55
204 55
205 55
206 55
207 55
208 55
209 55
210 55
211 55
212 55
213 55
214 55
215 56
216 56
217 56
218 57
219 57
220 58
221 59
222 60
223 60
224 61
224 62
225 63
226 64
227 65
227 66
228 67
229 68
229 69
230 70
230 71
231 72
231 73
232 74
232 75
233 76
233 77
234 78
234 79
235 80
235 81
236 82
236 83
236 84
237 85
237 86
238 87
238 88
239 89
239 90
239 91
240 92
240 93
241 94
241 95
242 96
242 97
242 98
243 99
243 100
244 101
244 102
245 103
245 104
246 105
246 106
246 107
247 108
247 109
248 110
248 111
249 112
249 113
250 114
250 115
251 116
251 117
252 118
252 119
253 120
254 121
254 122
255 123
255 124
256 125
256 126
257 127
258 128
258 129
259 130
260 131
261 132
262 133
263 134
264 135
265 136
266 136
267 137
268 137
269 136
270 136
271 135
272 134
273 133
274 132
275 131
275 130
276 129
277 128
277 127
278 126
278 125
279 124
279 123
280 122
281 121
281 120
282 119
282 118
283 117
283 116
284 115
284 114
285 113
285 112
286 111
287 110
287 109
288 108
289 107
290 106
291 105
292 104
293 104
294 104
295 104
296 104
297 104
298 104
299 105
300 106
301 107
302 108
303 109
304 110
305 111
306 112
307 113
308 114
309 115
310 116
311 117
312 118
313 119
314 120
315 121
316 122
317 123
318 123
319 124
320 125
321 126
322 126
323 127
324 128
325 128
326 129
327 130
328 130
329 131
330 131
331 132
332 133
333 133
334 134
335 134
336 135
337 135
338 136
339 136
340 136
341 137
342 137
343 137
344 137
345 137
346 137
347 136
348 136
349 136
350 135
351 135
352 134
353 133
354 132
355 131
356 130
357 129
358 128
359 127
360 126
361 125
362 124
363 123
364 122
365 121
365 120
366 119
367 118
368 117
369 116
370 115
370 114
371 113
372 112
373 111
374 110
375 109
376 108
377 107
378 106
379 105
380 104
381 103
382 103
383 102
384 102
385 101
386 101
387 100
388 100
389 100
390 100
391 99
392 99
393 99
394 99
395 99
396 99
397 99
398 99
399 99
400 99
401 99
402 99
403 99
404 99
405 99
406 99
407 99
408 99
409 99
410 99
411 99
412 99
413 99
414 99
415 99
416 99
417 99
418 99
419 99
420 99
421 99
422 99
