19 3
20 3
21 3
22 3
23 4
24 4
25 4
26 5
27 5
28 5
29 6
30 6
31 6
32 7
33 7
34 7
35 8
36 8
37 8
38 9
39 9
40 9
41 10
42 10
43 11
44 11
45 12
46 12
47 12
48 13
49 14
50 14
51 15
52 15
53 16
54 16
55 17
56 17
57 18
58 19
59 19
60 20
61 21
62 22
63 22
64 23
65 24
66 25
67 26
68 27
69 28
70 29
71 30
72 31
73 32
74 33
75 34
76 35
77 36
77 37
78 38
79 39
80 40
80 41
81 42
82 43
82 44
83 45
84 46
84 47
85 48
86 49
86 50
87 51
87 52
88 53
88 54
89 55
89 56
90 57
90 58
91 59
91 60
92 61
92 62
93 63
93 64
94 65
94 66
95 67
95 68
96 69
96 70
96 71
97 72
97 73
98 74
98 75
99 76
99 77
100 78
100 79
100 80
101 81
101 82
102 83
102 84
103 85
103 86
103 87
104 88
104 89
105 90
105 91
106 92
106 93
107 94
107 95
108 96
108 97
108 98
109 99
109 100
110 101
110 102
111 103
111 104
112 105
112 106
113 107
113 108
114 109
114 110
115 111
115 112
116 113
116 114
117 115
117 116
118 117
118 118
119 119
120 120
120 121
121 122
121 123
122 124
122 125
123 126
124 127
124 128
125 129
125 130
126 131
127 132
127 133
128 134
129 135
129 136
130 137
131 138
131 139
132 140
133 141
134 142
135 143
135 144
136 145
137 146
138 147
139 148
140 149
141 150
142 151
142 152
143 153
144 153
145 154
146 155
147 156
148 157
149 158
150 159
151 159
152 160
153 161
154 161
155 162
156 163
157 163
158 164
159 164
160 165
161 165
162 166
163 166
164 167
165 167
166 167
167 168
168 168
169 168
170 168
171 169
172 169
173 169
174 169
175 169
176 169
177 169
178 169
179 169
180 169
181 169
182 169
183 169
184 169
185 169
186 169
187 168
188 168
189 168
190 167
191 167
192 167
193 166
194 166
195 166
196 165
197 165
198 164
199 164
200 163
201 162
202 162
203 161
204 160
205 160
206 159
207 158
208 157
209 156
210 155
211 154
212 153
213 152
214 151
215 150
216 149
217 148
218 147
219 146
220 145
220 144
221 143
222 142
223 141
224 140
224 139
225 138
226 137
227 136
227 135
228 134
229 133
230 132
231 131
232 130
233 129
233 128
234 127
235 127
236 126
237 125
238 124
239 124
240 123
241 122
242 122
243 122
244 121
245 121
246 121
247 121
248 121
249 121
250 121
251 121
252 121
253 121
254 122
255 122
256 122
257 123
258 123
259 123
260 124
261 124
262 125
263 125
264 126
265 126
266 127
267 127
268 128
269 128
270 129
271 129
272 130
273 130
274 131
275 131
276 132
277 132
278 133
279 133
280 134
281 134
282 135
283 135
284 136
285 136
286 137
287 137
288 138
289 138
290 139
291 139
292 139
293 140
294 140
295 141
296 141
297 141
298 142
299 142
300 142
301 143
302 143
303 143
304 144
305 144
306 145
307 145
308 145
309 146
310 146
311 146
312 147
313 147
314 147
315 148
316 148
317 148
318 149
319 149
320 149
321 150
322 150
323 150
324 151
325 151
326 151
327 152
328 152
329 153
330 153
331 153
332 154
333 154
334 155
335 155
336 155
337 156
338 156
339 157
340 157
341 158
342 158
343 159
344 159
345 159
346 160
347 160
348 161
349 161
350 162
351 162
352 162
353 163
354 163
355 164
356 164
357 164
358 165
359 165
360 165
361 166
362 166
363 166
364 167
365 167
366 167
367 168
368 168
369 168
370 168
371 168
372 169
373 169
374 169
375 169
376 169
377 169
378 169
379 169
380 169
381 169
382 169
383 169
384 169
385 169
386 169
387 168
388 168
389 168
390 168
391 168
392 168
393 167
394 167
395 167
396 167
397 166
398 166
399 166
400 166
401 165
402 165
403 165
404 164
405 164
406 164
407 163
408 163
409 163
410 162
411 162
412 162
413 161
414 161
415 161
416 160
417 160
418 160
419 159
420 159
421 159
422 159
423 158
424 158
425 158
426 158
427 157
428 157
429 157
430 157
431 156
432 156
433 156
434 156
435 155
436 155
437 155
438 155
439 155
440 155
441 154
442 154
443 154
444 154
445 154
446 154
447 154
448 154
449 154
450 154
451 154
452 154
453 154
454 154
455 154
456 154
457 154
458 154
459 154
460 154
461 155
462 155
463 155
464 156
465 156
466 157
467 157
468 158
469 159
470 159
471 160
472 161
473 162
474 163
475 164
476 165
477 166
477 167
478 168
479 169
480 170
481 171
481 172
482 173
483 174
484 175
484 176
485 177
486 178
487 179
488 180
488 181
489 182
490 183
491 184
492 185
493 186
494 187
495 188
495 189
496 190
497 191
498 191
499 192
500 193
501 194
502 195
503 196
504 197
505 198
506 198
507 199
508 200
509 201
510 201
511 202
512 202
513 203
514 203
515 204
516 204
517 205
518 205
519 206
520 206
521 206
522 207
523 207
524 207
525 207
526 208
527 208
528 208
529 208
530 208
531 208
532 208
533 209
534 209
535 209
536 209
537 209
538 209
539 209
540 209
541 209
542 209
543 209
544 209
545 209
546 209
547 209
548 209
549 209
550 209
551 209
552 209
553 209
554 209
555 209
556 209
557 209
558 209
559 209
560 209
561 209
562 208
563 208
564 208
565 208
566 208
567 208
568 208
569 208
570 208
571 208
572 208
573 208
574 207
575 207
576 207
577 207
578 207
579 206
580 206
581 206
582 205
583 205
584 204
585 204
586 203
587 203
588 202
589 202
590 201
591 200
592 199
593 198
594 197
595 196
596 195
597 194
598 193
599 192
600 191
601 190
602 189
602 188
603 187
604 186
605 185
605 184
606 183
607 182
608 181
608 180
609 179
610 178
611 177
611 176
612 175
613 174
614 173
614 172
615 171
616 170
617 169
618 168
618 167
619 166
620 165
621 164
622 163
623 162
624 161
625 160
626 159
627 158
628 157
629 156
630 156
631 155
632 154
633 154
634 153
635 153
636 152
637 152
638 151
639 151
640 150
641 150
642 150
643 150
644 150
645 150
646 149
647 149
648 149
649 150
650 150
651 150
652 150
653 150
654 151
655 151
656 151
657 152
658 152
659 153
660 153
661 154
662 154
663 155
664 156
665 156
666 157
667 158
668 158
669 159
670 160
671 160
672 161
673 162
674 163
675 164
676 165
677 165
678 166
679 167
680 168
681 169
682 170
683 171
684 171
685 172
686 173
687 174
688 175
689 176
690 177
691 178
692 178
693 179
694 180
695 181
696 182
697 183
698 184
699 184
700 185
701 186
702 187
703 188
704 188
705 189
706 190
707 191
708 192
709 192
710 193
711 194
712 195
713 195
714 196
715 197
716 197
717 198
718 199
719 199
720 200
721 200
722 201
723 201
724 202
725 202
726 203
727 203
728 203
729 204
730 204
731 204
732 204
733 205
734 205
735 205
736 205
737 205
738 205
739 205
740 204
741 204
742 204
743 203
744 203
745 202
746 202
747 201
748 200
749 200
750 199
751 198
752 197
753 196
754 195
755 194
755 193
756 192
757 191
758 190
759 189
759 188
760 187
761 186
762 185
763 184
764 183
765 182
766 182
767 181
768 181
769 181
770 181
771 181
772 182
773 182
774 183
775 184
776 185
777 186
778 187
779 188
779 189
780 190
781 191
782 192
782 193
783 194
784 195
785 196
785 197
786 198
787 199
788 200
789 201
789 202
790 203
791 204
792 205
793 206
794 207
795 208
796 209
797 210
798 211
799 211
800 212
801 213
802 213
803 214
804 214
805 215
806 215
807 216
808 216
809 216
810 216
811 217
812 217
813 217
814 217
815 217
816 218
817 218
818 218
819 218
820 218
821 218
