37 26
38 27
39 28
40 29
41 30
42 31
42 32
43 33
44 34
45 35
46 36
47 37
48 38
49 39
50 40
50 41
51 42
52 43
53 44
54 45
55 46
55 47
56 48
57 49
58 50
59 51
60 52
60 53
61 54
62 55
63 56
63 57
64 58
65 59
66 60
66 61
67 62
68 63
69 64
69 65
70 66
71 67
71 68
72 69
73 70
74 71
74 72
75 73
76 74
76 75
77 76
77 77
78 78
79 79
79 80
80 81
81 82
81 83
82 84
83 85
83 86
84 87
84 88
85 89
85 90
86 91
87 92
87 93
88 94
88 95
89 96
89 97
90 98
91 99
91 100
92 101
92 102
93 103
93 104
94 105
94 106
95 107
95 108
96 109
96 110
97 111
97 112
98 113
98 114
99 115
99 116
100 117
100 118
101 119
101 120
102 121
102 122
103 123
103 124
104 125
104 126
105 127
105 128
106 129
106 130
107 131
107 132
108 133
109 134
109 135
110 136
110 137
111 138
112 139
112 140
113 141
113 142
114 143
115 144
115 145
116 146
117 147
118 148
118 149
119 150
120 151
121 152
122 153
123 154
123 155
124 156
125 157
126 158
127 159
128 160
129 161
130 162
131 163
132 163
133 164
134 165
135 166
136 167
137 167
138 168
139 169
140 169
141 170
142 170
143 171
144 171
145 172
146 172
147 172
148 173
149 173
150 173
151 174
152 174
153 174
154 174
155 174
156 175
157 175
158 175
159 175
160 175
161 176
162 176
163 176
164 176
165 176
166 176
167 176
168 177
169 177
170 177
171 177
172 177
173 177
174 177
175 178
176 178
177 178
178 178
179 178
180 178
181 179
182 179
183 179
184 179
185 179
186 180
187 180
188 180
189 180
190 180
191 181
192 181
193 181
194 181
195 181
196 181
197 182
198 182
199 182
200 182
201 182
202 182
203 183
204 183
205 183
206 183
207 183
208 183
209 183
210 184
211 184
212 184
213 184
214 184
215 184
216 185
217 185
218 185
219 185
220 185
221 185
222 186
223 186
224 186
225 186
226 187
227 187
228 187
229 187
230 188
231 188
232 188
233 189
234 189
235 189
236 190
237 190
238 191
239 191
240 192
241 192
242 193
243 194
244 194
245 195
246 195
247 196
248 196
249 197
250 198
251 198
252 199
253 199
254 200
255 201
256 201
257 202
258 202
259 202
260 203
261 203
262 204
263 204
264 204
265 205
266 205
267 205
268 205
269 205
270 205
271 205
272 205
273 205
274 205
275 205
276 205
277 205
278 204
279 204
280 204
281 203
282 203
283 202
284 202
285 201
286 200
287 200
288 199
289 198
290 197
291 196
292 196
293 195
294 194
295 193
296 192
297 192
298 191
299 190
300 189
301 189
302 188
303 188
304 187
305 187
306 187
307 186
308 186
309 186
310 186
311 186
312 186
313 186
314 186
315 186
316 187
317 187
318 187
319 187
320 188
321 188
322 188
323 189
324 189
325 190
326 190
327 191
328 191
329 191
330 192
331 193
332 193
333 194
334 194
335 195
336 195
337 196
338 196
339 197
340 197
341 197
342 198
343 198
344 198
345 199
346 199
347 199
348 199
349 199
350 199
351 199
352 199
353 199
354 198
355 198
356 197
357 197
358 196
359 195
360 195
361 194
362 193
363 192
364 191
365 190
366 189
367 188
368 187
369 186
369 185
370 184
371 183
372 182
373 181
374 180
374 179
375 178
376 177
377 176
378 175
378 174
379 173
380 172
381 171
382 170
383 169
384 168
385 167
386 167
387 166
388 165
389 164
390 164
391 163
392 163
393 162
394 162
395 162
396 161
397 161
398 161
399 161
400 160
401 160
402 160
403 160
404 160
405 159
406 159
407 159
408 159
409 159
410 159
411 158
412 158
413 158
414 158
415 157
416 157
417 157
418 157
419 157
420 156
421 156
422 156
423 156
424 155
425 155
426 155
427 154
428 154
429 154
430 154
431 154
432 153
433 153
434 153
435 153
436 152
437 152
438 152
439 152
440 152
441 152
442 151
443 151
444 151
445 151
446 151
447 151
448 151
449 151
450 151
451 151
452 151
453 151
454 151
455 151
456 151
457 151
458 151
459 151
460 151
461 152
462 152
463 152
464 152
465 153
466 153
467 153
468 153
469 154
470 154
471 154
472 155
473 155
474 156
475 156
476 157
477 157
478 158
479 158
480 159
481 160
482 160
483 161
484 162
485 163
486 163
487 164
488 165
489 166
490 167
491 168
492 169
493 170
494 171
495 172
496 173
497 174
498 175
499 176
500 177
501 178
501 179
502 180
503 181
504 182
505 182
506 183
507 184
508 185
509 186
510 187
511 188
512 188
513 189
514 190
515 191
516 191
517 192
518 193
519 193
520 194
520 195
