17 47
18 47
19 47
20 48
21 48
22 49
23 49
24 50
25 51
26 52
27 53
27 54
28 55
29 56
29 57
30 58
30 59
31 60
32 61
32 62
33 63
33 64
34 65
34 66
35 67
35 68
36 69
36 70
37 71
38 72
38 73
39 74
39 75
40 76
41 77
42 78
42 79
43 80
44 81
45 82
46 83
47 84
48 84
49 85
50 86
51 86
52 87
53 87
54 87
55 88
56 88
57 88
58 89
59 89
60 89
61 90
62 90
63 90
64 91
65 91
66 91
67 92
68 92
69 92
70 93
71 93
72 93
73 94
74 94
75 94
76 95
77 95
78 96
79 96
80 96
81 97
82 97
83 98
84 98
85 99
86 99
87 100
88 100
89 101
90 101
91 102
92 102
93 103
94 103
95 104
96 104
97 105
98 105
99 106
100 106
101 107
102 107
103 108
104 108
105 109
106 109
107 110
108 110
109 111
110 111
111 112
112 112
113 113
114 113
115 113
116 114
117 114
118 115
119 115
120 115
121 116
122 116
123 117
124 117
125 117
126 118
127 118
128 118
129 119
130 119
131 120
132 120
133 120
134 121
135 121
136 121
137 122
138 122
139 122
140 123
141 123
142 123
143 123
144 124
145 124
146 124
147 125
148 125
149 125
150 125
151 126
152 126
153 126
154 126
155 127
156 127
157 127
158 127
159 127
160 128
161 128
162 128
163 128
164 128
165 129
166 129
167 129
168 129
169 129
170 129
171 130
172 130
173 130
174 130
175 130
176 130
177 130
178 130
179 130
180 130
181 130
182 129
183 129
184 128
185 128
186 127
187 126
188 125
189 124
190 123
191 122
192 121
193 120
194 119
194 118
195 117
196 116
197 115
197 114
198 113
199 112
200 111
201 110
202 109
203 109
204 108
205 108
206 108
207 108
208 108
209 108
210 109
211 109
212 109
213 109
214 109
215 110
216 110
217 110
218 110
219 110
220 110
221 110
222 110
223 111
224 111
225 111
226 111
227 111
228 111
229 111
230 111
231 111
232 111
233 111
234 111
235 111
236 111
237 111
238 111
239 110
240 110
241 110
242 110
243 110
244 110
245 110
246 110
247 110
248 110
249 110
250 109
251 109
252 109
253 109
254 109
255 109
256 108
257 108
258 108
259 108
260 107
261 107
262 107
263 106
264 106
265 105
266 105
267 104
268 104
269 103
270 103
271 102
272 101
273 100
274 100
275 99
276 98
277 97
278 97
279 96
280 95
281 95
282 94
283 93
284 92
285 92
286 91
287 91
288 90
289 90
290 89
291 89
292 89
293 88
294 88
295 88
296 88
297 87
298 87
299 87
300 87
301 87
302 87
303 87
304 87
305 87
306 88
307 88
308 88
309 89
310 89
311 89
312 90
313 90
314 91
315 92
316 92
317 93
318 94
319 94
320 95
321 96
322 96
