32 75
32 76
33 77
33 78
34 79
34 80
35 81
35 82
36 83
36 84
37 85
37 86
38 87
38 88
39 89
40 90
40 91
41 92
42 93
42 94
43 95
44 96
45 97
46 98
47 99
48 99
49 100
50 101
51 101
52 101
53 101
54 101
55 101
56 101
57 101
58 101
59 101
60 100
61 100
62 100
63 99
64 99
65 98
66 98
67 97
68 97
69 96
70 96
71 95
72 95
73 94
74 94
75 93
76 93
77 92
78 92
79 91
80 91
81 90
82 90
83 89
84 89
85 89
86 88
87 88
88 88
89 88
90 87
91 87
92 87
93 87
94 87
95 87
96 87
97 87
98 88
99 88
100 88
101 88
102 88
103 89
104 89
105 89
106 89
107 90
108 90
109 90
110 90
111 91
112 91
113 91
114 91
115 91
116 91
117 91
118 91
119 91
120 91
121 91
122 90
123 90
124 89
125 89
126 88
127 87
128 86
129 85
130 84
131 83
132 82
133 81
134 80
135 79
136 78
137 77
138 76
139 75
140 74
141 73
142 72
143 71
144 71
145 70
146 69
147 69
148 68
149 68
150 67
151 67
152 66
153 66
154 66
155 66
156 66
157 66
158 66
159 66
160 66
161 66
162 66
163 66
164 67
165 67
166 67
167 68
168 68
169 69
170 69
171 70
172 70
173 71
174 71
175 72
176 73
177 73
178 74
179 75
180 76
181 76
182 77
183 78
184 79
185 80
186 81
187 82
188 83
189 84
190 85
191 86
192 87
193 88
193 89
194 90
195 91
196 92
197 93
198 94
198 95
199 96
200 97
201 98
202 99
202 100
203 101
204 102
204 103
205 104
206 105
207 106
207 107
208 108
209 109
209 110
210 111
211 112
211 113
212 114
213 115
213 116
214 117
215 118
215 119
216 120
217 121
217 122
218 123
219 124
220 125
220 126
221 127
222 128
223 129
223 130
224 131
225 132
226 133
227 133
228 134
229 135
230 135
231 135
232 135
233 135
234 135
235 134
236 133
237 133
238 132
239 131
240 130
241 129
242 128
242 127
243 126
244 125
245 124
246 123
246 122
247 121
248 120
248 119
249 118
250 117
250 116
251 115
