21 51
22 52
23 53
23 54
24 55
24 56
25 57
25 58
26 59
26 60
27 61
27 62
28 63
28 64
29 65
29 66
30 67
31 68
31 69
32 70
32 71
33 72
33 73
34 74
34 75
35 76
35 77
36 78
36 79
37 80
37 81
38 82
38 83
39 84
39 85
40 86
40 87
41 88
41 89
42 90
43 91
43 92
44 93
44 94
45 95
45 96
46 97
46 98
47 99
47 100
48 101
48 102
49 103
49 104
50 105
50 106
51 107
51 108
52 109
52 110
53 111
54 112
54 113
55 114
55 115
56 116
56 117
57 118
58 119
58 120
59 121
59 122
60 123
61 124
61 125
62 126
63 127
63 128
64 129
65 130
66 131
67 132
67 133
68 134
69 135
70 136
71 137
72 138
73 139
74 139
75 140
76 141
77 142
78 142
79 143
80 144
81 144
82 145
83 145
84 146
85 147
86 147
87 147
88 148
89 148
90 149
91 149
92 150
93 150
94 150
95 151
96 151
97 151
98 151
99 152
100 152
101 152
102 152
103 153
104 153
105 153
106 153
107 153
108 153
109 153
110 153
111 153
112 153
113 153
114 153
115 153
116 153
117 153
118 153
119 153
120 153
121 153
122 153
123 153
124 152
125 152
126 152
127 152
128 152
129 152
130 151
131 151
132 151
133 151
134 151
135 151
136 151
137 150
138 150
139 150
140 150
141 150
142 150
143 150
144 150
145 150
146 150
147 150
148 150
149 150
150 151
151 151
152 151
153 151
154 151
155 152
156 152
157 152
158 153
159 153
160 153
161 154
162 154
163 154
164 155
165 155
166 156
167 156
168 156
169 157
170 157
171 158
172 158
173 159
174 159
175 159
176 160
177 160
178 161
179 161
180 161
181 161
182 162
183 162
184 162
185 162
186 163
187 163
188 163
189 163
190 163
191 163
192 163
193 163
194 163
195 162
196 162
197 162
198 161
199 161
200 160
201 159
202 158
203 158
204 157
205 156
206 155
207 154
208 153
209 152
210 151
211 150
211 149
212 148
213 147
214 146
215 145
216 144
216 143
217 142
218 141
219 140
220 139
220 138
221 137
222 136
223 135
224 134
224 133
225 132
226 131
227 130
228 129
229 128
230 127
231 126
232 125
233 124
234 123
235 122
236 121
237 121
238 120
239 119
240 119
241 118
242 118
243 117
244 117
245 117
246 116
247 116
248 116
249 115
250 115
251 114
252 114
253 114
254 113
255 113
256 112
257 112
258 111
259 111
260 110
261 110
262 110
263 109
264 109
265 109
266 109
267 109
268 109
269 109
270 109
271 109
272 109
273 109
274 109
275 109
276 110
277 110
278 110
279 110
280 111
281 111
282 111
283 112
284 112
285 112
286 113
287 113
288 113
289 114
290 114
291 115
292 115
293 115
294 116
295 116
296 116
297 117
298 117
299 117
300 118
301 118
302 118
303 118
304 119
305 119
306 119
307 119
308 120
309 120
310 120
311 120
312 120
313 119
314 119
315 119
316 118
317 118
318 117
319 117
320 116
321 115
322 115
323 114
324 114
325 113
326 112
327 112
328 111
329 111
330 111
331 110
332 110
333 110
334 109
335 109
336 109
337 109
338 108
339 108
340 108
341 108
342 108
343 108
344 107
345 107
346 107
347 107
348 107
349 107
350 107
351 107
352 107
353 106
354 106
355 106
356 106
357 106
358 106
