37 55
38 55
39 55
40 55
41 56
42 56
43 56
44 56
45 56
46 56
47 57
48 57
49 57
50 57
51 57
52 57
53 58
54 58
55 58
56 58
57 58
58 58
59 59
60 59
61 59
62 59
63 60
64 60
65 60
66 60
67 60
68 61
69 61
70 61
71 61
72 62
73 62
74 62
75 62
76 62
77 63
78 63
79 63
80 63
81 64
82 64
83 64
84 64
85 64
86 64
87 65
88 65
89 65
90 65
91 65
92 65
93 65
94 65
95 65
96 65
97 65
98 65
99 65
100 65
101 65
102 65
103 65
104 65
105 65
106 66
107 66
108 66
109 66
110 66
111 66
112 66
113 66
114 67
115 67
116 67
117 67
118 67
119 68
120 68
121 68
122 69
123 69
124 69
125 70
126 70
127 71
128 71
129 72
130 72
131 73
132 73
133 74
134 75
135 75
136 76
137 77
138 78
139 79
140 80
141 81
142 82
143 83
144 84
145 85
145 86
146 87
147 88
148 89
148 90
149 91
150 92
150 93
151 94
152 95
152 96
153 97
154 98
