10 33
11 33
12 33
13 33
14 33
15 34
16 34
17 34
18 34
19 34
20 35
21 35
22 35
23 36
24 36
25 36
26 37
27 37
28 37
29 38
30 38
31 39
32 39
33 40
34 40
35 41
36 41
37 42
38 42
39 43
40 43
41 44
42 45
43 45
44 46
45 46
46 47
47 47
48 48
49 49
50 49
51 50
52 50
53 50
54 51
55 51
56 52
57 52
58 52
59 53
60 53
61 53
62 53
63 53
64 53
65 54
66 54
67 54
68 54
69 53
70 53
71 53
72 53
73 53
74 52
75 52
76 52
77 51
78 51
79 51
80 50
81 50
82 50
83 49
84 49
85 49
86 49
87 48
88 48
89 48
90 48
91 48
92 48
93 48
94 49
95 49
96 49
97 49
98 50
99 50
100 51
101 51
102 52
103 52
104 53
105 53
106 53
107 54
108 54
109 55
110 55
111 55
112 56
113 56
114 56
115 56
116 57
117 57
118 57
119 57
120 57
121 57
122 58
123 58
124 58
125 58
126 58
127 59
128 59
129 60
130 60
131 61
132 61
133 62
134 62
135 63
136 64
137 65
138 65
139 66
140 67
141 68
142 69
143 70
144 71
