19 25
20 26
21 26
22 27
23 28
24 29
25 30
26 31
27 31
28 32
29 33
30 34
31 35
32 36
33 37
34 38
35 39
36 40
37 41
38 42
39 43
39 44
40 45
41 46
42 47
43 48
43 49
44 50
45 51
45 52
46 53
46 54
47 55
48 56
48 57
49 58
49 59
50 60
51 61
51 62
52 63
52 64
53 65
53 66
54 67
55 68
55 69
56 70
56 71
57 72
58 73
58 74
59 75
60 76
61 77
61 78
62 79
63 80
64 81
65 81
66 82
67 83
68 83
69 84
70 84
71 84
72 85
73 85
74 85
75 85
76 85
77 85
78 85
79 85
80 85
81 85
82 85
83 84
84 84
85 84
86 84
87 84
88 84
89 84
90 85
91 85
92 85
93 85
94 85
95 85
96 85
97 86
98 86
99 86
100 87
101 87
102 87
103 88
104 88
105 88
106 89
107 89
108 90
109 90
110 91
111 91
112 92
113 92
114 93
115 93
116 94
117 94
118 95
119 95
120 96
121 97
122 97
123 98
124 98
125 99
126 99
127 100
128 101
129 101
130 102
131 103
