22 42
23 43
24 44
25 45
25 46
26 47
26 48
27 49
28 50
28 51
29 52
30 53
30 54
31 55
31 56
32 57
33 58
33 59
34 60
35 61
35 62
36 63
37 64
37 65
38 66
39 67
40 68
40 69
41 70
42 71
43 72
43 73
44 74
45 75
46 76
46 77
47 78
48 79
49 80
50 81
50 82
51 83
52 84
53 85
54 86
55 87
56 88
56 89
57 90
58 91
59 92
60 93
61 94
62 95
63 95
64 96
65 97
66 98
67 99
68 99
69 100
70 100
71 101
72 101
73 101
74 101
75 101
76 102
77 102
78 102
79 102
80 103
81 103
82 104
83 105
84 106
85 107
86 108
87 109
88 110
89 111
90 111
91 112
92 112
93 113
94 113
95 113
96 113
97 112
98 112
99 111
100 111
101 110
102 109
103 108
104 107
105 107
106 106
107 105
108 105
109 104
110 103
111 103
112 103
113 102
114 102
115 102
116 101
117 101
118 101
119 100
120 100
121 100
122 99
123 99
124 99
125 98
126 98
127 97
128 97
129 96
130 95
131 94
132 94
133 93
134 92
134 91
135 90
136 89
137 88
138 87
138 86
139 85
140 84
140 83
141 82
141 81
142 80
143 79
143 78
144 77
144 76
145 75
145 74
146 73
147 72
147 71
148 70
148 69
149 68
150 67
150 66
151 65
152 64
153 63
153 62
154 61
155 60
156 59
157 58
158 57
159 57
160 56
161 55
162 55
163 54
164 54
165 54
166 54
167 53
168 53
169 53
170 53
171 53
172 53
173 53
174 54
175 54
176 54
177 54
178 54
179 55
180 55
181 55
182 55
183 56
184 56
185 56
186 56
187 56
188 57
189 57
190 57
191 57
192 57
193 57
194 57
195 57
196 57
197 57
198 57
199 57
200 57
201 57
202 57
203 57
204 57
205 57
206 57
207 57
208 57
209 57
210 57
211 57
212 57
213 57
214 57
215 58
216 58
217 58
218 58
219 58
220 59
221 59
222 59
223 60
224 60
225 61
226 61
227 62
228 63
229 63
230 64
231 65
232 66
233 67
234 68
235 69
236 70
237 71
238 72
239 73
239 74
240 75
241 76
241 77
242 78
243 79
243 80
244 81
244 82
245 83
245 84
246 85
247 86
247 87
248 88
248 89
249 90
249 91
250 92
250 93
251 94
251 95
252 96
252 97
253 98
254 99
254 100
255 101
256 102
256 103
257 104
258 105
259 106
260 107
261 108
262 109
263 110
264 110
265 111
266 111
267 111
268 111
269 111
270 111
271 111
272 110
273 110
274 109
275 109
276 108
277 107
278 107
279 106
280 105
281 104
282 103
283 102
284 101
285 100
286 99
287 98
288 97
289 96
290 95
291 94
292 93
293 92
294 91
295 90
295 89
296 88
297 87
298 86
299 85
300 84
301 83
302 82
302 81
303 80
304 79
305 78
306 78
307 77
308 76
309 75
310 74
311 73
312 73
313 72
314 72
315 71
316 71
317 70
318 70
319 69
320 69
321 69
322 69
323 69
324 69
325 69
326 69
327 69
328 69
329 69
330 69
331 70
332 70
333 70
334 71
335 71
336 71
337 72
338 72
339 73
340 73
341 74
342 74
343 75
344 75
345 76
346 76
347 76
348 77
349 78
350 78
351 79
352 79
353 80
354 80
355 81
356 81
357 82
358 83
359 83
360 84
361 85
362 85
363 86
364 87
365 88
366 89
367 89
368 90
369 91
369 92
370 93
371 94
372 95
372 96
373 97
374 98
374 99
375 100
375 101
376 102
376 103
377 104
378 105
378 106
378 107
379 108
379 109
380 110
380 111
381 112
381 113
382 114
382 115
382 116
383 117
383 118
384 119
384 120
384 121
385 122
385 123
386 124
386 125
386 126
387 127
387 128
387 129
388 130
388 131
389 132
389 133
389 134
390 135
390 136
