27 45
27 46
28 47
28 48
28 49
29 50
29 51
29 52
29 53
30 54
30 55
30 56
31 57
31 58
31 59
31 60
32 61
32 62
32 63
33 64
33 65
33 66
34 67
34 68
34 69
35 70
35 71
35 72
36 73
36 74
37 75
37 76
37 77
38 78
38 79
39 80
39 81
40 82
40 83
41 84
42 85
42 86
43 87
44 88
45 89
46 90
47 91
48 92
49 92
50 93
51 93
52 93
53 93
54 92
55 92
56 91
57 90
58 89
59 88
60 87
61 86
62 85
63 84
64 83
64 82
65 81
66 80
66 79
67 78
68 77
69 76
70 75
70 74
71 73
72 72
73 71
74 71
75 70
76 70
77 70
78 70
79 70
80 70
81 70
82 70
83 71
84 71
85 72
86 73
87 74
88 74
89 75
90 76
91 76
92 77
93 78
94 78
95 79
96 79
97 79
98 79
99 79
100 80
101 80
102 79
103 79
104 79
105 79
106 79
107 78
108 78
109 78
110 77
111 77
112 76
113 76
114 75
115 75
116 74
117 74
118 73
119 72
120 71
121 71
122 70
123 69
124 68
125 67
126 67
127 66
128 65
129 64
130 63
131 62
132 61
133 61
134 60
135 59
136 58
137 57
138 57
139 56
140 56
141 55
142 55
143 54
144 54
145 53
146 53
147 53
148 53
149 53
150 53
151 53
152 53
153 53
154 53
155 53
156 53
157 53
158 54
159 54
160 55
161 55
162 56
163 56
164 57
165 58
166 59
167 60
168 61
169 62
170 63
171 64
171 65
172 66
173 67
173 68
174 69
175 70
175 71
176 72
177 73
177 74
178 75
178 76
179 77
180 78
180 79
181 80
182 81
182 82
183 83
184 84
184 85
185 86
186 87
186 88
187 89
188 90
188 91
189 92
190 93
191 94
192 95
192 96
193 97
194 98
195 99
196 100
197 101
197 102
198 103
199 104
200 105
201 106
202 107
203 108
204 109
205 110
206 111
207 112
208 113
209 114
210 115
211 116
212 117
213 118
214 119
215 119
216 120
217 121
218 122
219 123
220 124
221 124
222 125
223 126
224 126
225 127
226 128
227 128
228 129
229 129
230 130
231 130
232 131
233 131
234 132
235 132
236 132
237 133
238 133
239 133
240 134
241 134
242 134
243 134
244 134
245 134
246 134
247 134
248 134
249 134
250 134
251 134
252 134
253 134
254 133
255 133
256 133
257 133
258 132
259 132
260 132
261 131
262 131
263 131
264 130
265 130
266 129
267 129
268 128
269 128
270 127
271 127
272 126
273 126
274 125
275 125
276 124
277 124
278 123
279 123
280 122
281 121
282 121
283 121
