24 2
25 3
26 3
27 4
28 5
29 5
30 6
31 6
32 7
33 8
34 8
35 9
36 10
37 11
38 11
39 12
40 13
41 14
42 15
43 16
44 17
45 18
46 19
46 20
47 21
48 22
48 23
49 24
50 25
50 26
51 27
51 28
52 29
52 30
53 31
53 32
54 33
54 34
55 35
55 36
56 37
56 38
56 39
57 40
57 41
58 42
58 43
58 44
59 45
59 46
60 47
60 48
60 49
61 50
61 51
62 52
62 53
62 54
63 55
63 56
64 57
64 58
64 59
65 60
65 61
66 62
66 63
67 64
67 65
68 66
68 67
69 68
69 69
70 70
70 71
71 72
71 73
72 74
72 75
73 76
74 77
74 78
75 79
75 80
76 81
77 82
77 83
78 84
79 85
79 86
80 87
81 88
81 89
82 90
83 91
83 92
84 93
85 94
86 95
86 96
87 97
88 98
88 99
89 100
90 101
91 102
91 103
92 104
93 105
94 106
94 107
95 108
96 109
97 110
97 111
98 112
99 113
100 114
101 115
101 116
102 117
103 118
104 119
105 120
106 121
106 122
107 123
108 124
109 125
110 126
111 127
112 128
113 129
114 130
115 131
116 132
117 133
118 133
119 134
120 135
121 136
122 137
123 137
124 138
125 139
126 139
127 140
128 140
129 141
130 141
131 142
132 142
133 143
134 143
135 143
136 144
137 144
138 144
139 144
140 144
141 145
142 145
143 145
144 145
145 144
146 144
147 144
148 144
149 143
150 143
151 143
152 142
153 142
154 141
155 141
156 140
157 140
158 139
159 139
160 138
161 137
162 137
163 136
164 135
165 134
166 134
167 133
168 132
169 131
170 130
171 129
172 129
173 128
174 127
175 126
176 125
177 124
178 123
179 123
180 122
181 121
182 120
183 119
184 118
185 118
186 117
187 116
188 115
189 115
190 114
191 113
192 112
193 112
194 111
195 111
196 110
197 109
198 109
199 108
200 108
201 107
202 107
203 106
204 106
205 105
206 105
207 104
208 104
209 103
210 103
211 103
212 102
213 102
214 102
215 101
216 101
217 101
218 100
219 100
220 100
221 100
222 100
223 99
224 99
225 99
226 99
227 99
228 99
229 98
230 98
231 98
232 98
233 98
234 98
235 97
236 97
237 97
238 97
239 97
240 97
241 96
242 96
243 96
244 96
245 96
246 96
247 95
248 95
249 95
250 95
251 95
252 94
253 94
254 94
255 94
256 93
257 93
258 93
259 93
260 92
261 92
262 92
263 91
264 91
265 91
266 90
267 90
268 90
269 89
270 89
271 89
272 88
273 88
274 87
275 87
276 87
277 86
278 86
279 85
280 85
281 84
282 84
283 83
284 83
285 83
286 82
287 82
288 81
289 81
290 80
291 80
292 79
293 79
294 79
295 78
296 78
297 77
298 77
299 77
300 76
301 76
302 76
303 76
304 75
305 75
306 75
307 75
308 75
309 75
310 75
311 75
312 75
313 75
314 75
315 76
316 76
317 76
318 76
319 77
320 77
321 77
322 78
323 78
324 79
