11 31
11 32
12 33
12 34
13 35
13 36
13 37
14 38
14 39
15 40
15 41
15 42
16 43
16 44
17 45
17 46
17 47
18 48
18 49
19 50
19 51
19 52
20 53
20 54
21 55
21 56
22 57
22 58
22 59
23 60
23 61
24 62
24 63
24 64
25 65
25 66
26 67
26 68
27 69
27 70
27 71
28 72
28 73
29 74
29 75
30 76
30 77
31 78
31 79
32 80
32 81
32 82
33 83
33 84
34 85
34 86
35 87
35 88
36 89
36 90
37 91
37 92
38 93
38 94
39 95
40 96
40 97
41 98
41 99
42 100
43 101
43 102
44 103
45 104
45 105
46 106
47 107
48 108
49 109
50 110
51 111
52 112
53 113
54 113
55 114
56 115
57 115
58 115
59 116
60 116
61 116
62 116
63 116
64 116
65 116
66 116
67 116
68 116
69 116
70 115
71 115
72 115
73 114
74 114
75 113
76 113
77 113
78 112
79 111
80 111
81 110
82 110
83 109
84 109
85 109
86 108
87 108
88 107
89 107
90 107
91 107
92 106
93 106
94 106
95 106
96 105
97 105
98 105
99 105
100 105
101 105
102 105
103 104
104 104
105 104
106 104
107 104
108 104
109 104
110 104
111 104
112 104
113 104
114 104
115 105
116 105
117 105
118 105
119 106
120 106
121 106
122 107
123 107
124 108
125 108
126 108
127 109
128 109
129 109
130 110
131 110
132 110
133 109
134 109
135 109
136 108
137 108
138 107
139 106
140 106
141 105
142 104
143 103
144 102
145 101
146 100
147 99
148 98
149 97
150 96
151 95
151 94
152 93
153 92
154 91
155 90
155 89
156 88
157 87
158 86
159 85
159 84
160 83
161 82
162 81
163 80
163 79
164 78
165 77
166 76
167 75
167 74
168 73
169 72
170 71
171 70
172 69
173 69
174 68
175 68
176 67
177 67
178 66
179 66
180 66
181 66
182 66
183 66
184 66
185 66
186 67
187 67
188 67
189 68
190 68
191 69
192 70
193 70
194 71
195 72
196 72
197 73
198 74
199 75
200 76
201 77
202 78
203 79
204 80
205 81
206 82
207 83
208 84
209 85
210 86
210 87
211 88
212 89
213 90
214 91
214 92
215 93
216 94
216 95
217 96
218 97
218 98
219 99
220 100
220 101
221 102
222 103
222 104
223 105
224 106
224 107
225 108
226 109
226 110
227 111
228 112
228 113
229 114
230 115
231 116
231 117
232 118
233 119
234 120
235 121
236 122
237 122
238 123
239 123
240 123
241 123
242 123
243 122
244 121
245 121
246 120
247 119
248 118
248 117
249 116
250 115
251 114
252 113
253 112
254 111
255 110
256 110
257 109
258 108
259 107
260 107
261 106
262 106
263 105
264 105
265 104
266 104
267 104
268 103
269 103
270 103
271 103
272 103
273 102
274 102
275 102
276 102
277 102
278 102
279 102
280 102
281 102
282 102
283 102
284 101
285 101
286 101
287 101
288 101
289 101
290 101
291 101
292 101
293 101
294 101
295 101
296 101
297 101
298 101
299 101
300 100
301 100
302 100
303 100
304 100
305 100
306 99
307 99
308 99
309 99
310 98
311 98
312 97
313 97
314 96
315 96
316 95
317 95
318 94
319 93
320 92
321 92
322 91
323 90
324 89
325 88
326 87
327 86
328 85
329 84
330 83
331 82
332 81
