26 64
27 64
28 64
29 64
30 65
31 65
32 65
33 65
34 65
35 66
36 66
37 66
38 66
39 66
40 67
41 67
42 67
43 67
44 68
45 68
46 68
47 69
48 69
49 69
50 69
51 70
52 70
53 71
54 71
55 71
56 72
57 72
58 73
59 73
60 74
61 74
62 75
63 75
64 76
65 76
66 77
67 77
68 78
69 78
70 79
71 80
72 80
73 81
74 82
75 82
76 83
77 84
78 84
79 85
80 86
81 86
82 87
83 88
84 89
85 89
86 90
87 91
88 91
89 92
90 93
91 93
92 94
93 95
94 95
95 96
96 97
97 97
98 98
99 98
100 99
101 99
102 100
103 100
104 101
105 101
106 102
107 102
108 103
109 103
110 104
111 105
112 105
113 106
114 107
115 107
116 108
117 109
118 110
119 111
120 111
121 112
122 113
123 114
124 115
125 116
126 117
127 117
128 118
129 119
130 120
131 120
132 121
133 122
134 122
135 123
136 124
137 125
138 125
139 126
140 127
141 128
142 129
142 130
143 131
144 132
145 133
145 134
146 135
147 136
147 137
148 138
149 139
150 140
150 141
151 142
152 143
153 144
154 145
155 146
156 147
157 148
158 149
159 149
160 150
161 150
162 151
163 151
164 152
165 152
166 152
167 153
168 153
169 153
170 153
171 153
172 153
173 153
174 153
175 153
176 153
177 153
178 153
179 153
180 153
181 153
182 152
183 152
184 152
185 152
186 152
187 152
188 152
189 152
190 151
191 151
192 151
193 151
194 151
195 151
196 151
197 151
198 151
199 151
200 151
201 151
202 151
203 152
204 152
205 152
206 152
207 153
208 153
209 153
210 154
211 154
212 154
213 155
214 155
215 156
216 156
217 157
218 158
219 158
220 159
221 160
222 160
223 161
224 162
225 162
226 163
227 164
228 165
229 165
230 166
231 167
232 168
233 169
234 169
235 170
236 171
237 172
238 172
239 173
240 174
241 175
242 175
243 176
244 177
245 177
246 178
247 178
248 179
249 179
250 180
251 180
252 180
253 180
254 181
255 181
256 181
257 181
258 181
259 180
260 180
261 180
262 180
263 179
264 179
265 179
266 178
267 177
268 177
269 176
270 176
271 175
272 174
273 173
274 173
275 172
276 171
277 170
278 170
279 169
280 168
281 167
282 167
283 166
284 165
285 164
286 164
287 163
288 163
289 162
290 162
291 161
292 161
293 160
294 160
295 159
296 159
297 158
298 158
299 158
300 157
301 157
302 157
303 156
304 156
305 156
306 156
307 155
308 155
309 155
310 155
311 154
312 154
313 154
314 154
315 153
316 153
317 153
318 153
319 152
320 152
321 152
322 152
323 151
324 151
325 151
326 150
327 150
328 150
329 149
330 149
331 149
332 148
333 148
334 147
335 147
336 146
337 146
338 145
339 145
340 144
341 144
342 143
343 142
344 142
345 141
346 141
347 140
348 139
349 139
350 138
351 137
352 137
353 136
354 135
355 135
356 134
357 133
358 133
359 132
360 131
361 131
362 130
363 129
364 129
365 128
366 128
367 127
368 126
369 126
370 125
371 125
372 124
373 124
374 124
375 123
376 123
377 122
378 122
379 122
380 121
381 121
382 121
383 121
384 121
385 121
386 121
387 121
388 121
389 121
390 121
391 121
392 121
393 121
394 121
395 122
396 122
397 122
398 123
399 123
400 123
401 124
402 124
403 125
404 125
405 126
406 126
407 127
408 128
409 128
410 129
411 130
412 130
413 131
414 132
415 132
416 133
417 134
418 135
