11 9
12 10
13 11
14 12
14 13
15 14
16 15
17 16
18 17
18 18
19 19
20 20
21 21
22 22
22 23
23 24
24 25
25 26
26 27
27 28
28 29
28 30
29 31
30 32
31 33
32 34
33 35
34 36
35 37
36 38
37 39
38 40
39 41
40 42
41 43
42 44
43 44
44 45
45 46
46 47
47 48
48 48
49 49
50 50
51 51
52 51
53 52
54 53
55 54
56 54
57 55
58 56
59 56
60 57
61 57
62 58
63 59
64 60
65 60
66 61
67 62
68 63
69 64
70 64
71 65
72 66
73 66
74 67
75 68
76 68
77 69
78 69
79 70
80 70
81 71
82 71
83 72
84 72
85 73
86 73
87 74
88 74
89 75
90 75
91 76
92 77
93 78
94 79
95 80
96 81
96 82
97 83
98 84
99 85
100 86
101 87
102 88
103 89
104 89
105 90
106 89
107 89
108 88
109 88
110 87
111 86
112 85
113 84
114 83
115 82
116 81
117 80
118 79
119 78
120 77
121 76
122 76
123 75
124 74
125 73
126 73
127 72
128 72
129 71
130 71
131 71
132 70
133 70
134 70
135 70
136 70
137 70
138 70
139 70
140 70
141 70
142 71
143 71
144 71
145 71
146 72
147 72
148 72
149 72
150 73
151 73
152 73
153 74
154 74
