35 50
36 51
37 52
38 53
39 54
40 55
41 56
42 57
43 58
44 59
45 60
46 61
47 62
48 63
49 64
50 65
51 66
52 67
53 68
54 69
55 70
56 71
56 72
57 73
58 74
59 75
60 76
61 77
62 78
63 79
64 80
65 81
65 82
66 83
67 84
68 85
69 86
70 87
71 88
71 89
72 90
73 91
74 92
75 93
75 94
76 95
77 96
78 97
78 98
79 99
80 100
80 101
81 102
82 103
82 104
83 105
84 106
84 107
85 108
86 109
86 110
87 111
87 112
88 113
89 114
89 115
90 116
90 117
91 118
92 119
92 120
93 121
93 122
94 123
95 124
95 125
96 126
97 127
97 128
98 129
99 130
100 131
100 132
101 133
102 134
103 135
103 136
104 137
105 138
106 139
107 140
108 141
108 142
109 143
110 144
111 145
112 146
113 147
114 148
115 149
116 150
117 151
118 152
119 153
120 154
121 155
122 155
123 156
124 157
125 158
126 159
127 160
128 161
129 161
130 162
131 163
132 164
133 164
134 165
135 166
136 167
137 167
138 168
139 169
140 170
141 170
142 171
143 172
144 172
145 173
146 174
147 174
148 175
149 176
150 176
151 177
152 178
153 178
154 179
155 180
156 180
157 181
158 182
159 182
160 183
161 184
162 184
163 185
164 186
165 186
166 187
167 188
168 188
169 189
170 190
171 190
172 191
173 191
174 192
175 193
176 193
177 194
178 194
179 195
180 195
181 196
182 196
183 197
184 197
185 198
186 198
187 199
188 199
189 199
190 200
191 200
192 200
193 200
194 200
195 201
196 201
197 201
198 201
199 201
200 201
201 201
202 201
203 201
204 200
205 200
206 200
207 200
208 199
209 199
210 199
211 198
212 198
213 198
214 197
215 197
216 196
217 196
218 196
219 195
220 195
221 194
222 194
223 193
224 193
225 193
226 192
227 192
228 191
229 191
230 191
231 190
232 190
233 190
234 189
235 189
236 189
237 189
238 188
239 188
240 188
241 188
242 188
243 187
244 187
245 187
246 187
247 187
248 187
249 187
250 187
251 187
252 187
253 187
254 187
255 187
256 187
257 187
258 187
259 187
260 187
261 187
262 187
263 187
264 187
265 187
266 187
267 187
268 188
269 188
270 188
271 188
272 188
273 188
274 188
275 189
276 189
277 189
278 189
279 189
280 189
281 189
282 190
283 190
284 190
285 190
286 190
287 190
288 190
289 190
290 190
291 191
292 191
293 191
294 191
295 191
296 191
297 191
298 191
299 191
300 191
301 191
302 191
303 191
304 191
305 191
306 191
307 191
308 191
309 191
310 191
311 191
312 190
313 190
314 190
315 190
316 190
317 190
318 190
319 189
320 189
321 189
322 189
323 189
324 189
325 188
326 188
327 188
328 188
329 188
330 187
331 187
332 187
333 187
334 187
335 186
336 186
337 186
338 186
339 185
340 185
341 185
342 185
343 184
344 184
345 184
346 183
347 183
348 183
349 182
350 182
351 182
352 181
353 181
354 181
355 180
356 180
357 180
358 179
359 179
360 178
361 178
362 177
363 177
364 177
365 176
366 176
367 175
368 174
369 174
370 173
371 173
372 172
373 172
374 171
375 171
376 170
377 170
378 169
379 168
380 168
381 167
382 167
383 166
384 166
385 165
386 165
387 164
388 164
389 163
390 163
391 162
392 162
393 161
394 161
395 160
396 160
397 159
398 159
399 158
400 157
401 157
402 156
403 156
404 155
405 154
406 154
407 153
408 152
409 151
410 150
411 150
412 149
413 148
414 147
415 146
416 145
417 144
418 143
419 142
420 141
421 140
422 139
422 138
423 137
424 136
425 135
426 134
427 133
427 132
428 131
429 130
430 129
430 128
431 127
432 126
433 125
433 124
434 123
435 122
435 121
436 120
437 119
437 118
438 117
439 116
439 115
440 114
441 113
441 112
442 111
442 110
443 109
444 108
444 107
445 106
446 105
446 104
447 103
447 102
448 101
