13 27
13 28
14 29
14 30
15 31
15 32
16 33
16 34
17 35
17 36
17 37
18 38
18 39
19 40
19 41
20 42
20 43
21 44
21 45
22 46
22 47
22 48
23 49
23 50
24 51
24 52
25 53
25 54
26 55
26 56
27 57
27 58
28 59
28 60
29 61
29 62
30 63
31 64
31 65
32 66
32 67
33 68
33 69
34 70
35 71
35 72
36 73
36 74
37 75
38 76
38 77
39 78
40 79
41 80
41 81
42 82
43 83
44 84
45 85
45 86
46 87
47 88
48 89
49 90
50 91
51 91
52 92
53 93
54 94
55 95
56 95
57 96
58 96
59 97
60 98
61 98
62 99
63 99
64 100
65 100
66 100
67 101
68 101
69 102
70 102
71 102
72 103
73 103
74 103
75 104
76 104
77 104
78 105
79 105
80 105
81 106
82 106
83 106
84 106
85 107
86 107
87 107
88 108
89 108
90 108
91 108
92 109
93 109
94 109
95 110
96 110
97 110
98 111
99 111
100 111
101 112
102 112
103 112
104 113
105 113
106 113
107 114
108 114
109 115
110 115
111 115
112 116
113 116
114 117
115 117
116 118
117 118
118 119
119 120
120 120
121 121
122 121
123 122
124 123
125 124
126 124
127 125
128 126
129 127
130 128
131 129
132 130
133 131
134 132
135 133
136 134
137 135
138 136
139 137
139 138
140 139
141 140
142 141
143 142
143 143
144 144
145 145
146 146
146 147
147 148
148 149
149 150
149 151
150 152
151 153
152 154
153 155
154 156
154 157
155 158
156 159
157 160
158 161
159 162
160 163
161 163
162 164
163 165
164 166
165 166
166 167
167 167
168 168
169 168
170 168
171 169
172 169
173 169
174 169
175 169
176 169
177 169
178 169
179 169
180 169
181 168
182 168
183 168
184 167
185 167
186 167
187 167
188 166
189 166
190 165
191 165
192 165
193 164
194 164
195 164
196 163
197 163
198 162
199 162
200 162
201 161
202 161
203 161
204 161
205 160
206 160
207 160
208 159
209 159
210 159
211 158
212 158
213 158
214 158
215 157
216 157
217 157
218 156
219 156
220 156
221 156
222 155
223 155
224 155
225 154
226 154
227 154
228 154
229 153
230 153
231 153
232 152
233 152
234 152
235 151
236 151
237 151
238 150
239 150
240 150
241 149
242 149
243 149
244 148
245 148
246 148
247 148
248 147
249 147
250 147
251 146
252 146
253 146
254 145
255 145
256 145
257 145
258 144
259 144
260 144
261 144
262 143
263 143
264 143
265 143
266 142
267 142
268 142
269 142
270 142
271 141
272 141
273 141
274 141
275 141
276 141
277 141
278 140
279 140
280 140
281 140
282 140
283 140
284 140
285 140
286 140
287 140
288 140
289 139
290 139
291 139
292 139
293 139
294 139
295 139
296 139
297 139
298 139
299 139
300 139
301 138
302 138
303 138
304 138
305 138
306 138
307 138
308 138
309 137
310 137
311 137
312 137
313 137
314 136
315 136
316 136
317 136
318 135
319 135
320 135
321 134
322 134
323 134
324 134
325 133
326 133
327 133
328 132
329 132
330 132
331 131
332 131
333 131
334 130
335 130
336 130
337 129
338 129
339 129
340 128
341 128
342 128
343 127
344 127
345 127
346 127
347 126
348 126
349 126
350 126
351 126
352 125
353 125
354 125
355 125
356 125
357 125
358 125
359 125
360 125
361 125
362 125
363 125
364 125
365 125
366 125
367 126
368 126
369 126
370 126
371 126
372 127
373 127
374 127
375 127
376 127
377 128
378 128
379 128
380 128
381 128
382 128
383 128
384 128
385 128
386 128
387 128
388 127
389 127
390 127
391 126
392 126
393 126
394 125
395 125
396 124
397 124
398 123
399 123
400 122
401 122
402 121
403 121
404 121
405 120
406 120
407 119
408 119
409 119
410 118
411 118
412 118
413 118
414 117
415 117
416 117
417 116
418 116
419 116
420 116
421 116
422 115
423 115
424 115
425 115
426 115
427 114
428 114
429 114
430 114
431 114
432 114
433 113
434 113
435 113
436 113
437 113
438 113
439 112
440 112
441 112
442 112
443 112
444 112
445 112
446 112
447 112
448 111
449 111
450 111
451 111
452 111
453 111
454 111
455 111
456 111
457 111
458 111
459 111
460 111
461 111
462 111
463 111
464 111
465 111
466 111
467 111
468 111
469 111
470 111
471 111
472 111
473 111
474 111
475 111
476 111
477 111
478 112
479 112
480 112
481 112
482 112
483 112
484 112
485 113
486 113
487 113
488 113
489 113
490 113
491 113
492 114
493 114
494 114
495 114
496 114
497 114
498 114
499 114
500 114
501 115
502 115
503 115
504 115
505 115
506 115
507 115
508 115
509 115
510 115
511 115
512 115
513 115
514 115
515 115
516 116
517 116
518 116
519 116
520 116
521 116
522 116
523 117
524 117
525 117
526 117
527 118
528 118
529 118
530 118
531 119
532 119
533 120
534 120
535 120
536 121
537 121
538 122
539 122
540 123
541 123
542 124
543 124
544 125
545 126
546 126
547 127
548 127
549 128
550 129
551 130
552 130
553 131
554 132
555 133
556 133
557 134
558 135
559 135
560 136
561 137
562 137
563 138
564 138
565 139
566 139
567 140
568 140
569 140
570 140
571 141
572 141
573 141
574 141
575 141
576 141
577 140
578 140
579 140
580 140
581 140
582 140
583 140
584 139
585 139
586 139
587 139
588 139
589 139
590 139
591 139
592 139
593 139
594 139
595 139
596 139
597 139
598 139
599 139
600 139
601 139
602 139
603 139
604 139
605 139
606 139
607 139
608 139
609 139
610 139
611 139
612 139
613 139
614 139
615 139
616 139
617 139
618 139
619 139
620 139
621 139
622 139
623 139
624 138
625 138
626 138
627 138
628 138
629 138
630 137
631 137
632 137
633 137
634 137
635 136
636 136
637 136
