10 64
11 65
12 66
12 67
13 68
13 69
14 70
14 71
15 72
15 73
16 74
17 75
17 76
18 77
18 78
19 79
20 80
20 81
21 82
21 83
22 84
23 85
23 86
24 87
24 88
25 89
26 90
26 91
27 92
28 93
28 94
29 95
30 96
30 97
31 98
32 99
33 100
33 101
34 102
35 103
36 104
37 105
38 106
38 107
39 108
40 109
41 110
42 111
43 112
44 113
45 114
46 115
47 116
48 117
49 118
50 119
51 120
52 120
53 121
54 122
55 123
56 123
57 124
58 125
59 125
60 126
61 127
62 127
63 128
64 128
65 128
66 129
67 129
68 130
69 130
70 130
71 130
72 130
73 131
74 131
75 131
76 131
77 131
78 131
79 130
80 130
81 130
82 130
83 130
84 130
85 130
86 129
87 129
88 129
89 129
90 128
91 128
92 127
93 127
94 126
95 126
96 125
97 124
98 124
99 123
100 122
101 121
102 120
103 119
104 119
105 118
106 117
107 116
108 115
109 114
110 113
111 112
112 111
113 111
114 110
115 109
116 108
117 107
118 106
119 105
120 104
121 104
122 103
123 102
124 101
125 100
126 99
127 99
128 98
129 97
130 96
131 95
132 94
133 94
134 93
135 92
136 91
137 90
138 90
139 89
