10 43
11 44
12 45
12 46
13 47
13 48
14 49
15 50
15 51
16 52
17 53
18 53
19 54
20 54
21 54
22 54
23 54
24 53
25 53
26 53
27 53
28 52
29 52
30 52
31 52
32 51
33 51
34 51
35 51
36 50
37 50
38 50
39 49
40 49
41 48
42 48
43 48
44 47
45 47
46 46
47 46
48 45
49 45
50 44
51 44
52 43
53 43
54 42
55 42
56 41
57 41
58 41
59 40
60 40
61 39
62 39
63 39
64 38
65 38
66 38
67 38
68 38
69 38
70 38
71 38
72 38
73 38
74 39
75 39
76 39
77 40
78 41
79 42
80 43
81 44
82 45
83 46
84 47
84 48
85 49
86 50
86 51
87 52
88 53
88 54
89 55
90 56
90 57
91 58
91 59
92 60
92 61
93 62
93 63
94 64
94 65
95 66
95 67
96 68
96 69
97 70
97 71
98 72
98 73
99 74
99 75
100 76
100 77
101 78
102 79
102 80
103 81
104 82
104 83
105 84
106 85
107 86
108 86
109 87
110 87
111 87
112 87
113 87
114 86
115 86
116 85
117 85
118 84
119 83
120 82
121 81
122 80
123 79
124 78
125 77
125 76
126 75
127 74
127 73
128 72
129 71
130 70
130 69
131 68
132 67
132 66
133 65
134 64
134 63
135 62
136 61
137 60
138 59
139 58
140 58
141 57
142 56
143 56
144 55
145 55
146 55
147 55
148 54
149 54
150 54
151 54
152 54
153 54
154 54
155 54
156 54
157 54
158 54
159 54
160 54
161 54
162 54
163 54
164 53
165 53
166 53
167 53
168 53
169 53
170 53
171 53
172 53
173 52
174 52
175 52
176 52
177 51
178 51
179 51
180 50
181 50
182 50
183 49
184 49
185 48
186 48
187 47
188 47
189 47
190 46
191 46
192 45
193 45
194 45
195 44
196 44
197 44
198 44
199 43
200 43
201 43
202 43
203 43
204 43
205 43
206 43
207 43
208 43
209 43
210 43
211 43
212 43
213 43
214 43
215 44
216 44
217 44
218 44
219 44
220 44
221 45
222 45
223 45
224 45
225 45
226 46
227 46
228 46
229 46
230 47
231 47
232 47
233 47
234 47
235 48
236 48
237 48
238 48
239 49
240 49
241 49
242 49
243 50
244 50
245 50
246 50
247 51
248 51
249 51
250 52
251 52
252 52
253 53
254 53
255 54
256 54
257 55
258 55
259 56
260 56
261 56
262 57
263 57
264 57
265 58
266 58
267 58
268 58
269 59
270 59
271 59
272 59
273 60
274 60
275 60
276 60
277 60
278 61
279 61
280 61
281 61
282 62
283 62
284 62
285 63
286 63
287 64
288 64
289 65
290 65
291 66
292 66
293 67
294 67
295 68
296 68
297 69
298 70
299 70
300 71
301 72
302 72
303 73
304 74
305 74
306 75
307 75
308 76
309 77
310 77
311 78
312 79
313 79
314 80
315 81
316 81
317 82
318 83
