17 1
18 1
19 2
19 3
20 4
21 5
22 6
23 7
24 8
25 9
25 10
26 11
27 12
28 13
29 14
30 15
31 16
31 17
32 18
33 19
34 20
35 21
36 22
36 23
37 24
38 25
39 26
40 27
40 28
41 29
42 30
43 31
43 32
44 33
45 34
46 35
46 36
47 37
47 38
48 39
49 40
49 41
50 42
50 43
51 44
51 45
52 46
53 47
53 48
54 49
54 50
54 51
55 52
55 53
56 54
56 55
57 56
57 57
58 58
58 59
59 60
59 61
59 62
60 63
60 64
61 65
61 66
61 67
62 68
62 69
63 70
63 71
64 72
64 73
64 74
65 75
65 76
66 77
66 78
66 79
67 80
67 81
68 82
68 83
69 84
69 85
69 86
70 87
70 88
71 89
71 90
72 91
72 92
73 93
73 94
74 95
74 96
75 97
75 98
76 99
76 100
77 101
77 102
78 103
79 104
79 105
80 106
81 107
81 108
82 109
83 110
83 111
84 112
85 113
86 114
87 115
88 116
89 117
90 118
91 119
92 120
93 121
94 122
95 123
96 123
97 124
98 125
99 125
100 126
101 126
102 127
103 127
104 127
105 128
106 128
107 128
108 128
109 129
110 129
111 129
112 129
113 129
114 129
115 128
116 128
117 128
118 128
119 127
120 127
121 126
122 126
123 125
124 125
125 124
126 123
127 122
128 122
129 121
130 120
131 119
132 118
133 118
134 117
135 116
136 115
137 114
138 113
139 112
140 111
141 111
142 110
143 109
144 108
145 107
146 106
147 105
148 105
149 104
150 103
151 102
152 101
153 101
154 100
155 99
156 98
157 98
158 97
159 96
160 95
161 95
162 94
163 93
164 93
165 92
166 92
167 91
168 91
169 90
170 90
171 90
172 90
173 90
174 90
175 90
176 90
177 90
178 90
179 90
180 90
181 91
182 91
183 91
184 91
185 91
186 91
187 91
188 91
189 91
190 91
191 90
192 90
193 90
194 89
195 89
196 88
197 88
198 87
199 87
200 86
201 86
202 85
203 85
204 84
205 83
206 83
207 82
208 82
209 81
210 80
211 80
212 79
213 79
214 78
215 77
216 77
217 76
218 76
219 75
220 74
221 74
222 73
223 73
224 72
225 71
226 71
227 70
228 70
229 69
230 69
231 68
232 67
233 67
234 66
235 66
236 65
237 65
238 64
239 64
240 63
241 63
242 62
243 62
244 61
245 61
246 60
247 60
248 60
249 59
250 59
251 59
252 58
253 58
254 58
255 58
256 58
257 58
258 58
259 58
260 59
261 59
262 60
263 61
264 62
265 63
266 64
267 65
267 66
268 67
268 68
269 69
269 70
270 71
270 72
271 73
271 74
272 75
272 76
273 77
273 78
273 79
274 80
