12 57
13 57
14 58
15 58
16 59
17 60
18 60
19 61
20 61
21 62
22 63
23 63
24 64
25 64
26 65
27 66
28 66
29 67
30 67
31 68
32 69
33 69
34 70
35 70
36 71
37 71
38 72
39 73
40 73
41 74
42 74
43 75
44 75
45 76
46 76
47 77
48 77
49 78
50 79
51 79
52 79
53 80
54 81
55 81
56 81
57 82
58 82
59 83
60 83
61 84
62 84
63 85
64 85
65 86
66 86
67 87
68 87
69 88
70 88
71 89
72 89
73 90
74 90
75 91
76 91
77 92
78 92
79 93
80 93
81 94
82 94
83 95
84 95
85 96
86 97
87 97
88 98
89 98
90 99
91 100
92 100
93 101
94 102
95 103
96 103
97 104
98 105
99 105
100 106
101 107
102 108
103 108
104 109
105 110
106 111
107 111
108 112
109 113
110 114
111 114
112 115
113 116
114 117
115 117
116 118
117 119
118 120
119 120
120 121
121 122
122 122
123 123
124 124
125 124
126 125
127 125
128 126
129 126
130 127
131 127
132 127
133 128
134 128
135 128
136 128
137 127
138 127
139 127
140 127
141 126
142 126
143 125
144 124
145 124
146 123
147 123
148 122
149 121
150 121
151 121
152 120
153 120
154 120
155 120
156 120
157 120
158 120
159 120
160 120
161 121
162 121
163 121
164 122
165 122
166 122
167 123
168 123
169 123
170 123
171 124
172 124
173 124
174 124
175 125
176 125
177 125
178 125
179 125
180 125
181 125
182 125
183 125
184 125
185 125
186 125
187 125
188 125
189 125
190 125
191 125
192 125
193 125
194 125
195 125
196 125
197 125
198 125
199 125
200 125
201 125
202 125
203 125
204 125
205 125
206 125
207 125
208 125
209 125
210 125
211 125
212 125
213 125
214 125
215 126
216 126
217 126
218 126
219 126
220 126
221 126
222 126
223 126
224 126
225 126
226 126
227 126
228 126
229 126
230 126
231 126
232 126
233 126
234 126
235 126
236 126
237 126
238 125
239 125
240 125
241 125
242 125
243 125
244 125
245 125
246 124
247 124
248 124
249 124
250 124
251 124
252 123
253 123
254 123
255 123
256 123
257 123
258 123
259 123
260 123
261 122
262 122
263 122
264 122
265 122
266 122
267 122
268 122
269 122
270 122
271 122
272 123
273 123
274 123
275 123
276 123
277 123
278 123
279 123
280 124
281 124
282 124
283 124
284 124
285 125
286 125
287 125
288 125
289 126
290 126
291 126
292 126
293 126
294 126
295 127
296 127
297 127
298 127
299 127
300 127
301 127
302 127
303 127
304 127
305 127
306 127
307 127
308 127
309 127
310 127
311 127
312 126
313 126
314 126
315 126
316 125
317 125
318 125
319 124
320 124
321 124
322 123
323 123
324 122
325 122
326 121
327 121
328 120
329 119
330 119
331 118
332 117
333 116
334 116
335 115
336 114
337 113
338 112
339 112
340 111
341 110
342 109
343 108
344 107
345 106
346 106
347 105
348 104
349 103
350 102
351 102
352 101
353 100
354 100
355 99
356 99
357 98
358 98
359 97
360 97
361 97
362 97
363 96
364 96
365 96
366 96
367 96
368 96
369 96
370 96
371 97
372 97
373 97
374 97
375 98
376 98
377 99
378 99
379 100
380 101
381 102
382 103
383 103
384 104
385 105
386 106
387 107
387 108
388 109
389 110
390 111
391 112
392 113
392 114
393 115
394 116
395 117
395 118
396 119
397 120
398 121
399 122
399 123
400 124
401 125
402 126
402 127
403 128
404 129
405 130
406 131
406 132
407 133
408 134
409 135
410 136
411 137
411 138
412 139
413 140
414 141
415 142
416 143
417 144
418 145
419 146
419 147
420 148
421 149
422 150
423 151
424 152
425 152
426 153
427 154
428 155
429 156
430 157
431 158
432 158
433 159
434 160
435 160
436 161
437 161
438 162
439 162
440 163
441 163
442 163
443 164
444 164
445 164
446 164
447 164
448 164
449 163
450 163
451 162
452 162
453 161
454 161
455 160
456 159
457 158
458 157
459 156
460 155
460 154
461 153
462 152
463 151
464 150
464 149
465 148
466 147
467 146
468 145
469 144
470 143
471 142
472 142
473 141
474 140
475 140
476 139
477 139
478 139
479 138
480 138
481 138
482 138
483 138
484 138
485 138
486 138
487 138
488 138
489 139
490 139
491 139
492 139
493 140
494 140
495 140
496 140
497 140
498 141
499 141
500 141
501 141
502 141
503 141
504 142
505 142
506 142
507 142
508 142
509 142
510 142
511 142
512 142
513 142
514 142
515 142
516 142
517 141
518 141
519 141
520 141
521 141
522 141
523 141
524 141
525 141
526 141
527 142
528 142
529 142
530 142
531 142
532 142
533 142
534 142
535 143
536 143
537 143
538 143
539 143
540 144
541 144
542 144
543 144
544 145
545 145
546 145
547 146
548 146
549 146
550 146
551 147
552 147
553 147
554 147
555 148
556 148
557 148
558 148
559 149
560 149
561 149
562 149
563 150
564 150
565 150
566 150
567 150
568 151
569 151
570 151
571 151
572 151
573 151
574 151
575 152
576 152
577 152
578 152
579 152
580 152
581 152
582 153
583 153
584 153
585 153
586 153
587 153
588 153
589 153
