24 23
24 24
25 25
25 26
26 27
26 28
27 29
27 30
28 31
28 32
29 33
29 34
30 35
30 36
31 37
31 38
32 39
32 40
33 41
33 42
34 43
34 44
35 45
36 46
36 47
37 48
37 49
38 50
38 51
39 52
39 53
40 54
41 55
41 56
42 57
42 58
43 59
44 60
44 61
45 62
45 63
46 64
47 65
47 66
48 67
49 68
49 69
50 70
51 71
52 72
52 73
53 74
54 75
55 76
56 77
57 78
57 79
58 80
59 81
60 82
61 83
62 84
63 85
64 86
65 87
66 88
67 89
68 90
69 91
70 92
71 93
72 93
73 94
74 94
75 95
76 95
77 96
78 96
79 96
80 96
81 96
82 96
83 96
84 95
85 95
86 94
87 94
88 93
89 93
90 92
91 92
92 91
93 90
94 89
95 89
96 88
97 87
98 86
99 86
100 85
101 84
102 84
103 83
104 82
105 82
106 81
107 81
108 80
109 80
110 80
111 79
112 79
113 79
114 78
115 78
116 78
117 78
118 77
119 77
120 77
121 77
122 77
123 77
124 77
125 77
126 77
127 77
128 77
129 77
130 77
131 77
132 77
133 78
134 78
135 78
136 78
137 78
138 78
139 78
140 78
141 79
142 79
143 79
144 79
145 79
146 79
147 79
148 79
149 79
150 79
151 79
152 78
153 78
154 78
155 78
156 78
157 77
158 77
159 77
160 76
161 76
162 76
163 75
164 75
165 75
166 75
167 75
168 75
169 75
170 75
171 75
172 75
173 75
174 76
175 76
176 76
177 77
178 78
179 78
180 79
181 80
182 80
183 81
184 82
185 83
186 83
187 84
188 85
189 85
190 86
191 86
192 87
193 87
194 88
195 88
196 89
197 89
198 89
199 90
200 90
201 90
202 91
203 91
204 91
205 91
206 91
207 91
208 91
209 91
210 91
211 91
212 91
213 91
214 91
215 91
216 91
217 91
218 91
219 91
220 91
221 91
222 91
223 91
224 91
225 91
226 91
227 91
228 92
229 92
230 92
231 92
232 92
233 92
234 93
235 93
236 93
237 93
238 93
239 93
240 94
241 94
242 94
243 94
244 94
245 94
246 94
247 95
248 95
249 95
250 95
251 95
252 96
253 96
254 96
255 96
256 96
257 97
258 97
259 97
260 97
261 98
262 98
263 98
264 98
265 99
266 99
267 99
268 99
269 99
270 99
271 99
272 99
273 99
274 98
275 98
276 98
277 97
278 96
279 95
280 94
281 93
282 92
283 91
284 90
285 89
285 88
286 87
287 86
287 85
288 84
289 83
289 82
290 81
290 80
291 79
291 78
292 77
293 76
293 75
294 74
294 73
295 72
296 71
296 70
297 69
298 68
299 67
300 66
301 65
302 65
303 64
304 64
305 64
306 64
307 65
308 65
309 65
310 66
311 67
312 68
313 68
314 69
315 70
316 71
317 72
318 73
319 74
320 75
321 76
321 77
322 78
323 79
324 80
325 81
326 82
327 83
328 84
329 85
330 86
331 87
332 88
333 89
334 90
335 90
336 91
337 91
338 92
339 92
340 92
341 92
342 92
343 92
344 92
345 91
346 91
347 91
348 90
349 90
350 90
351 89
352 89
353 89
354 88
355 88
356 88
357 88
358 87
359 87
360 87
361 86
362 86
363 86
364 86
365 85
366 85
367 85
368 84
369 84
370 84
371 84
372 83
373 83
374 83
375 82
376 82
377 82
378 81
379 81
380 80
381 80
382 79
383 78
384 78
385 77
386 76
387 76
388 75
389 74
390 73
391 72
392 72
