30 17
31 17
32 18
32 19
33 20
34 21
35 22
36 23
37 24
38 25
39 26
39 27
40 28
41 29
42 30
43 31
44 32
45 33
46 34
47 35
48 36
49 37
50 38
51 39
52 40
53 41
54 42
55 42
56 43
57 44
58 44
59 45
60 46
61 46
62 47
63 47
64 48
65 48
66 49
67 49
68 49
69 50
70 50
71 50
72 51
73 51
74 51
75 51
76 52
77 52
78 52
79 52
80 52
81 52
82 52
83 53
84 53
85 53
86 53
87 53
88 53
89 54
90 54
91 54
92 54
93 55
94 55
95 55
96 56
97 56
98 57
99 57
100 58
101 58
102 59
103 60
104 61
105 61
106 62
107 63
108 64
109 65
110 66
111 67
112 68
113 69
114 70
115 71
116 72
117 73
117 74
118 75
119 76
120 77
121 78
122 79
123 80
123 81
124 82
125 83
126 84
127 85
128 86
129 87
130 88
131 89
131 90
132 91
133 92
134 93
135 94
136 95
137 96
138 97
139 98
140 99
140 100
141 101
142 102
143 103
144 104
145 105
146 106
147 107
148 108
149 109
150 110
151 111
152 112
153 113
154 114
155 115
156 116
157 116
158 117
159 118
160 118
161 119
162 119
163 120
164 120
165 120
166 120
167 120
168 121
169 121
170 121
171 121
172 121
173 121
174 122
175 122
176 122
177 122
178 122
179 123
180 123
181 123
182 123
183 124
184 124
185 124
186 125
187 125
188 125
189 126
190 126
191 126
192 126
193 127
194 127
195 127
196 127
197 128
198 128
199 128
200 128
201 129
202 129
203 129
204 129
205 129
206 129
207 130
208 130
209 130
210 130
211 130
212 130
213 130
214 130
215 130
216 130
217 130
218 129
219 129
220 129
221 129
222 129
223 129
224 129
225 128
226 128
227 128
228 128
229 128
230 128
231 128
232 127
233 127
234 127
235 127
236 127
237 127
238 127
239 127
240 127
241 127
242 128
243 128
244 128
245 128
246 129
247 129
248 129
249 130
250 130
251 131
252 131
253 132
254 132
255 133
