24 52
25 52
26 52
27 52
28 52
29 52
30 52
31 52
32 52
33 52
34 52
35 52
36 52
37 52
38 52
39 52
40 52
41 52
42 52
43 52
44 52
45 52
46 52
47 52
48 52
49 52
50 53
51 53
52 53
53 53
54 53
55 53
56 54
57 54
58 54
59 54
60 55
61 55
62 55
63 56
64 56
65 56
66 57
67 57
68 58
69 58
70 59
71 59
72 60
73 60
74 61
75 62
76 62
77 63
78 64
79 65
80 65
81 66
82 67
83 68
84 69
85 70
86 71
87 72
88 73
89 74
90 75
91 76
92 77
93 78
94 78
95 79
96 79
97 79
98 80
99 80
100 80
101 81
102 81
103 82
104 83
105 84
106 85
107 86
107 87
108 88
109 89
110 90
110 91
111 92
112 93
113 94
113 95
114 96
115 97
116 98
117 99
118 100
118 101
119 102
120 103
121 103
122 104
123 105
124 105
125 106
126 106
127 106
128 106
129 105
130 105
131 104
132 104
133 103
134 102
135 101
136 100
137 99
138 98
139 98
140 97
141 96
142 95
143 94
144 93
145 93
146 92
147 92
148 91
149 91
150 90
151 90
152 90
153 90
154 90
155 90
156 90
157 90
158 90
159 90
160 90
161 91
162 91
163 91
164 92
165 92
166 93
167 93
168 94
169 94
170 95
171 96
172 96
173 97
174 98
175 99
176 100
177 101
178 101
179 102
180 103
181 104
182 105
183 106
184 107
185 108
185 109
186 110
187 111
188 112
189 113
190 114
191 115
192 116
193 117
194 118
195 119
196 120
197 121
198 122
199 123
200 124
201 125
202 125
203 126
204 127
205 127
206 128
207 129
208 129
209 129
210 129
211 129
212 129
213 128
214 128
215 127
216 126
217 125
218 124
218 123
219 122
220 121
221 120
221 119
222 118
223 117
223 116
224 115
225 114
