21 49
22 49
23 49
24 49
25 49
26 49
27 49
28 49
29 49
30 49
31 49
32 49
33 49
34 49
35 49
36 49
37 49
38 49
39 49
40 49
41 49
42 49
43 49
44 49
45 49
46 49
47 49
48 49
49 50
50 50
51 50
52 50
53 50
54 50
55 51
56 51
57 51
58 52
59 52
60 52
61 53
62 53
63 53
64 54
65 54
66 55
67 55
68 56
69 56
70 57
71 57
72 58
73 58
74 59
75 60
76 60
77 61
78 62
79 62
80 63
81 64
82 64
83 65
84 66
85 67
86 68
87 68
88 69
89 70
90 71
91 72
92 72
93 73
94 74
95 75
96 76
97 77
98 78
99 78
100 79
101 80
102 81
103 82
104 82
105 83
106 84
107 84
108 85
109 85
110 86
111 86
112 87
113 87
114 88
115 88
116 88
117 88
118 89
119 89
120 89
121 89
122 89
123 89
124 89
125 89
126 88
127 88
128 88
129 88
130 88
131 87
132 87
133 87
134 86
135 86
136 85
137 85
138 84
139 84
140 83
141 83
142 82
143 81
144 80
145 80
146 79
147 78
148 77
149 77
150 76
151 75
152 74
153 73
154 73
155 72
156 71
157 71
158 70
159 69
160 69
161 68
162 68
163 67
164 67
165 66
166 66
167 65
168 65
169 65
170 64
171 64
172 64
173 63
174 63
175 63
176 63
177 62
178 62
179 62
180 62
181 62
182 62
183 62
184 62
185 62
186 62
187 62
188 62
189 62
190 62
191 62
192 62
193 62
194 62
195 62
196 62
197 63
198 63
199 63
200 63
201 63
202 64
203 64
204 64
205 65
206 65
207 65
208 66
209 66
210 66
211 67
212 67
213 67
214 68
215 68
216 68
217 69
218 69
219 70
220 70
221 70
222 71
223 71
224 71
225 72
226 72
227 73
228 73
229 73
230 74
231 74
232 74
233 74
234 75
235 75
236 75
237 76
238 76
239 76
240 76
241 77
242 77
243 77
244 77
245 78
246 78
247 78
248 78
249 78
250 79
251 79
252 79
253 79
254 79
255 80
256 80
257 80
258 80
259 80
260 81
261 81
262 81
263 81
264 81
265 82
266 82
267 82
268 82
269 82
270 83
271 83
272 83
273 83
274 84
275 84
276 84
277 84
278 85
279 85
280 85
281 85
282 86
283 86
284 86
285 86
286 87
287 87
288 87
289 87
290 88
291 88
292 88
293 88
294 89
295 89
296 89
297 90
298 90
299 90
300 90
301 91
302 91
303 91
304 91
305 92
306 92
307 92
308 92
309 93
310 93
311 93
312 93
313 94
314 94
315 94
316 94
317 94
318 95
319 95
320 95
321 95
322 96
323 96
324 96
325 97
326 97
327 97
328 97
329 98
330 98
331 98
332 99
333 99
334 100
335 100
336 100
337 101
338 101
339 102
340 102
341 102
342 103
343 103
344 104
345 104
346 104
347 105
348 105
349 106
350 106
351 107
352 107
353 107
354 108
355 108
356 109
357 109
358 109
359 110
360 110
361 111
362 111
363 111
364 112
365 112
366 112
367 112
368 113
369 113
370 113
371 113
372 114
373 114
374 114
375 114
376 114
377 115
378 115
379 115
380 115
381 115
382 115
383 115
384 115
385 115
386 115
387 115
388 115
389 115
390 115
391 115
392 115
393 115
394 115
395 115
396 115
397 115
398 115
399 115
400 115
401 115
402 115
403 115
404 114
405 114
406 114
407 114
408 114
409 114
410 114
411 114
412 114
413 113
414 113
