14 19
15 20
15 21
16 22
16 23
17 24
17 25
18 26
18 27
19 28
19 29
20 30
20 31
20 32
21 33
21 34
22 35
22 36
23 37
23 38
24 39
24 40
25 41
25 42
26 43
26 44
27 45
27 46
27 47
28 48
28 49
29 50
29 51
30 52
30 53
31 54
31 55
32 56
32 57
33 58
33 59
34 60
34 61
35 62
35 63
36 64
36 65
37 66
37 67
38 68
38 69
39 70
39 71
40 72
40 73
41 74
41 75
42 76
42 77
43 78
43 79
44 80
44 81
45 82
45 83
46 84
46 85
47 86
47 87
48 88
49 89
49 90
50 91
50 92
51 93
51 94
52 95
53 96
53 97
54 98
55 99
55 100
56 101
57 102
58 103
58 104
59 105
60 106
61 107
62 108
63 109
64 110
65 111
66 112
67 113
68 113
69 114
70 115
71 115
72 116
73 116
74 116
75 117
76 117
77 117
78 117
79 117
80 117
81 117
82 117
83 117
84 117
85 117
86 116
87 116
88 116
89 116
90 115
91 115
92 114
93 114
94 113
95 113
96 112
97 112
98 111
99 111
100 110
101 110
102 109
103 109
104 108
105 108
106 107
107 107
108 106
109 106
110 106
111 105
112 105
113 104
114 104
115 104
116 104
117 103
118 103
119 103
120 103
121 103
122 103
123 103
124 103
125 103
126 103
127 103
128 103
129 103
130 103
131 103
132 104
133 104
134 104
135 105
136 105
137 105
138 106
139 107
140 107
141 108
142 109
143 109
144 110
145 111
146 112
147 112
148 113
149 114
150 115
151 116
152 117
153 118
154 119
155 120
156 121
157 122
158 123
159 123
160 124
161 125
162 126
163 127
164 128
165 129
166 129
167 130
168 131
169 132
170 132
171 133
172 134
173 134
174 135
175 135
176 136
177 136
178 137
179 137
180 138
181 138
182 139
183 139
184 140
185 140
186 140
187 141
188 141
189 141
190 142
191 142
192 142
193 142
194 142
195 141
196 141
197 141
198 140
199 140
200 140
201 139
202 138
203 138
204 137
205 136
206 135
207 135
208 134
209 133
210 133
