14 7
15 8
16 8
17 9
18 10
19 11
20 11
21 12
22 13
23 14
24 15
25 15
26 16
27 17
28 18
29 19
30 20
31 21
32 22
33 23
34 24
35 25
35 26
36 27
37 28
38 29
38 30
39 31
40 32
40 33
41 34
42 35
42 36
43 37
43 38
44 39
45 40
45 41
46 42
46 43
47 44
47 45
48 46
48 47
49 48
49 49
50 50
50 51
50 52
51 53
51 54
52 55
52 56
53 57
53 58
53 59
54 60
54 61
55 62
55 63
55 64
56 65
56 66
56 67
57 68
57 69
58 70
58 71
58 72
59 73
59 74
60 75
60 76
60 77
61 78
61 79
62 80
62 81
63 82
63 83
64 84
64 85
65 86
65 87
66 88
66 89
67 90
67 91
68 92
69 93
69 94
70 95
71 96
71 97
72 98
73 99
74 100
75 101
76 102
77 103
78 104
79 105
80 105
81 106
82 106
83 107
84 107
85 107
86 108
87 108
88 108
89 108
90 108
91 107
92 107
93 107
94 106
95 106
96 105
97 105
98 104
99 103
100 102
101 101
102 100
103 100
104 99
105 98
106 97
107 96
108 96
109 95
110 95
111 94
112 94
113 94
114 94
115 94
116 94
117 94
118 94
119 95
120 95
121 95
122 96
123 97
124 97
125 98
126 99
127 99
128 100
129 101
130 102
131 102
132 103
133 104
133 105
