33 36
34 36
35 37
36 38
37 39
38 40
39 41
40 42
41 43
42 44
43 45
44 46
45 47
46 48
47 49
48 50
49 51
50 52
51 53
52 53
53 54
54 55
55 56
56 57
57 57
58 58
59 59
60 60
61 60
62 61
63 62
64 62
65 63
66 63
67 64
68 64
69 65
70 66
71 66
72 67
73 67
74 68
75 68
76 69
77 69
78 70
79 70
80 71
81 71
82 72
83 72
84 73
85 73
86 74
87 74
88 75
89 75
90 76
91 76
92 77
93 78
94 78
95 79
96 80
97 80
98 81
99 82
100 82
101 83
102 84
103 85
104 86
105 86
106 87
107 88
108 89
109 90
110 91
111 92
112 93
113 94
114 95
115 96
116 96
117 97
118 98
119 99
120 100
121 101
122 102
123 103
124 104
124 105
125 106
126 107
127 108
128 109
129 110
130 111
131 112
132 113
133 114
134 115
135 116
136 117
137 118
138 119
139 120
140 121
141 122
141 123
142 124
143 125
144 126
145 127
146 128
147 129
148 130
149 131
150 132
151 133
152 134
153 135
154 136
154 137
155 138
156 139
157 140
158 141
159 142
160 143
161 144
162 145
163 146
164 147
165 148
166 148
167 149
168 150
169 151
170 152
171 153
172 153
173 154
174 155
175 156
176 156
177 157
178 157
179 158
180 158
181 159
182 159
183 160
184 160
185 161
186 161
187 161
188 162
189 162
190 162
191 163
192 163
193 163
194 164
195 164
196 164
197 164
198 165
199 165
200 165
201 165
202 166
203 166
204 166
205 166
206 167
207 167
208 167
209 168
210 168
211 168
212 168
213 169
214 169
215 169
216 170
217 170
218 170
219 171
220 171
221 171
222 171
223 172
224 172
225 172
226 173
227 173
228 173
229 173
230 173
231 174
232 174
233 174
234 174
235 174
236 175
237 175
238 175
239 175
240 175
241 175
242 175
243 175
244 176
245 176
246 176
247 176
248 176
249 176
250 176
251 176
252 176
253 176
254 176
255 177
256 177
257 177
258 177
259 177
260 177
261 177
262 177
263 177
264 177
265 178
266 178
267 178
268 178
269 178
270 178
271 178
272 178
273 178
274 179
275 179
276 179
277 179
278 179
279 179
280 179
281 179
282 179
283 179
284 179
285 179
286 179
287 179
288 179
289 179
290 179
291 179
292 179
293 179
294 178
295 178
296 178
297 178
298 177
299 177
300 177
301 176
302 176
303 176
304 175
305 175
306 174
307 173
308 173
309 172
310 171
311 170
312 170
313 169
314 168
315 167
316 166
317 165
318 164
318 163
319 162
320 161
321 160
322 159
323 158
324 157
324 156
325 155
326 154
327 153
328 152
329 151
329 150
330 149
331 148
332 147
333 146
333 145
334 144
335 143
336 142
337 141
338 140
339 139
339 138
340 137
341 136
342 135
343 134
344 133
345 132
346 132
347 131
348 130
349 129
350 128
351 128
352 127
353 127
354 126
355 126
356 125
357 125
358 125
359 124
360 124
361 124
362 124
363 124
364 124
365 124
366 124
367 124
368 124
369 124
370 124
371 124
372 124
373 124
374 124
375 125
376 125
377 125
378 125
379 125
380 126
381 126
382 126
383 126
384 126
385 126
386 127
387 127
388 127
389 127
390 128
391 128
392 128
393 128
394 129
395 129
396 129
397 129
398 130
399 130
400 130
401 131
402 131
403 132
404 132
405 133
406 133
407 134
408 134
409 135
410 135
411 136
412 137
413 137
414 138
415 138
416 139
417 140
418 140
419 141
420 142
421 142
422 143
423 144
424 144
425 145
426 146
427 146
428 147
429 148
430 148
431 149
432 149
433 150
434 150
435 150
436 151
437 151
438 152
439 152
440 152
441 152
442 152
443 152
444 152
445 152
446 152
447 152
448 151
449 151
450 150
451 150
452 149
453 149
454 148
455 147
456 147
457 146
458 145
459 144
460 143
461 142
462 142
463 141
464 140
465 139
466 138
467 137
468 136
469 135
470 134
471 133
472 132
473 131
474 130
475 129
476 128
477 127
478 127
479 126
480 125
481 124
482 123
483 122
484 121
485 120
486 120
