45 91
46 91
47 92
48 92
49 93
50 93
51 94
52 94
53 95
54 95
55 95
56 96
57 96
58 97
59 97
60 98
61 98
62 98
63 99
64 99
65 100
66 100
67 101
68 101
69 101
70 102
71 102
72 103
73 103
74 103
75 104
76 104
77 105
78 105
79 105
80 106
81 106
82 107
83 107
84 107
85 108
86 108
87 109
88 109
89 109
90 110
91 110
92 111
93 111
94 112
95 112
96 112
97 113
98 113
99 114
100 114
101 115
102 115
103 116
104 116
105 117
106 117
107 118
108 118
109 119
110 119
111 119
112 120
113 120
114 121
115 121
116 122
117 122
118 122
119 123
120 123
121 123
122 124
123 124
124 124
125 125
126 125
127 125
128 126
129 126
130 126
131 126
132 127
133 127
134 127
135 127
136 128
137 128
138 128
139 128
140 128
141 128
142 129
143 129
144 129
145 129
146 129
147 129
148 129
149 130
150 130
151 130
152 130
153 130
154 130
155 130
156 130
157 131
158 131
159 131
160 131
161 131
162 131
163 131
164 131
165 132
166 132
167 132
168 132
169 132
170 132
171 132
172 132
173 133
174 133
175 133
176 133
177 133
178 133
179 133
180 133
181 133
182 133
183 134
184 134
185 134
186 134
187 134
188 134
189 134
190 134
191 134
192 134
193 134
194 134
195 134
196 134
197 134
198 134
199 134
200 134
201 134
202 134
203 134
204 134
205 134
206 134
207 134
208 134
209 134
210 134
211 134
212 134
213 135
214 135
215 135
216 135
217 135
218 136
219 136
220 136
221 137
222 137
223 138
224 138
225 139
226 140
227 140
228 141
229 141
230 142
231 143
232 143
233 144
234 145
235 145
236 146
237 147
238 147
239 148
240 149
241 149
242 150
243 150
244 150
245 151
246 151
247 152
248 152
249 152
250 152
251 153
252 153
253 153
254 153
255 153
256 153
257 154
258 154
259 154
260 154
261 154
262 154
263 154
264 154
265 154
266 154
267 154
268 154
269 154
270 154
271 155
272 155
273 155
274 155
275 155
276 155
277 155
278 155
279 155
280 155
281 155
282 156
283 156
284 156
285 156
286 156
287 156
288 156
289 156
290 156
291 156
292 156
293 157
294 157
295 157
296 157
297 157
298 157
299 157
300 157
301 157
302 157
303 157
304 157
305 157
306 157
307 157
308 157
309 157
310 157
311 157
312 157
313 157
314 157
315 157
316 157
317 157
318 157
319 157
320 157
321 157
322 157
323 157
324 157
325 157
326 157
327 156
328 156
329 156
330 156
331 156
332 155
333 155
334 155
335 154
336 153
337 153
338 152
339 151
340 150
341 149
342 148
343 147
343 146
344 145
345 144
346 143
346 142
347 141
348 140
348 139
349 138
349 137
350 136
351 135
351 134
352 133
353 132
353 131
354 130
355 129
355 128
356 127
357 126
358 125
359 124
360 123
361 122
362 121
363 121
364 120
365 120
366 120
367 120
368 120
369 120
370 121
371 121
372 122
373 122
374 123
375 124
376 124
377 125
378 126
379 126
380 127
381 128
382 128
383 128
384 129
385 129
386 129
387 129
388 129
389 129
390 129
391 129
392 129
393 129
394 129
395 128
396 128
397 128
398 128
399 127
400 127
401 127
402 127
403 126
404 126
405 126
406 126
407 125
408 125
409 125
410 125
411 125
412 124
413 124
414 124
415 124
416 124
417 124
418 123
419 123
420 123
421 123
422 123
423 123
424 123
425 122
426 122
427 122
428 122
429 122
430 122
431 122
432 122
433 122
434 122
435 122
436 122
437 122
438 122
439 122
440 122
441 122
442 122
443 122
444 122
445 122
446 122
447 123
448 123
449 123
450 123
451 123
452 123
453 123
454 123
455 123
456 123
457 123
458 123
459 123
460 123
461 123
462 123
463 123
464 123
465 124
466 124
467 124
468 124
469 124
470 124
471 124
472 124
473 124
474 124
475 124
476 124
477 124
478 124
479 124
480 124
481 125
482 125
483 125
484 125
485 125
486 125
487 125
488 126
489 126
490 126
491 126
492 126
493 127
494 127
495 127
496 127
497 127
498 128
499 128
500 128
501 129
502 129
503 129
504 130
505 130
506 130
507 131
508 131
509 131
510 132
511 132
512 132
513 133
514 133
515 134
516 134
517 134
518 135
519 135
520 136
521 136
522 137
523 137
524 138
525 138
526 139
527 139
528 140
529 140
530 141
531 141
532 142
533 143
534 143
535 144
536 144
537 145
538 146
539 146
540 147
541 147
542 148
543 149
544 150
545 150
546 151
547 152
548 152
549 153
550 154
551 154
552 155
553 156
554 157
555 157
556 158
557 159
558 160
559 160
560 161
561 162
562 163
563 163
564 164
565 165
566 166
567 166
568 167
569 168
570 169
571 169
572 170
573 171
574 171
575 172
576 173
577 174
578 174
579 175
580 176
581 177
582 177
583 178
584 179
585 179
586 180
587 181
588 181
589 182
590 183
591 183
592 184
593 185
594 185
595 186
596 186
597 187
598 188
599 188
600 189
601 189
602 190
603 190
604 190
605 191
606 191
607 191
608 191
609 192
610 192
611 192
612 192
613 192
614 192
615 192
616 191
617 191
618 191
619 191
620 190
621 190
622 190
623 189
624 189
625 189
626 188
627 188
628 187
629 187
630 186
631 186
632 185
633 185
634 184
635 183
636 183
637 182
638 182
639 181
640 181
641 180
642 180
643 179
644 178
645 178
646 177
647 177
648 176
649 176
650 175
651 175
652 174
653 174
654 173
655 173
656 172
657 172
658 171
659 171
660 170
661 170
662 169
663 169
664 168
665 168
666 167
667 167
668 166
669 166
670 166
671 165
672 165
673 164
674 164
675 163
676 163
677 163
678 162
679 162
680 161
681 161
682 161
683 160
684 160
685 160
686 159
687 159
688 158
689 158
690 158
691 157
692 157
693 157
694 156
695 156
696 156
697 155
698 155
699 155
700 154
701 154
702 154
703 154
704 153
705 153
706 153
707 152
708 152
709 152
710 151
711 151
712 151
713 151
714 150
715 150
716 150
717 150
718 149
719 149
720 149
721 149
722 149
723 148
724 148
725 148
726 148
727 147
728 147
729 147
730 147
731 147
732 147
733 146
734 146
735 146
736 146
737 146
738 145
739 145
740 145
741 145
742 145
743 145
744 144
745 144
746 144
747 144
748 144
749 144
750 143
751 143
752 143
753 143
754 142
755 142
756 142
757 142
758 141
759 141
760 141
761 141
762 140
763 140
764 139
765 139
766 139
767 138
768 138
769 137
770 137
771 136
772 136
773 135
774 135
775 134
776 134
777 133
778 132
779 132
780 131
781 131
782 130
783 129
784 129
785 128
786 127
787 126
788 126
789 125
790 124
791 124
792 123
793 122
794 122
795 121
796 120
797 119
798 119
