32 56
33 57
33 58
34 59
35 60
35 61
36 62
37 63
37 64
38 65
39 66
39 67
40 68
41 69
42 70
42 71
43 72
44 73
45 74
46 75
46 76
47 77
48 78
49 79
50 80
51 81
52 82
53 83
54 84
55 84
56 85
57 86
58 87
59 87
60 88
61 89
62 89
63 90
64 91
65 91
66 92
67 92
68 93
69 93
70 94
71 94
72 95
73 95
74 96
75 96
76 96
77 97
78 97
79 97
80 98
81 98
82 98
83 99
84 99
85 99
86 99
87 100
88 100
89 100
90 100
91 100
92 101
93 101
94 101
95 101
96 101
97 101
98 101
99 101
100 101
101 101
102 101
103 101
104 101
105 101
106 100
107 100
108 100
109 100
110 100
111 99
112 99
113 99
114 98
115 98
116 97
117 97
118 97
119 96
120 96
121 95
122 95
123 94
124 94
125 93
126 93
127 93
128 92
129 92
130 91
131 91
132 91
133 90
134 90
135 90
136 90
137 90
138 90
139 90
140 90
141 90
142 90
143 90
144 90
145 90
146 90
147 91
148 91
149 91
150 92
151 92
152 92
153 93
154 93
155 94
156 94
157 95
158 95
159 96
160 97
161 97
162 98
163 99
164 100
165 100
166 101
167 102
168 103
169 103
170 104
171 105
172 105
173 106
174 107
175 107
176 108
177 108
178 109
179 109
180 109
181 109
182 110
183 110
184 110
185 110
186 110
187 109
188 109
189 109
190 109
191 109
192 108
193 108
194 108
195 107
196 107
197 107
198 107
199 106
200 106
201 105
202 105
203 105
204 104
205 104
206 103
207 103
208 103
209 102
210 102
211 101
212 101
213 100
214 100
215 100
216 99
217 99
218 98
219 98
220 97
221 97
222 96
223 96
224 95
225 95
226 94
227 94
228 93
229 92
230 92
231 91
232 91
233 90
234 90
235 89
236 89
237 88
238 88
239 87
240 86
241 86
242 85
243 85
244 84
245 84
246 83
247 83
248 82
249 82
250 81
251 81
252 81
253 80
254 80
255 80
256 80
257 80
258 80
259 80
260 80
261 80
262 80
263 80
264 80
265 80
266 81
267 81
268 81
269 82
270 82
271 83
272 83
273 84
274 85
275 85
276 86
277 87
278 88
279 89
280 90
281 91
282 92
283 93
283 94
284 95
285 96
286 97
286 98
287 99
288 100
288 101
289 102
289 103
290 104
291 105
291 106
292 107
292 108
293 109
294 110
294 111
295 112
295 113
296 114
296 115
297 116
298 117
298 118
299 119
299 120
300 121
300 122
301 123
302 124
302 125
303 126
304 127
304 128
305 129
306 130
306 131
307 132
308 133
309 134
310 135
310 136
311 137
312 138
313 139
314 140
315 140
316 141
317 142
318 143
319 143
320 144
321 145
322 145
323 146
324 146
325 146
326 147
327 147
328 147
329 148
330 148
331 148
332 148
333 148
334 148
335 148
336 148
337 148
338 148
339 148
340 148
341 148
342 148
343 148
344 147
345 147
346 147
347 146
348 146
349 146
350 145
351 145
352 144
353 144
354 143
355 143
356 142
357 142
358 141
359 141
360 140
361 139
362 139
363 138
364 137
365 137
366 136
367 135
368 135
369 134
370 133
371 133
372 132
373 132
374 131
375 130
376 130
377 129
378 129
379 128
380 128
381 128
382 127
383 127
384 127
385 127
386 126
387 126
388 126
389 126
390 127
391 127
392 127
393 127
394 127
395 128
396 128
397 128
398 129
399 129
400 130
401 130
402 131
403 132
404 132
405 133
406 134
407 134
408 135
409 136
410 137
411 138
412 139
413 139
414 140
415 141
416 142
417 143
418 144
419 145
420 146
420 147
421 148
422 149
423 150
424 151
425 152
426 153
427 154
427 155
428 156
429 157
430 158
431 159
431 160
432 161
433 162
434 163
434 164
435 165
436 166
436 167
437 168
438 169
439 170
439 171
440 172
441 173
441 174
