9 48
10 49
11 50
12 51
13 52
14 53
15 54
16 55
17 56
18 57
19 58
19 59
20 60
21 61
22 62
23 63
24 64
25 65
26 66
27 67
27 68
28 69
29 70
30 71
31 72
32 73
33 74
34 75
34 76
35 77
36 78
37 79
38 80
39 81
40 82
41 83
41 84
42 85
43 86
44 87
45 88
46 89
47 90
47 91
48 92
49 93
50 94
51 95
52 96
53 97
53 98
54 99
55 100
56 101
57 102
58 103
59 104
59 105
60 106
61 107
62 108
63 109
64 110
65 111
66 112
66 113
67 114
68 115
69 116
70 117
71 118
72 119
73 120
74 121
75 122
76 123
76 124
77 125
78 126
79 127
80 128
81 129
82 130
83 131
84 132
85 133
86 134
87 135
88 136
89 137
90 138
91 139
92 140
93 141
94 142
95 143
96 144
97 145
98 146
99 147
100 148
101 149
102 150
103 151
104 151
105 152
106 153
107 154
108 155
109 156
110 157
111 158
112 158
113 159
114 160
115 161
116 162
117 163
118 163
119 164
120 165
121 166
122 167
123 167
124 168
125 169
126 170
127 170
128 171
129 172
130 172
131 173
132 174
133 175
134 175
135 176
136 177
137 177
138 178
139 179
140 179
141 180
142 181
143 182
144 182
145 183
146 184
147 184
148 185
149 186
150 187
151 187
152 188
153 189
154 190
155 191
156 191
157 192
158 193
159 194
160 195
161 196
162 196
163 197
164 198
165 199
166 199
167 200
168 201
169 201
170 202
171 202
172 202
173 203
174 203
175 203
176 203
177 203
178 203
179 203
180 203
181 203
182 202
183 202
184 202
185 201
186 201
187 200
188 200
189 199
190 199
191 198
192 198
193 197
194 196
195 196
196 195
197 194
198 194
199 193
200 193
201 192
202 192
203 191
204 191
205 190
206 190
207 190
208 189
209 189
210 189
211 189
212 188
213 188
214 188
215 188
216 188
217 188
218 188
219 187
220 187
221 187
222 187
223 187
224 187
225 187
226 186
227 186
228 186
229 186
230 185
231 185
232 185
233 185
234 184
235 184
236 184
237 184
238 183
239 183
240 183
241 182
242 182
243 182
244 181
245 181
246 180
247 180
248 180
249 179
250 179
251 179
252 178
253 178
254 177
255 177
256 177
257 176
258 176
259 176
260 176
261 175
262 175
263 175
264 175
265 174
266 174
267 174
268 174
269 174
270 174
271 174
272 174
273 174
274 174
275 174
276 174
277 174
278 174
279 174
280 174
281 175
282 175
283 175
284 175
285 175
286 175
287 175
288 175
289 175
290 175
291 175
292 175
293 174
294 174
295 174
296 174
297 174
298 173
299 173
300 173
301 173
302 172
303 172
304 172
305 171
306 171
307 171
308 170
309 170
310 170
311 170
312 169
313 169
314 169
315 169
316 169
317 169
318 169
319 169
320 169
321 169
322 169
323 169
324 170
325 170
326 170
327 171
328 171
329 172
330 172
331 173
332 174
333 174
334 175
335 176
336 177
337 178
337 179
338 180
339 181
340 182
341 183
341 184
342 185
343 186
344 187
344 188
345 189
346 190
347 191
348 192
348 193
349 194
350 195
351 196
352 197
353 198
354 199
355 200
356 201
357 202
358 202
359 203
360 204
361 204
362 205
363 206
364 206
365 207
366 207
367 208
368 208
369 208
370 209
371 209
372 209
373 210
374 210
375 210
376 211
377 211
378 211
379 211
380 211
381 212
382 212
383 212
384 212
385 212
386 212
387 213
388 213
