34 77
35 78
36 78
37 79
38 80
39 81
40 82
41 83
42 84
43 85
44 86
45 87
46 88
47 89
48 90
49 90
50 91
51 92
52 93
53 94
54 95
55 95
56 96
57 97
58 98
59 99
60 99
61 100
62 101
63 101
64 102
65 103
66 103
67 104
68 104
69 105
70 105
71 106
72 106
73 107
74 107
75 107
76 108
77 108
78 108
79 109
80 109
81 109
82 110
83 110
84 110
85 111
86 111
87 111
88 111
89 112
90 112
91 112
92 113
93 113
94 113
95 114
96 114
97 115
98 115
99 116
100 116
101 117
102 117
103 118
104 118
105 119
106 119
107 120
108 120
109 121
110 121
111 122
112 122
113 123
114 123
115 124
116 124
117 125
118 125
119 126
120 126
121 126
122 126
123 127
124 127
125 127
126 127
127 127
128 127
129 127
130 127
131 127
132 127
133 127
134 127
135 127
136 127
137 126
138 126
139 126
140 126
141 125
142 125
143 124
144 124
145 123
146 123
147 122
148 121
149 121
150 120
151 119
152 118
153 117
154 117
155 116
156 115
157 114
158 113
159 112
160 111
161 110
162 109
163 108
164 107
165 106
166 105
167 104
168 103
169 102
170 102
171 101
172 101
173 101
174 101
175 101
176 101
177 101
178 102
179 103
180 104
181 105
181 106
182 107
183 108
183 109
184 110
184 111
185 112
185 113
186 114
186 115
187 116
187 117
188 118
188 119
189 120
190 121
190 122
191 123
192 124
192 125
193 126
194 127
195 128
196 129
197 130
198 131
199 131
200 131
201 132
202 132
203 131
204 131
205 130
206 130
207 129
208 128
209 128
210 127
211 126
212 125
213 124
214 124
215 123
216 122
217 122
218 121
219 121
220 120
221 120
222 120
223 120
224 120
225 120
226 120
227 121
228 121
229 122
230 122
231 123
232 124
233 125
234 125
235 126
236 127
237 127
238 128
239 128
240 129
241 128
242 128
243 128
244 127
245 127
246 126
247 125
248 124
249 123
250 122
251 121
252 120
253 119
254 118
255 117
256 116
257 115
258 114
259 113
260 112
261 111
262 110
263 109
264 108
265 108
266 107
267 106
268 105
269 104
270 103
271 102
272 101
273 100
274 100
275 99
276 98
277 97
278 96
279 95
280 95
281 94
282 93
283 92
284 92
285 91
286 90
287 89
288 89
289 88
290 87
291 87
292 86
293 86
294 85
295 84
296 84
297 83
298 83
299 82
300 82
301 81
302 81
303 80
304 80
305 79
306 79
307 78
308 78
309 77
310 77
311 76
312 76
313 75
314 75
315 75
316 74
317 74
318 73
319 73
320 73
321 72
322 72
323 72
324 71
325 71
326 71
327 71
328 70
329 70
330 70
331 70
332 69
333 69
334 69
335 69
336 69
337 69
338 69
339 68
340 68
341 68
342 68
343 68
344 68
345 68
346 68
347 68
348 68
349 68
350 69
351 69
352 69
353 69
354 69
355 69
356 69
357 69
358 70
359 70
360 70
361 70
362 70
363 71
364 71
365 71
366 71
367 72
368 72
369 72
370 72
371 73
372 73
373 73
374 73
375 74
376 74
