8 29
9 30
9 31
10 32
11 33
12 34
12 35
13 36
14 37
15 38
16 39
16 40
17 41
18 42
19 43
20 44
20 45
21 46
22 47
23 48
24 49
25 50
26 51
27 52
27 53
28 54
29 55
30 56
31 57
32 58
33 59
34 60
35 61
36 62
37 63
38 64
39 65
40 66
41 67
42 68
42 69
43 70
44 71
45 72
46 73
47 74
48 75
49 76
49 77
50 78
51 79
52 80
53 81
53 82
54 83
55 84
56 85
56 86
57 87
58 88
59 89
60 90
60 91
61 92
62 93
63 94
63 95
64 96
65 97
66 98
67 99
67 100
68 101
69 102
70 103
71 104
72 105
72 106
73 107
74 108
75 109
76 110
77 110
78 111
79 112
80 113
81 113
82 114
83 114
84 114
85 114
86 114
87 115
88 115
89 115
90 115
91 115
92 115
93 116
94 116
95 116
96 117
97 117
98 117
99 118
100 118
101 119
102 119
103 119
104 120
105 120
106 120
107 120
108 121
109 121
110 121
111 121
112 121
113 122
114 122
115 122
116 122
117 122
118 122
119 122
120 121
121 121
122 121
123 121
124 120
125 120
126 119
127 119
128 118
129 117
130 117
131 116
132 115
133 114
134 113
135 113
136 112
137 111
138 110
139 109
140 108
140 107
141 106
142 105
143 104
144 103
145 102
146 101
146 100
147 99
148 98
149 97
150 96
151 95
152 94
152 93
153 92
154 91
155 90
156 89
157 88
158 87
159 86
160 85
161 84
162 84
163 83
164 82
165 81
166 81
167 80
168 80
169 79
170 79
171 78
172 78
173 78
174 78
175 77
176 77
177 77
178 77
179 77
180 77
181 78
182 78
183 78
184 78
185 79
186 79
187 79
188 80
189 80
190 81
191 81
192 82
193 82
194 83
195 83
196 84
197 84
198 85
199 86
200 86
201 87
202 88
203 88
204 89
205 90
206 90
207 91
208 92
209 93
210 93
211 94
212 95
213 95
214 96
215 97
216 97
217 98
218 99
219 99
220 100
221 101
222 101
223 101
224 102
225 102
226 101
227 101
228 101
229 100
230 100
231 99
232 98
233 98
234 97
235 97
236 96
237 95
238 95
239 94
240 94
241 94
242 93
243 93
244 93
245 92
246 92
247 92
248 92
249 92
250 91
251 91
252 91
253 91
254 91
255 91
256 91
257 92
258 92
259 92
260 92
261 92
262 92
263 93
264 93
265 93
266 93
267 94
268 94
269 94
270 94
271 94
272 95
273 95
274 95
275 95
276 95
277 95
278 96
279 96
280 96
281 96
282 96
283 96
284 96
285 96
286 96
287 96
288 96
289 96
290 96
291 96
292 96
293 95
294 95
295 95
296 95
297 95
298 95
299 94
300 94
301 94
302 94
303 94
304 93
305 93
306 93
307 93
308 92
309 92
310 92
311 92
312 91
313 91
314 91
315 91
316 90
317 90
318 90
319 90
320 90
321 89
322 89
323 89
324 89
325 89
326 89
327 88
328 88
329 88
330 88
331 88
332 88
333 88
334 88
335 88
336 88
337 88
338 88
339 88
340 89
341 89
342 89
343 89
344 89
345 89
346 90
347 90
348 90
349 90
350 91
351 91
352 91
353 92
354 92
355 92
356 92
357 93
358 93
359 93
360 94
361 94
362 94
363 95
364 95
365 95
366 95
367 96
368 96
369 96
370 96
371 97
372 97
373 97
374 97
375 97
376 98
377 98
378 98
379 98
380 98
381 97
382 97
383 97
384 97
385 96
386 96
387 96
388 95
389 95
390 94
391 93
392 93
393 92
394 91
395 90
396 89
397 88
398 87
399 86
400 85
401 84
402 83
403 82
404 81
404 80
405 79
406 78
407 77
408 76
408 75
409 74
410 73
411 72
411 71
412 70
413 69
413 68
414 67
415 67
