48 30
49 30
50 30
51 31
52 31
53 32
54 32
55 33
56 33
57 34
58 34
59 35
60 36
61 36
62 37
63 37
64 38
65 39
66 39
67 40
68 41
69 41
70 42
71 43
72 44
73 45
74 45
75 46
76 47
77 48
78 49
78 50
79 51
80 52
81 53
82 54
83 55
83 56
84 57
85 58
85 59
86 60
87 61
88 62
88 63
89 64
90 65
90 66
91 67
92 68
92 69
93 70
93 71
94 72
95 73
96 74
96 75
97 76
98 77
98 78
99 79
100 80
101 81
101 82
102 83
103 84
104 85
105 86
106 87
107 88
108 89
109 90
110 91
111 92
112 93
113 93
114 94
115 95
116 96
117 96
118 97
119 97
120 98
121 98
122 99
123 99
124 100
125 100
126 101
127 101
128 101
129 102
130 102
131 102
132 103
133 103
134 103
135 104
136 104
137 104
138 104
139 105
140 105
141 105
142 106
143 106
144 107
145 107
146 107
147 108
148 108
149 109
150 109
151 110
152 110
153 111
154 111
155 112
156 112
157 113
158 113
159 113
160 114
161 114
162 114
163 115
164 115
165 115
166 115
167 115
168 115
169 115
170 115
171 115
172 114
173 114
174 114
175 114
176 113
177 113
178 113
179 112
180 112
181 112
182 112
183 111
184 111
185 111
186 111
187 111
188 110
189 110
190 110
191 110
192 110
193 110
194 110
195 110
196 110
197 110
198 110
199 110
200 110
201 110
202 110
203 110
204 111
205 111
206 111
207 111
208 112
209 112
210 113
211 113
212 114
213 114
214 115
215 116
216 117
217 117
218 118
219 119
220 120
221 121
222 122
223 123
224 124
225 125
226 126
227 127
227 128
228 129
229 130
230 131
230 132
231 133
232 134
233 135
233 136
234 137
235 138
235 139
236 140
237 141
237 142
238 143
239 144
239 145
240 146
241 147
241 148
242 149
243 150
243 151
244 152
244 153
245 154
246 155
246 156
247 157
248 158
248 159
249 160
249 161
250 162
251 163
251 164
252 165
252 166
253 167
253 168
254 169
255 170
255 171
256 172
257 173
257 174
258 175
258 176
259 177
260 178
260 179
261 180
262 181
262 182
263 183
264 184
264 185
265 186
266 187
266 188
267 189
268 190
269 191
270 192
270 193
271 194
272 195
273 196
274 197
275 197
276 198
277 199
278 200
279 200
280 201
281 201
282 202
283 202
284 202
285 202
286 202
287 202
288 202
289 202
290 201
291 201
292 200
293 199
294 199
295 198
296 197
297 196
298 195
299 194
300 193
301 192
302 191
303 190
303 189
304 188
305 187
306 186
307 185
307 184
308 183
309 182
309 181
310 180
311 179
312 178
312 177
313 176
314 175
315 174
315 173
316 172
317 171
318 170
319 169
320 168
321 167
322 166
323 165
324 164
325 163
326 163
327 163
328 162
329 162
330 162
331 162
332 163
333 163
334 164
335 164
336 165
337 166
338 167
339 168
340 169
340 170
341 171
342 172
343 173
344 174
344 175
345 176
346 177
347 178
347 179
348 180
349 181
350 182
351 183
352 184
353 185
354 186
355 187
356 187
357 188
358 189
359 189
360 190
361 190
362 190
363 190
364 190
365 190
366 190
367 190
368 190
369 189
370 189
371 189
372 188
373 188
374 187
375 186
376 186
377 185
378 185
379 184
380 183
381 183
382 182
383 182
384 181
385 180
386 180
387 179
388 178
389 178
390 177
391 176
392 176
393 175
394 175
395 174
396 174
397 173
398 172
399 172
400 171
401 171
402 170
403 170
404 169
405 169
406 168
407 167
408 167
409 166
410 166
411 165
412 165
413 164
414 164
415 163
416 163
417 162
418 162
419 162
420 161
421 161
422 160
423 160
424 159
425 159
426 158
427 158
428 158
429 157
430 157
431 156
432 156
433 155
434 155
435 155
436 154
437 154
438 154
439 153
440 153
441 152
442 152
443 152
444 151
445 151
446 151
447 150
448 150
449 150
450 149
451 149
452 149
453 148
454 148
455 148
456 148
457 147
458 147
459 147
460 146
461 146
462 146
463 145
464 145
465 145
466 145
467 144
468 144
469 144
470 143
471 143
472 143
473 143
474 142
475 142
476 142
477 142
478 141
479 141
480 141
481 140
482 140
483 140
484 140
485 139
486 139
487 139
488 139
489 138
490 138
491 138
492 138
493 137
494 137
495 137
496 137
497 136
498 136
499 136
500 136
501 135
502 135
503 135
504 135
505 134
506 134
507 134
508 134
509 133
510 133
511 133
512 133
513 133
514 132
515 132
516 132
517 132
518 131
519 131
520 131
521 131
522 131
523 130
524 130
525 130
526 130
527 129
528 129
529 129
530 129
531 129
532 128
533 128
534 128
535 128
536 128
537 128
538 128
539 128
540 127
541 127
542 127
543 127
544 127
545 127
546 127
547 127
548 127
549 127
550 127
551 128
552 128
553 128
554 128
555 128
556 129
557 129
558 129
559 130
560 130
561 131
562 131
563 132
564 132
565 133
566 134
567 134
568 135
569 136
570 137
571 138
572 139
573 140
574 141
575 142
576 143
577 144
578 145
579 146
580 147
581 148
581 149
582 150
583 151
584 152
585 153
585 154
586 155
587 156
