9 4
9 5
10 6
10 7
10 8
11 9
11 10
12 11
12 12
13 13
13 14
13 15
14 16
14 17
15 18
15 19
16 20
16 21
16 22
17 23
17 24
18 25
18 26
19 27
19 28
20 29
20 30
21 31
21 32
22 33
23 34
23 35
24 36
24 37
25 38
26 39
26 40
27 41
28 42
28 43
29 44
30 45
30 46
31 47
32 48
33 49
33 50
34 51
35 52
35 53
36 54
37 55
37 56
38 57
39 58
39 59
40 60
40 61
41 62
42 63
42 64
43 65
43 66
44 67
45 68
46 69
46 70
47 71
48 72
49 73
50 74
51 75
52 76
53 77
54 78
55 79
56 79
57 80
58 81
59 81
60 81
61 82
62 82
63 82
64 83
65 83
66 83
67 83
68 83
69 83
70 83
71 83
72 83
73 83
74 83
75 83
76 83
77 82
78 82
79 82
80 82
81 82
82 82
83 82
84 83
85 83
86 83
87 84
88 84
89 85
90 85
91 86
92 87
93 88
94 89
95 90
96 91
97 92
97 93
98 94
