19 22
20 22
21 23
22 23
23 24
24 24
25 25
26 26
27 26
28 27
29 27
30 28
31 29
32 29
33 30
34 31
35 32
36 33
37 34
38 35
39 36
40 37
41 38
42 39
43 40
44 41
45 42
46 43
46 44
47 45
48 46
49 47
50 48
51 49
52 50
53 51
54 52
55 53
56 54
57 55
58 56
59 57
60 58
61 59
62 60
63 61
64 61
65 62
66 63
67 64
68 64
69 65
70 65
71 66
72 66
73 66
74 66
75 66
76 66
77 65
78 65
79 65
80 64
81 64
82 63
83 62
84 61
85 61
86 60
87 59
88 58
89 58
90 57
91 56
92 55
93 54
94 53
95 52
96 52
97 51
98 50
99 49
100 48
101 47
102 47
103 46
104 45
105 44
106 44
107 43
108 42
109 42
110 41
111 40
112 40
113 39
114 39
115 38
116 38
117 38
118 37
119 37
120 37
121 37
122 37
123 37
124 37
125 37
126 37
127 38
128 38
129 39
130 39
131 40
132 41
133 42
133 43
134 44
135 45
136 46
136 47
137 48
138 49
138 50
139 51
140 52
140 53
141 54
142 55
143 56
143 57
144 58
145 59
146 60
147 61
148 62
149 62
150 63
151 64
152 64
153 65
154 65
155 65
156 65
157 65
158 66
159 66
160 66
161 65
162 65
163 65
164 65
165 64
166 64
167 64
168 63
169 63
170 62
171 62
172 61
173 61
174 60
175 59
176 59
177 58
178 57
179 57
180 56
181 55
182 54
183 54
184 53
185 52
186 52
187 51
188 50
189 50
190 49
191 48
192 48
193 47
194 46
195 46
196 45
197 44
198 44
199 43
200 42
201 42
202 41
203 40
204 40
205 39
206 38
207 38
208 37
209 36
210 36
211 35
212 34
213 34
214 33
215 33
216 32
217 31
218 31
219 30
220 30
221 29
222 29
223 28
224 28
225 27
226 27
227 27
228 26
229 26
230 25
231 25
232 25
233 24
234 24
235 24
236 23
237 23
238 23
239 22
240 22
241 22
242 21
