22 42
23 43
24 44
24 45
25 46
25 47
26 48
26 49
27 50
27 51
28 52
28 53
29 54
30 55
30 56
31 57
31 58
32 59
32 60
33 61
34 62
34 63
35 64
35 65
36 66
37 67
37 68
38 69
39 70
39 71
40 72
41 73
42 74
42 75
43 76
44 77
45 78
46 79
47 79
48 80
49 81
50 82
51 82
52 83
53 84
54 85
55 85
56 86
57 87
58 88
59 89
60 90
61 90
62 91
63 92
64 93
65 93
66 94
67 95
68 95
69 96
70 96
71 97
72 97
73 97
74 98
75 98
76 99
77 99
78 99
79 99
80 100
81 100
82 100
83 101
84 101
85 101
86 101
87 102
88 102
89 102
90 102
91 103
92 103
93 103
94 103
95 103
96 103
97 104
98 104
99 104
100 104
101 104
102 104
103 104
104 104
105 104
106 104
107 103
108 103
109 103
110 103
111 102
112 102
113 102
114 101
115 101
116 100
117 100
118 99
119 99
120 98
121 98
122 97
123 97
124 96
125 95
126 95
127 94
128 93
129 92
130 92
131 91
132 90
133 90
134 89
135 88
136 88
137 87
138 86
139 86
140 85
141 85
142 84
143 84
144 83
145 83
146 82
147 82
148 81
149 81
150 81
151 80
152 80
153 80
154 80
155 80
156 79
157 79
158 79
159 79
160 79
161 79
162 79
163 79
164 80
165 80
166 80
167 80
168 81
169 81
170 81
171 82
172 83
173 83
174 84
175 84
176 85
177 86
178 87
179 88
180 89
181 90
182 91
183 92
184 93
185 94
186 95
187 96
188 97
189 98
190 99
191 100
192 101
193 102
194 103
195 104
196 105
197 106
198 107
199 108
200 109
201 109
202 110
203 111
204 111
205 112
206 112
207 113
208 113
209 114
210 114
211 114
212 115
213 115
214 115
215 115
216 115
217 115
218 115
219 115
220 115
221 115
222 115
223 115
224 115
225 114
226 114
227 114
228 114
229 113
230 113
231 113
232 113
233 112
234 112
235 112
236 111
237 111
238 110
239 110
240 110
241 109
242 109
243 108
244 108
245 107
246 107
247 106
248 106
249 105
250 105
251 104
252 103
253 103
254 102
255 102
256 101
257 101
258 100
259 99
260 99
261 98
262 98
263 97
264 97
265 96
266 95
267 95
268 94
269 94
270 93
271 93
272 92
273 92
274 91
275 91
276 90
277 90
278 89
279 89
280 88
281 88
282 88
283 87
284 87
285 87
286 86
287 86
288 86
289 86
290 86
291 86
292 86
293 86
294 86
295 86
296 86
297 86
298 87
299 87
300 88
301 88
302 89
303 90
304 91
305 91
306 92
307 93
308 94
309 95
310 96
311 97
312 98
313 98
314 99
315 100
316 101
317 102
318 103
319 103
320 104
321 105
322 106
323 107
324 108
325 109
326 110
327 111
328 112
329 113
330 113
331 114
332 115
333 115
334 116
335 117
336 117
337 118
338 118
339 119
340 119
341 120
342 120
343 121
344 121
345 122
346 122
347 123
348 123
349 124
350 124
351 125
352 125
353 126
354 126
355 127
356 127
357 128
358 128
359 129
360 129
361 130
362 130
363 131
364 131
365 132
366 132
367 133
368 133
369 134
370 134
371 135
372 135
373 136
374 136
375 137
376 137
377 138
378 139
