17 1
18 1
19 2
20 3
20 4
21 5
22 6
23 7
24 8
25 9
25 10
26 11
27 12
28 13
29 14
29 15
30 16
31 17
32 18
33 19
33 20
34 21
35 22
36 23
37 24
37 25
38 26
39 27
40 28
40 29
41 30
42 31
43 32
43 33
44 34
45 35
45 36
46 37
47 38
48 39
48 40
49 41
50 42
50 43
51 44
52 45
53 46
53 47
54 48
55 49
55 50
56 51
57 52
58 53
58 54
59 55
60 56
61 57
61 58
62 59
63 60
64 61
64 62
65 63
66 64
67 65
67 66
68 67
69 68
70 69
71 70
71 71
72 72
73 73
74 74
74 75
75 76
76 77
77 78
77 79
78 80
79 81
80 82
81 83
81 84
82 85
83 86
83 87
84 88
85 89
86 90
86 91
87 92
88 93
88 94
89 95
90 96
90 97
91 98
92 99
92 100
93 101
94 102
94 103
95 104
96 105
97 106
97 107
98 108
99 109
100 110
101 111
102 112
103 113
104 114
105 115
106 116
107 117
108 117
109 118
110 118
111 119
112 119
113 120
114 120
115 120
116 120
117 121
118 121
119 121
120 121
121 121
122 120
123 120
124 120
125 120
126 120
127 120
128 120
129 120
130 120
131 120
132 120
133 120
134 121
135 121
136 121
137 121
138 122
139 122
140 122
141 123
142 123
143 123
144 124
145 124
146 124
147 124
148 124
149 125
150 125
151 125
152 125
153 125
154 126
155 126
156 126
157 126
158 127
159 127
160 127
161 127
162 128
163 128
164 128
165 128
166 129
167 129
168 129
169 129
170 129
171 129
172 129
173 129
174 129
175 129
176 129
177 129
178 128
179 128
180 127
181 127
182 126
183 126
184 125
185 125
186 124
187 123
188 122
189 122
190 121
191 120
192 119
193 118
194 118
195 117
196 116
197 115
198 114
199 113
200 112
201 111
202 110
203 109
204 109
205 108
206 107
207 106
208 105
209 104
210 104
211 103
212 102
213 101
214 101
215 100
216 100
217 99
218 99
219 98
220 98
221 98
222 97
223 97
224 97
225 97
226 97
227 96
228 96
229 96
230 96
231 95
232 95
233 95
234 94
235 94
236 93
237 92
238 92
239 91
240 90
241 89
242 88
243 87
244 87
245 86
246 85
247 84
248 83
249 83
250 82
251 82
252 81
253 81
254 80
255 80
256 80
257 79
258 79
259 79
260 79
261 78
262 78
263 78
264 78
265 78
266 78
267 77
268 77
269 77
270 77
271 77
272 77
273 77
274 77
275 76
276 76
277 76
278 76
279 76
280 77
281 77
282 77
283 77
284 77
285 77
286 77
287 78
288 78
289 78
290 79
291 79
292 80
293 80
294 81
295 81
296 82
297 83
298 83
299 84
300 85
301 85
302 86
303 87
304 88
305 88
306 89
307 90
308 91
309 91
310 92
311 93
312 94
313 94
314 95
315 96
316 96
317 97
318 97
319 98
320 99
321 99
322 100
323 100
324 101
325 101
326 102
327 102
328 102
329 102
330 103
331 103
332 103
333 103
334 103
335 103
336 103
337 103
338 104
339 104
340 104
341 104
342 104
343 105
344 105
345 106
346 106
347 106
348 107
349 107
350 108
351 108
352 109
353 109
354 109
355 110
356 110
357 110
358 110
359 110
360 110
361 110
362 109
363 109
364 109
365 108
366 108
367 107
368 107
369 106
370 106
371 105
372 105
373 105
374 104
375 104
376 104
377 103
378 103
379 103
380 102
381 102
382 102
383 102
384 101
385 101
386 101
387 101
388 100
389 100
390 100
391 100
392 100
393 99
394 99
