21 23
22 24
23 25
23 26
24 27
24 28
25 29
26 30
26 31
27 32
27 33
28 34
29 35
29 36
30 37
30 38
31 39
32 40
32 41
33 42
34 43
34 44
35 45
35 46
36 47
37 48
37 49
38 50
38 51
39 52
40 53
40 54
41 55
42 56
42 57
43 58
43 59
44 60
45 61
45 62
46 63
47 64
47 65
48 66
49 67
49 68
50 69
51 70
51 71
52 72
52 73
53 74
54 75
55 76
55 77
56 78
57 79
57 80
58 81
58 82
59 83
60 84
61 85
61 86
62 87
63 88
63 89
64 90
65 91
65 92
66 93
67 94
67 95
68 96
69 97
70 98
70 99
71 100
72 101
73 102
73 103
74 104
75 105
75 106
76 107
77 108
78 109
79 110
79 111
80 112
81 113
82 114
83 115
83 116
84 117
85 118
86 119
87 120
88 121
89 122
89 123
90 124
91 125
92 126
93 127
94 128
95 129
96 129
97 130
98 131
99 132
100 133
101 134
102 134
103 135
104 135
105 136
106 136
107 137
108 137
109 137
110 137
111 137
112 137
113 137
114 137
115 136
116 136
117 135
118 134
119 133
120 132
121 131
122 130
123 129
124 128
125 127
125 126
126 125
127 124
128 123
128 122
129 121
130 120
130 119
131 118
132 117
132 116
133 115
133 114
134 113
135 112
135 111
136 110
136 109
137 108
138 107
138 106
139 105
139 104
140 103
140 102
141 101
142 100
142 99
143 98
143 97
144 96
145 95
145 94
146 93
146 92
147 91
148 90
148 89
149 88
150 87
150 86
151 85
151 84
152 83
153 82
154 81
154 80
155 79
156 78
156 77
157 76
158 75
159 74
160 73
161 72
162 71
163 70
164 70
165 69
166 69
167 68
168 68
169 68
170 68
171 68
172 68
173 68
174 68
175 68
176 68
177 69
178 69
179 70
180 70
181 71
182 71
183 72
184 73
185 74
186 74
187 75
188 76
189 77
190 77
191 78
192 79
193 80
194 80
195 81
196 82
197 83
198 83
199 84
200 85
201 85
202 86
203 87
204 87
205 88
206 89
207 89
208 90
209 90
210 91
211 91
212 92
213 92
214 93
215 93
216 94
217 94
218 95
219 95
220 96
221 96
222 96
223 97
224 97
225 98
226 98
227 98
228 98
229 99
230 99
231 99
232 99
233 100
234 100
235 100
236 100
237 100
238 100
239 100
240 101
241 101
242 101
243 101
244 100
245 100
246 100
247 100
248 100
249 100
250 100
251 99
252 99
253 99
254 99
255 98
256 98
257 98
258 97
259 97
260 96
261 96
262 95
263 95
264 94
265 94
266 93
267 93
268 93
269 92
270 92
271 91
272 91
273 91
274 91
275 90
276 90
277 90
278 90
279 91
280 91
281 92
282 92
283 93
284 94
285 95
285 96
286 97
287 98
288 99
288 100
289 101
289 102
290 103
291 104
291 105
292 106
292 107
293 108
294 109
294 110
295 111
295 112
296 113
297 114
297 115
298 116
299 117
300 118
300 119
301 120
302 121
303 122
304 123
305 124
306 125
307 125
308 126
309 126
310 127
311 127
312 127
313 127
314 128
315 128
316 128
317 128
318 128
319 128
320 127
321 127
322 127
323 127
324 127
325 127
326 127
327 127
328 127
329 127
330 127
331 127
332 127
333 127
334 127
335 127
336 127
337 127
338 128
339 128
340 128
341 129
342 129
343 130
344 130
345 131
346 131
347 132
348 132
349 133
350 134
351 134
352 135
353 136
354 136
355 137
356 138
357 139
358 139
359 140
360 141
361 142
362 143
363 144
364 145
365 145
366 146
367 147
368 148
369 149
370 150
371 151
372 152
373 153
374 154
375 155
376 156
377 157
378 158
379 159
380 160
381 161
382 162
383 163
384 164
385 165
386 166
387 167
388 168
389 169
390 170
391 171
392 172
393 173
394 174
395 175
396 175
397 176
398 177
399 178
400 178
401 179
402 180
403 180
404 181
405 182
406 182
407 183
408 183
409 184
410 184
411 184
412 185
413 185
414 185
415 186
416 186
417 186
418 187
419 187
420 187
421 188
422 188
423 188
424 188
425 189
426 189
427 189
428 190
429 190
430 191
431 191
432 191
433 192
434 192
435 192
436 193
437 193
438 193
439 194
440 194
441 194
442 195
443 195
444 195
445 196
446 196
447 196
448 196
449 197
450 197
451 197
452 197
453 197
454 198
455 198
456 198
457 198
458 198
459 198
460 198
461 198
462 198
463 198
464 198
465 198
466 198
467 198
468 198
469 198
470 197
471 197
472 197
473 197
474 197
475 196
476 196
477 196
478 195
479 195
480 194
481 194
482 193
483 193
484 192
485 192
486 191
487 191
488 190
489 189
490 189
491 188
492 187
493 186
494 185
495 185
496 184
497 183
498 182
499 181
500 180
501 180
502 179
503 178
504 177
505 176
506 175
507 174
508 173
509 172
510 171
511 171
512 170
513 169
514 168
515 167
516 166
517 165
518 164
519 163
520 163
521 162
522 161
523 160
524 159
525 159
526 158
527 157
528 156
529 156
530 155
531 154
532 154
533 153
534 152
535 152
536 151
537 151
538 150
539 150
540 149
541 149
542 148
543 148
544 147
545 147
546 147
547 146
548 146
549 146
550 145
551 145
552 145
553 145
554 144
555 144
556 144
557 144
558 144
559 144
560 144
561 144
562 143
563 143
564 143
565 143
566 143
567 143
568 143
569 143
570 143
571 143
572 143
573 143
574 144
575 144
576 144
577 144
578 144
579 144
580 144
581 144
582 144
583 144
584 144
585 144
586 144
587 144
588 145
589 145
590 145
591 145
592 145
593 145
594 145
595 145
596 145
597 145
598 145
599 145
600 145
601 145
602 145
603 145
604 145
605 145
606 145
607 146
608 146
609 146
610 146
611 146
612 146
613 146
614 146
615 146
616 146
617 146
618 146
619 146
620 146
621 146
622 146
623 146
624 146
625 146
626 146
627 146
628 146
629 146
630 146
