9 27
10 28
11 29
12 30
13 31
14 32
15 33
16 34
17 35
18 36
19 37
20 37
21 38
22 39
23 40
24 40
25 41
26 41
27 42
28 42
29 42
30 42
31 43
32 43
33 43
34 43
35 43
36 43
37 43
38 42
39 42
40 42
41 41
42 41
43 41
44 40
45 40
46 39
47 39
48 39
49 38
50 38
51 37
52 37
53 36
54 36
55 35
56 35
57 35
58 34
59 34
60 34
61 34
62 34
63 33
64 33
65 33
66 33
67 33
68 34
69 34
70 34
71 34
72 34
73 34
74 35
75 35
76 35
77 35
78 35
79 36
80 36
81 36
82 36
83 36
84 37
85 37
86 37
87 37
88 37
89 37
90 37
91 37
92 38
93 38
94 38
95 38
96 38
97 38
98 38
99 38
100 38
101 38
102 38
103 38
104 38
105 38
106 38
107 38
108 38
109 38
110 37
111 37
112 37
113 37
114 37
115 37
116 37
117 37
118 37
119 37
120 37
121 37
122 37
123 37
124 37
125 37
126 37
127 37
128 37
129 38
130 38
131 38
132 38
133 39
134 39
135 39
136 40
137 40
138 41
139 41
140 42
141 43
142 43
143 44
144 45
145 46
146 47
147 47
148 48
149 49
150 49
151 50
152 50
153 51
154 51
155 52
156 52
157 53
158 53
159 53
160 54
161 54
162 55
163 55
164 55
165 56
166 56
167 56
168 57
169 57
170 57
171 57
172 57
173 58
174 58
175 58
176 58
177 58
178 58
179 58
180 58
181 58
182 58
183 57
184 57
185 57
186 57
187 57
188 56
189 56
190 56
191 55
192 55
193 55
194 54
195 54
196 53
197 53
198 52
199 52
200 51
201 51
202 51
203 50
204 50
205 49
206 49
207 49
208 48
209 48
210 48
211 47
212 47
213 47
214 46
215 46
216 46
217 46
218 46
219 46
220 46
221 45
222 45
223 45
224 45
225 46
226 46
227 46
228 46
229 46
230 46
231 46
232 47
233 47
234 47
235 47
236 48
237 48
238 48
239 49
240 49
241 50
242 50
243 51
244 51
245 52
246 53
247 54
248 55
249 56
249 57
250 58
251 59
252 60
252 61
253 62
254 63
255 64
255 65
256 66
257 67
257 68
258 69
259 70
260 71
261 72
261 73
262 74
263 75
264 76
265 77
266 78
267 79
268 80
269 81
270 82
271 83
