42 38
43 39
44 40
45 40
46 41
47 42
48 43
49 44
50 44
51 45
52 46
53 47
54 48
55 48
56 49
57 50
58 51
59 51
60 52
61 53
62 53
63 54
64 55
65 55
66 56
67 56
68 57
69 57
70 58
71 58
72 59
73 59
74 60
75 60
76 60
77 60
78 61
79 61
80 61
81 61
82 62
83 62
84 62
85 62
86 62
87 62
88 63
89 63
90 63
91 63
92 64
93 64
94 64
95 65
96 65
97 66
98 66
99 67
100 68
101 68
102 69
103 70
104 71
105 72
106 73
107 74
108 75
109 76
110 77
111 78
112 79
112 80
113 81
114 82
115 83
115 84
116 85
117 86
118 87
118 88
119 89
120 90
121 91
122 92
123 93
124 94
124 95
125 96
126 97
127 97
128 98
129 99
130 100
131 101
132 101
133 102
134 102
135 103
136 103
137 104
138 104
139 105
140 105
141 105
142 105
143 106
144 106
145 106
146 106
147 106
148 106
149 106
150 106
151 106
152 106
153 106
154 105
155 105
156 105
157 105
158 104
159 104
160 103
161 103
162 103
163 102
164 102
165 101
166 101
167 100
168 100
169 99
170 99
171 99
172 98
173 98
174 98
175 97
176 97
177 97
178 97
179 97
180 97
181 97
182 97
183 97
184 97
185 97
186 97
187 97
188 98
189 98
190 98
191 99
192 99
193 100
194 100
195 101
196 101
197 102
198 103
199 103
200 104
201 105
202 106
203 107
204 108
205 109
206 110
207 111
208 112
208 113
209 114
210 115
211 116
212 117
212 118
213 119
214 120
215 121
215 122
216 123
217 124
217 125
218 126
219 127
220 128
220 129
221 130
222 131
223 132
223 133
224 134
225 135
226 136
227 137
227 138
228 139
229 140
230 141
231 142
232 143
233 144
234 145
235 146
236 147
237 147
238 148
239 149
240 150
241 150
242 151
243 151
244 152
245 152
246 152
247 152
248 152
249 152
250 152
251 152
252 151
253 151
254 150
255 149
256 149
257 148
258 147
259 146
260 145
261 144
262 143
263 142
264 141
265 140
266 140
267 139
268 138
269 138
270 137
271 137
272 136
273 136
274 136
275 136
276 136
277 136
278 136
279 137
280 137
281 137
282 138
283 138
284 138
285 139
286 139
287 139
288 140
289 140
290 141
291 141
292 141
293 141
294 142
295 142
296 142
297 143
298 143
299 143
300 143
301 143
302 144
303 144
304 144
305 144
306 144
307 144
308 144
309 145
310 145
311 145
312 145
313 145
314 145
315 145
316 145
317 145
318 145
319 146
320 146
321 146
322 146
323 146
