7 37
8 38
9 38
10 39
11 40
12 41
13 41
14 42
15 43
16 44
17 44
18 45
19 45
20 46
21 47
22 47
23 48
24 48
25 48
26 49
27 49
28 50
29 50
30 51
31 51
32 52
33 53
34 54
35 55
35 56
36 57
37 58
38 59
38 60
39 61
40 62
40 63
41 64
41 65
42 66
43 67
43 68
44 69
45 70
45 71
46 72
46 73
47 74
48 75
49 76
49 77
50 78
51 79
52 80
53 81
54 82
55 82
56 83
57 82
58 82
59 81
60 81
61 80
62 79
62 78
63 77
64 76
65 75
66 74
67 73
68 72
68 71
69 70
70 69
71 68
72 67
73 66
74 66
75 65
76 64
77 63
78 62
79 61
80 61
81 60
82 59
83 59
84 58
85 57
86 57
87 56
88 56
89 56
90 55
91 55
92 55
93 55
94 55
95 55
96 55
97 55
98 55
99 55
100 56
101 57
102 57
103 58
104 59
105 60
106 61
107 62
108 63
109 64
110 65
111 65
112 66
113 66
114 67
115 67
116 67
117 67
118 67
119 67
120 67
121 66
122 66
123 65
124 65
125 64
126 64
127 63
128 62
129 61
130 61
131 60
132 59
133 58
134 58
135 57
136 56
137 56
138 55
139 54
140 53
141 53
142 52
143 52
144 51
145 51
146 50
147 50
148 50
149 49
150 49
151 49
152 49
153 49
154 49
155 49
156 49
157 50
158 50
159 51
160 51
161 52
162 52
163 53
164 53
165 54
166 55
167 55
168 56
169 56
170 57
171 57
172 58
173 58
174 59
175 59
176 60
177 60
178 61
179 61
180 62
181 62
182 62
183 63
184 63
185 63
186 64
187 64
188 64
189 64
190 64
191 64
192 64
193 64
194 64
195 64
196 64
197 64
198 64
199 63
200 63
201 63
202 62
203 62
204 62
205 61
206 61
207 60
208 60
209 59
210 58
211 58
212 58
213 57
214 57
215 57
216 57
217 57
218 57
219 58
220 58
221 59
222 59
223 59
224 60
225 60
226 60
227 60
228 60
229 60
230 60
231 60
232 59
233 59
234 59
235 58
236 58
237 58
238 58
239 57
240 57
241 57
242 57
243 56
244 56
245 56
246 56
247 56
248 55
249 55
250 55
251 55
252 55
253 55
254 55
255 55
256 55
257 55
258 55
259 55
260 55
261 55
262 55
263 55
264 55
265 55
266 56
267 56
268 56
