6 13
6 14
7 15
7 16
7 17
8 18
8 19
8 20
9 21
9 22
9 23
10 24
10 25
10 26
11 27
11 28
11 29
12 30
12 31
13 32
14 33
14 34
15 35
16 36
17 37
18 37
19 38
20 38
21 39
22 39
23 39
24 39
25 39
26 39
27 40
28 40
29 41
30 42
31 43
32 44
32 45
33 46
34 47
34 48
35 49
35 50
36 51
37 52
37 53
38 54
39 55
39 56
40 57
41 58
42 59
42 60
43 61
44 62
45 63
46 64
47 65
48 66
49 66
50 67
51 67
52 68
53 68
54 68
55 69
56 68
57 68
58 68
59 68
60 67
61 67
62 67
63 66
64 66
65 65
66 65
67 65
68 65
69 65
70 64
71 64
72 64
73 64
74 64
75 64
76 64
77 65
78 65
79 65
80 65
81 65
82 65
83 66
84 66
85 66
86 66
87 66
88 66
89 66
90 66
91 66
92 66
93 66
94 66
95 65
96 65
97 64
98 64
99 63
100 63
101 62
102 62
103 61
104 60
105 60
106 59
107 59
108 58
