20 36
21 36
22 37
23 38
24 39
25 40
26 41
27 42
28 43
29 44
30 44
31 45
32 46
33 47
34 48
35 49
36 50
37 51
38 52
39 53
40 54
41 55
42 56
43 57
44 58
44 59
45 60
46 61
47 62
48 63
48 64
49 65
50 66
51 67
51 68
52 69
53 70
54 71
54 72
55 73
55 74
56 75
57 76
57 77
58 78
59 79
59 80
60 81
60 82
61 83
62 84
62 85
63 86
63 87
64 88
64 89
65 90
65 91
66 92
66 93
67 94
67 95
68 96
68 97
69 98
69 99
70 100
70 101
71 102
71 103
72 104
72 105
73 106
73 107
74 108
74 109
75 110
75 111
76 112
76 113
77 114
77 115
77 116
78 117
78 118
79 119
79 120
80 121
80 122
80 123
81 124
81 125
82 126
82 127
83 128
83 129
83 130
84 131
84 132
85 133
85 134
86 135
86 136
86 137
87 138
87 139
88 140
88 141
89 142
89 143
89 144
90 145
90 146
91 147
91 148
92 149
92 150
93 151
93 152
93 153
94 154
94 155
95 156
95 157
96 158
96 159
97 160
97 161
98 162
98 163
99 164
100 165
100 166
101 167
101 168
102 169
103 170
103 171
104 172
105 173
105 174
106 175
107 176
108 177
109 178
109 179
110 180
111 181
112 182
113 183
114 183
115 184
116 185
117 186
118 186
119 187
120 187
121 188
122 188
123 189
124 189
125 189
126 190
127 190
128 190
129 190
130 190
131 191
132 191
133 191
134 191
135 191
136 191
137 191
138 191
139 191
140 191
141 191
142 191
143 191
144 191
145 191
146 191
147 191
148 190
149 190
150 190
151 190
152 190
153 190
154 190
155 189
156 189
157 189
158 189
159 189
160 188
161 188
162 188
163 188
164 187
165 187
166 187
167 186
168 186
169 186
170 185
171 185
172 184
173 184
174 184
175 183
176 183
177 182
178 182
179 181
180 181
181 180
182 180
183 179
184 178
185 178
186 177
187 177
188 176
189 176
190 175
191 175
192 174
193 174
194 173
195 172
196 172
197 171
198 171
199 171
200 170
201 170
202 169
203 169
204 168
205 168
206 168
207 167
208 167
209 167
210 166
211 166
212 166
213 166
214 165
215 165
216 165
217 165
218 164
219 164
220 164
221 164
222 163
223 163
224 163
225 163
226 162
227 162
228 162
229 161
230 161
231 161
232 160
233 160
234 159
235 159
236 158
237 158
238 157
239 157
240 156
241 155
242 155
243 154
244 153
245 152
246 152
247 151
248 150
249 149
250 149
251 148
252 147
253 146
254 146
255 145
256 144
257 143
258 143
259 142
260 141
261 141
262 140
263 139
264 139
265 138
266 138
267 137
268 136
269 136
270 135
271 135
272 134
273 134
274 133
275 132
276 132
277 131
278 131
279 130
280 130
281 129
282 129
283 128
284 128
285 128
