12 54
13 55
13 56
14 57
14 58
15 59
15 60
15 61
16 62
16 63
17 64
17 65
18 66
18 67
19 68
19 69
19 70
20 71
20 72
21 73
21 74
22 75
22 76
23 77
23 78
24 79
24 80
25 81
25 82
26 83
26 84
27 85
27 86
28 87
28 88
29 89
29 90
30 91
30 92
31 93
31 94
32 95
32 96
33 97
33 98
34 99
35 100
35 101
36 102
36 103
37 104
38 105
38 106
39 107
40 108
41 109
41 110
42 111
43 112
44 113
45 114
45 115
46 116
47 117
48 118
49 119
50 120
51 121
52 122
53 123
54 124
55 124
56 125
57 126
58 127
59 127
60 128
61 129
62 129
63 130
64 130
65 131
66 132
67 132
68 133
69 133
70 133
71 134
72 134
73 135
74 135
75 135
76 136
77 136
78 136
79 136
80 137
81 137
82 137
83 137
84 138
85 138
86 138
87 139
88 139
89 139
90 140
91 140
92 140
93 141
94 141
95 142
96 142
97 143
98 144
99 144
100 145
101 146
102 147
103 148
104 149
105 150
105 151
106 152
107 153
108 154
109 155
109 156
110 157
111 158
112 159
113 160
113 161
114 162
115 163
116 164
117 165
118 166
119 167
120 168
121 169
122 170
123 171
124 171
125 172
126 172
127 173
128 173
129 173
130 174
131 174
132 174
133 174
134 174
135 174
136 174
137 173
138 173
139 173
140 172
141 172
142 172
143 171
144 171
145 170
146 170
147 170
148 169
149 169
150 168
151 168
152 167
153 167
154 166
155 166
156 165
157 165
158 164
159 164
160 163
161 163
162 162
163 162
164 161
165 161
166 161
167 160
168 160
169 160
170 159
171 159
172 159
173 158
174 158
175 158
176 158
177 158
178 158
179 157
180 157
181 157
182 157
183 157
184 157
185 157
186 157
187 157
188 157
189 157
190 157
191 157
192 157
193 158
194 158
195 158
196 158
197 158
198 159
199 159
200 159
201 159
202 160
203 160
204 161
205 161
206 161
207 162
208 162
209 163
210 163
211 164
212 164
213 165
214 165
215 166
216 166
217 167
218 167
219 168
220 168
221 169
222 170
223 170
224 170
225 171
226 171
227 172
228 172
229 173
230 173
231 174
232 174
233 174
234 175
235 175
236 175
237 176
238 176
239 176
240 177
241 177
242 177
243 178
244 178
245 178
246 179
247 179
248 179
249 180
250 180
251 180
252 181
253 181
254 181
255 182
256 182
257 182
258 183
259 183
260 184
261 184
262 184
263 184
264 185
265 185
266 185
267 186
268 186
269 186
270 186
271 187
272 187
273 187
274 187
275 187
276 187
277 188
278 188
279 188
280 188
281 187
282 187
283 187
284 187
285 187
286 187
287 186
288 186
289 186
290 185
291 185
292 184
293 184
294 183
295 183
296 182
297 181
298 181
299 180
300 179
301 178
302 177
303 176
304 176
305 175
306 174
307 173
308 172
309 171
310 170
311 169
312 168
312 167
313 166
314 165
315 164
316 163
317 162
318 161
319 160
320 159
320 158
321 157
322 156
323 155
324 154
325 153
