24 9
25 9
26 10
27 11
28 12
29 13
30 14
31 15
32 16
33 16
34 17
35 18
36 19
37 20
38 21
39 22
40 23
41 24
42 24
43 25
44 26
45 27
46 28
47 29
48 29
49 30
50 31
51 32
52 33
53 34
54 34
55 35
56 36
57 37
58 38
59 38
60 39
61 40
62 41
63 42
64 42
65 43
66 44
67 45
68 46
69 46
70 47
71 48
72 49
73 49
74 50
75 51
76 52
77 53
78 54
79 54
80 55
81 56
82 57
83 58
84 59
85 60
86 61
87 62
88 62
89 63
90 64
90 65
91 66
92 67
93 68
94 69
95 70
95 71
96 72
97 73
98 74
98 75
99 76
100 77
100 78
101 79
102 80
102 81
103 82
103 83
104 84
105 85
105 86
106 87
107 88
108 89
109 90
109 91
110 92
111 93
112 94
113 95
114 95
115 96
116 97
117 98
118 98
119 99
120 99
121 100
122 100
123 101
124 101
125 101
126 102
127 102
128 102
129 103
130 103
131 103
132 103
133 104
134 104
135 104
136 104
137 104
138 104
139 104
140 104
141 104
142 104
143 104
144 104
145 104
146 104
147 104
148 103
149 103
150 103
151 103
152 103
153 102
154 102
155 102
156 102
157 101
158 101
159 101
160 100
161 100
162 100
163 99
164 99
165 99
166 98
167 98
168 97
169 97
170 97
171 96
172 96
173 95
174 95
175 95
176 94
177 94
178 93
179 93
180 93
181 92
182 92
183 92
184 92
185 91
186 91
187 91
188 91
189 91
190 91
191 91
192 91
193 91
194 91
195 91
196 91
197 91
198 92
199 92
200 92
201 93
202 93
203 94
204 94
205 95
206 95
207 96
208 97
209 97
210 98
211 98
212 99
213 99
214 100
215 100
216 100
217 101
218 101
219 101
220 102
221 102
222 102
223 102
224 103
225 103
226 103
227 103
228 103
229 103
230 104
231 104
232 104
233 104
234 104
235 104
236 105
237 105
238 105
239 105
240 105
241 106
242 106
243 106
244 106
245 106
246 107
247 107
248 107
249 107
250 107
251 108
252 108
253 108
254 108
255 109
256 109
257 109
258 109
259 109
260 109
261 109
262 109
263 109
264 110
265 109
266 109
267 109
268 109
269 109
270 109
271 109
272 109
273 108
274 108
275 107
276 107
277 107
278 106
279 106
280 105
281 104
282 104
283 103
284 102
285 102
286 101
287 100
288 100
289 99
290 99
291 98
292 97
293 97
294 96
295 95
296 94
297 94
298 93
299 92
300 91
301 90
302 89
303 89
304 88
305 87
306 86
307 85
308 84
309 83
310 82
311 81
312 81
313 80
314 79
315 78
316 77
317 77
318 76
319 75
320 75
321 74
322 73
323 73
324 72
325 72
326 71
327 71
328 70
329 70
330 70
331 69
332 69
333 69
334 69
335 69
336 68
337 68
338 68
339 68
340 68
341 68
342 69
343 69
344 69
345 69
346 70
347 70
348 70
349 71
350 71
351 72
352 72
353 73
354 74
355 74
356 75
357 76
358 77
359 78
360 79
361 80
362 81
363 82
364 83
365 84
366 85
367 86
367 87
368 88
369 89
370 90
370 91
371 92
372 93
373 94
373 95
374 96
375 97
375 98
376 99
377 100
377 101
378 102
379 103
379 104
380 105
381 106
381 107
382 108
382 109
383 110
384 111
384 112
385 113
386 114
386 115
387 116
388 117
389 118
389 119
390 120
391 121
392 122
392 123
393 124
394 125
395 126
395 127
396 128
397 129
398 130
399 131
400 132
401 133
401 134
402 135
403 136
404 137
405 138
406 139
407 140
408 141
409 141
410 142
411 143
412 144
413 144
414 145
415 145
416 146
417 146
418 146
419 146
420 147
421 147
422 147
