34 15
35 15
36 16
37 16
38 17
39 17
40 17
41 18
42 18
43 19
44 19
45 20
46 20
47 21
48 21
49 22
50 22
51 22
52 23
53 23
54 24
55 24
56 25
57 25
58 25
59 26
60 26
61 27
62 27
63 27
64 28
65 28
66 29
67 29
68 29
69 30
70 30
71 31
72 31
73 32
74 32
75 32
76 33
77 33
78 34
79 34
80 35
81 35
82 36
83 36
84 37
85 37
86 38
87 38
88 39
89 39
90 40
91 40
92 41
93 41
94 42
95 43
96 43
97 44
98 44
99 45
100 46
101 46
102 47
103 48
104 49
105 49
106 50
107 51
108 52
109 52
110 53
111 54
112 55
113 56
114 57
115 58
116 59
117 60
118 61
119 62
120 63
121 64
122 65
123 66
124 67
125 68
126 69
126 70
127 71
128 72
129 73
130 74
130 75
131 76
132 77
133 78
133 79
134 80
135 81
136 82
137 83
137 84
138 85
139 86
139 87
140 88
141 89
142 90
142 91
143 92
144 93
145 94
145 95
146 96
147 97
148 98
148 99
149 100
150 101
151 102
152 103
152 104
153 105
154 106
155 107
155 108
156 109
157 110
158 111
159 112
160 113
160 114
161 115
162 116
163 117
164 118
165 119
166 120
167 121
167 122
168 123
169 124
170 125
171 126
172 127
173 128
174 129
175 130
176 131
177 131
178 132
179 133
180 134
181 135
182 136
183 137
184 138
185 138
186 139
187 140
188 141
189 141
190 142
191 143
192 143
193 144
194 145
195 145
196 146
197 146
198 147
199 147
200 148
201 148
202 149
203 149
204 149
205 150
206 150
207 150
208 150
209 151
210 151
211 151
212 151
213 151
214 151
215 152
216 152
217 152
218 152
219 151
220 151
221 151
222 151
223 151
224 151
225 151
226 151
227 150
228 150
229 150
230 150
231 149
232 149
233 149
234 149
235 148
236 148
237 148
238 147
239 147
240 147
241 146
242 146
243 146
244 145
245 145
246 145
247 144
248 144
249 143
250 143
251 143
252 142
253 142
254 142
255 141
256 141
257 140
258 140
259 140
260 139
261 139
262 139
263 138
264 138
265 138
266 137
267 137
268 137
269 136
270 136
271 136
272 135
273 135
274 135
275 135
276 134
277 134
278 134
279 134
280 134
281 133
282 133
283 133
284 133
285 133
286 133
287 133
288 133
289 133
290 133
291 133
292 133
293 133
294 133
295 133
296 133
297 133
298 133
299 133
300 133
301 133
302 134
303 134
304 134
305 134
306 134
307 135
308 135
309 135
310 135
311 136
312 136
313 136
314 137
315 137
316 137
317 138
318 138
319 138
320 139
321 139
322 140
323 140
324 140
325 141
326 141
327 142
328 142
329 143
330 143
331 143
332 144
333 144
334 145
335 145
336 146
337 146
338 147
339 147
340 148
341 148
342 149
343 149
344 150
345 150
346 151
347 151
348 151
349 152
350 152
351 153
352 153
353 154
354 154
355 154
356 155
357 155
358 155
359 156
360 156
361 156
362 156
363 157
364 157
365 157
366 157
367 157
368 157
369 156
370 156
371 156
372 156
373 155
374 155
375 154
376 154
377 153
378 152
379 152
380 151
381 150
382 150
383 149
384 148
385 147
386 146
387 146
388 145
389 144
390 144
391 143
392 143
393 142
394 142
395 142
396 142
397 142
398 142
399 142
400 142
401 142
402 142
403 143
404 143
405 144
406 144
407 145
408 146
409 147
410 147
411 148
412 149
413 150
414 151
415 152
416 153
417 154
418 155
418 156
419 157
420 158
421 159
422 160
423 161
424 162
425 163
425 164
426 165
427 166
428 167
429 168
430 169
431 170
432 171
433 172
434 173
435 174
436 175
437 176
438 176
439 177
440 177
441 178
442 178
443 178
444 178
445 178
446 178
447 178
448 177
449 177
450 177
451 176
452 176
453 176
454 175
455 175
456 175
457 174
458 174
459 174
460 174
461 173
462 173
463 173
464 173
465 173
466 173
467 173
468 173
469 173
470 173
471 173
472 173
473 173
474 173
475 174
476 174
477 174
478 174
479 174
480 173
481 173
482 173
483 173
484 173
485 173
486 173
487 172
488 172
489 172
490 171
491 171
492 171
493 170
494 170
495 169
496 168
497 168
498 167
499 166
500 166
501 165
502 164
503 163
504 162
505 161
506 160
507 159
508 158
509 157
510 156
511 155
511 154
512 153
513 152
514 151
514 150
515 149
516 148
517 147
517 146
518 145
519 144
519 143
520 142
521 141
521 140
522 139
523 138
524 137
524 136
525 135
526 134
527 133
527 132
528 131
529 130
530 129
531 128
531 127
532 126
533 125
534 124
535 123
536 122
537 121
538 120
539 119
540 118
541 117
542 116
543 115
544 114
545 113
546 113
547 112
548 111
549 110
550 110
551 109
552 108
553 108
554 107
555 107
556 106
557 106
558 105
559 105
560 104
561 104
562 104
563 103
564 103
565 102
566 102
567 102
568 102
569 101
570 101
571 101
572 101
573 100
574 100
575 100
576 100
577 100
578 99
579 99
580 99
581 99
582 99
583 99
584 99
585 99
586 99
587 99
588 99
589 99
590 99
591 99
592 99
593 99
594 99
595 99
596 99
597 99
598 99
599 99
600 99
601 99
602 99
603 99
604 99
605 99
606 99
607 99
608 99
609 99
610 99
611 98
612 98
613 98
614 98
615 98
616 98
617 97
618 97
619 97
620 97
621 97
622 97
623 97
624 96
625 96
626 96
627 96
628 96
629 96
630 96
631 96
632 97
633 97
634 97
635 97
636 98
637 98
638 98
639 99
640 99
641 99
642 100
643 100
644 101
645 101
646 102
647 102
648 103
649 103
650 104
651 105
