40 15
41 15
42 16
43 17
44 18
45 19
46 20
47 21
48 22
49 22
50 23
51 24
52 25
53 26
54 27
55 28
56 29
57 30
58 31
59 31
60 32
61 33
62 34
63 35
64 36
65 37
66 38
67 38
68 39
69 40
70 41
71 42
72 43
73 44
74 44
75 45
76 46
77 47
78 48
79 49
80 50
81 50
82 51
83 52
84 53
85 54
86 55
87 55
88 56
89 57
90 58
91 59
92 59
93 60
94 61
95 62
96 63
97 63
98 64
99 65
100 66
101 67
102 67
103 68
104 69
105 70
106 71
107 71
108 72
109 73
110 74
111 75
112 75
113 76
114 77
115 78
116 78
117 79
118 80
119 81
120 82
121 82
122 83
123 84
124 85
125 86
126 86
127 87
128 88
129 89
130 90
131 91
132 91
133 92
134 93
135 94
136 95
137 96
138 96
139 97
140 98
141 99
142 100
143 101
144 102
145 103
146 104
147 105
148 106
149 107
150 108
151 109
152 110
153 111
154 112
155 113
156 114
156 115
157 116
158 117
159 118
160 119
160 120
161 121
162 122
162 123
163 124
164 125
164 126
165 127
166 128
166 129
167 130
168 131
168 132
169 133
170 134
170 135
171 136
172 137
172 138
173 139
173 140
174 141
175 142
176 143
176 144
177 145
178 146
178 147
179 148
180 149
181 150
182 151
182 152
183 153
184 154
185 155
186 156
187 157
188 158
189 158
190 159
191 160
192 161
193 162
194 162
195 163
196 164
197 164
198 165
199 165
200 166
201 166
202 167
203 167
204 168
205 168
206 169
207 169
208 170
209 170
210 170
211 171
212 171
213 171
214 171
215 172
216 172
217 172
218 172
219 173
220 173
221 173
222 173
223 173
224 174
225 174
226 174
227 174
228 174
229 174
230 174
231 174
232 174
233 174
234 174
235 174
236 174
237 174
238 174
239 174
240 174
241 174
242 174
243 174
244 174
245 173
246 173
247 173
248 173
249 173
250 173
251 172
252 172
253 172
254 172
255 172
256 171
257 171
258 171
259 171
260 170
261 170
262 170
263 170
264 169
265 169
266 169
267 168
268 168
269 168
270 167
271 167
272 166
273 166
274 166
275 165
276 165
277 165
278 164
279 164
280 163
281 163
282 163
283 162
284 162
285 161
286 161
287 160
288 160
289 160
290 159
291 159
292 159
293 158
294 158
295 157
296 157
297 157
298 156
299 156
300 156
301 155
302 155
303 155
304 154
305 154
306 154
307 154
308 153
309 153
310 153
311 153
312 153
313 152
314 152
315 152
316 152
317 152
318 152
319 152
320 152
321 152
322 152
323 152
324 152
325 152
326 152
327 153
328 153
329 153
330 153
331 154
332 154
333 154
334 155
335 155
336 156
337 156
338 157
339 157
340 158
341 158
342 159
343 159
344 160
345 160
346 161
347 162
348 162
349 163
350 163
351 164
352 164
353 165
354 165
355 166
356 166
357 167
358 167
359 168
360 168
361 168
362 169
363 169
364 169
365 170
366 170
367 170
368 170
369 171
370 171
371 171
372 171
373 171
374 172
375 172
376 172
377 172
378 172
379 172
380 173
381 173
382 173
383 173
384 173
385 173
386 174
387 174
388 174
389 174
390 174
391 174
392 175
393 175
394 175
395 175
396 175
397 176
398 176
399 176
400 176
401 176
402 177
403 177
404 177
405 177
406 177
407 178
408 178
409 178
410 178
411 179
412 179
413 179
414 179
415 179
416 180
417 180
418 180
419 180
420 180
421 181
422 181
423 181
424 181
425 181
426 182
427 182
428 182
429 182
430 182
431 182
432 183
433 183
434 183
435 183
436 183
437 183
438 183
439 183
440 183
441 183
442 183
443 183
444 183
445 183
446 183
447 183
448 183
449 183
450 182
451 182
452 182
453 182
454 182
455 181
456 181
457 181
458 180
459 180
460 180
461 179
462 179
463 178
464 178
465 177
466 177
467 176
468 175
469 175
470 174
471 173
472 173
473 172
474 172
475 171
476 170
477 170
478 169
479 168
480 168
481 167
482 166
483 166
484 165
485 164
486 164
487 163
488 162
489 162
490 161
491 160
492 160
493 159
494 158
495 157
496 157
497 156
498 155
499 154
500 154
501 153
502 152
503 151
504 150
505 149
506 148
507 147
508 146
509 146
510 145
511 144
512 143
513 142
514 141
515 140
516 139
517 138
518 138
519 137
520 136
521 135
522 134
523 133
524 132
525 132
526 131
527 130
528 129
529 129
530 128
531 127
532 126
533 126
534 125
535 124
536 124
537 123
538 123
539 122
540 122
541 121
542 120
543 120
544 120
545 119
546 119
547 118
548 118
549 117
550 117
551 117
552 116
553 116
554 116
555 116
556 116
557 115
558 115
559 115
560 115
561 115
562 115
563 115
564 115
565 115
566 115
567 115
568 115
569 115
570 115
571 115
572 115
573 115
574 116
575 116
576 116
577 117
578 117
579 117
580 118
581 118
582 119
583 119
584 120
585 120
586 121
587 121
588 122
589 123
590 123
591 124
592 125
593 126
594 126
595 127
596 128
597 129
598 130
599 131
600 132
601 133
602 134
603 135
604 136
605 137
606 138
607 139
608 140
609 141
610 142
611 143
611 144
612 145
613 146
614 147
615 148
615 149
616 150
617 151
618 152
618 153
619 154
620 155
621 156
621 157
622 158
623 159
623 160
624 161
625 162
625 163
626 164
627 165
627 166
628 167
629 168
629 169
630 170
631 171
631 172
632 173
633 174
633 175
634 176
635 177
635 178
636 179
636 180
637 181
638 182
638 183
639 184
640 185
640 186
641 187
642 188
642 189
643 190
644 191
644 192
645 193
646 194
646 195
647 196
648 197
648 198
649 199
650 200
651 201
651 202
652 203
653 204
654 205
654 206
655 207
656 208
657 209
658 210
658 211
659 212
660 213
661 214
662 215
663 216
663 217
664 218
665 219
666 220
667 221
668 222
669 223
669 224
670 225
671 226
672 227
673 228
674 229
675 230
676 231
677 232
678 233
679 234
680 235
681 236
682 236
683 237
684 238
685 239
686 240
687 240
688 241
689 241
690 242
691 242
692 243
693 243
694 244
695 244
696 244
697 244
698 245
699 245
700 245
701 245
702 245
703 245
