11 81
12 81
13 81
14 80
15 80
16 80
17 80
18 80
19 80
20 79
21 79
22 79
23 79
24 79
25 79
26 79
27 79
28 79
29 79
30 79
31 80
32 80
33 80
34 80
35 80
36 81
37 81
38 81
39 82
40 82
41 82
42 83
43 83
44 84
45 84
46 85
47 85
48 86
49 86
50 87
51 88
52 88
53 89
54 90
55 90
56 91
57 91
58 92
59 93
60 94
61 94
62 95
63 96
64 96
65 97
66 98
67 98
68 99
69 100
70 101
71 101
72 102
73 103
74 103
75 104
76 105
77 106
78 106
79 107
80 108
81 109
82 109
83 110
84 111
85 111
86 112
87 113
88 113
89 114
90 115
91 115
92 116
93 117
94 117
95 118
96 119
97 119
98 120
99 120
100 121
101 121
102 122
103 122
104 123
105 123
106 124
107 124
108 124
109 125
110 125
111 125
112 125
113 126
114 126
115 126
116 126
117 126
118 126
119 126
120 125
121 125
122 125
123 125
124 124
125 124
126 123
127 123
128 122
129 121
130 120
131 120
132 119
133 118
134 117
135 116
136 115
137 114
138 113
139 112
140 111
140 110
141 109
142 108
143 107
144 106
145 105
146 104
147 103
148 103
149 102
150 101
151 101
152 100
153 100
154 100
155 100
156 100
157 99
158 99
159 99
160 99
161 99
162 99
163 99
164 99
165 99
166 99
167 99
168 99
169 99
170 98
171 98
172 98
173 98
174 98
175 98
176 98
177 98
178 97
179 97
180 97
181 97
182 97
183 97
184 97
185 96
186 96
187 96
188 96
189 96
190 96
191 96
192 96
193 95
194 95
195 95
196 95
197 95
198 95
199 95
200 95
201 95
202 95
203 95
204 95
205 95
206 95
207 94
208 94
209 94
210 94
211 94
212 95
213 95
214 95
215 95
216 95
217 95
218 95
219 95
220 95
221 95
222 95
223 95
224 95
225 95
226 95
227 95
228 96
229 96
230 96
231 96
232 96
233 96
234 96
235 96
236 96
237 97
238 97
239 97
240 97
241 97
242 97
243 97
244 97
245 97
246 98
247 98
248 98
249 98
250 98
251 98
252 98
253 98
254 98
255 99
256 99
257 99
258 99
259 99
260 99
261 99
262 99
263 99
264 99
265 100
266 100
267 100
268 100
269 100
270 100
271 100
272 100
273 100
274 100
275 101
276 101
277 101
278 101
279 101
280 101
281 101
282 101
283 102
284 102
285 102
286 102
287 102
288 102
289 102
290 103
291 103
292 103
293 103
294 103
295 103
296 104
297 104
298 104
299 104
300 105
301 105
302 105
303 105
304 106
305 106
306 106
307 106
308 107
309 107
310 107
311 108
312 108
313 108
314 109
315 109
316 109
317 110
318 110
319 110
320 111
321 111
322 111
323 112
324 112
325 112
326 113
327 113
328 114
329 114
330 114
331 115
332 115
333 116
334 116
335 117
336 117
337 117
338 118
339 118
340 119
341 119
342 120
343 120
344 121
345 121
346 122
347 122
348 123
349 123
350 123
351 124
352 124
353 125
354 125
355 126
356 126
357 126
358 127
359 127
360 127
361 128
362 128
363 128
364 129
365 129
366 129
367 129
368 129
369 130
370 130
371 130
372 130
373 130
374 130
375 130
376 130
377 130
378 130
379 130
380 130
381 130
382 130
383 130
384 130
385 130
386 130
387 130
388 130
389 130
390 130
391 130
392 130
393 131
394 131
395 131
396 131
397 131
398 131
399 132
400 132
401 132
402 132
403 133
404 133
405 133
406 134
407 134
408 134
409 134
410 135
411 135
412 135
413 135
414 136
415 136
416 136
417 136
418 136
419 137
420 137
421 137
422 137
423 137
424 137
425 137
426 137
427 137
428 137
429 137
430 137
431 137
432 137
433 137
434 137
435 137
436 137
437 136
438 136
439 136
440 136
441 136
442 135
443 135
444 135
445 134
446 134
447 134
448 134
449 133
450 133
451 132
452 132
453 132
454 131
455 131
456 131
457 130
458 130
459 130
460 129
461 129
462 128
463 128
464 127
465 127
466 127
467 126
468 126
469 125
470 125
471 125
472 124
