5 38
6 38
7 38
8 39
9 40
10 41
11 42
12 43
13 44
14 44
15 45
16 46
17 47
18 48
19 49
20 49
21 50
22 51
23 52
24 53
25 53
26 54
27 55
28 56
29 56
30 57
31 58
32 59
33 59
34 60
35 61
36 61
37 62
38 63
39 63
40 63
41 64
42 64
43 64
44 64
45 64
46 64
47 64
48 64
49 64
50 64
51 64
52 64
53 64
54 64
55 64
56 64
57 64
58 64
59 64
60 64
61 64
62 64
63 64
64 64
65 64
66 65
67 65
68 65
69 65
70 65
71 65
72 65
73 65
74 65
75 65
76 65
77 65
78 65
79 64
80 64
81 64
82 64
83 64
84 64
85 64
86 64
87 64
88 64
89 64
90 64
91 64
92 64
93 64
94 65
95 65
96 65
97 66
98 66
99 66
100 67
101 67
102 67
103 68
104 68
105 68
106 69
107 69
108 69
109 70
110 70
111 70
112 70
113 71
114 71
115 71
116 71
117 71
118 71
119 72
120 72
121 72
122 72
123 72
124 72
125 72
126 73
127 73
128 73
129 73
130 73
131 73
132 74
133 74
134 74
135 74
136 74
137 74
138 75
139 75
140 75
141 75
142 75
143 75
144 75
145 75
146 75
147 75
148 75
149 75
150 75
151 75
152 74
153 74
154 74
