14 66
15 66
16 67
17 67
18 67
19 67
20 68
21 68
22 68
23 68
24 69
25 69
26 69
27 70
28 70
29 70
30 70
31 71
32 71
33 71
34 71
35 72
36 72
37 72
38 72
39 72
40 73
41 73
42 73
43 73
44 74
45 74
46 74
47 74
48 74
49 74
50 75
51 75
52 75
53 75
54 75
55 76
56 76
57 76
58 76
59 76
60 77
61 77
62 77
63 78
64 78
65 78
66 79
67 79
68 80
69 80
70 81
71 82
72 82
73 83
74 84
75 85
76 86
77 87
78 88
79 89
80 89
81 90
82 91
83 92
83 93
84 94
85 95
86 96
87 97
88 98
89 99
90 100
91 101
92 102
93 103
94 104
95 105
96 106
97 107
97 108
98 109
99 110
100 111
101 112
102 113
103 114
104 115
105 116
106 117
107 118
108 119
109 119
110 120
111 121
112 122
113 123
114 124
115 124
116 125
117 126
118 127
119 127
120 128
121 129
122 129
123 130
124 130
125 131
126 131
127 132
128 132
129 133
130 133
131 134
132 134
133 134
134 135
135 135
136 135
137 136
138 136
139 136
140 136
141 137
142 137
143 137
144 137
145 137
146 137
147 137
148 138
149 138
150 138
151 138
152 138
153 138
154 138
155 138
156 138
157 138
158 138
159 138
160 138
161 138
162 138
163 138
164 138
165 138
166 139
167 139
168 139
169 139
170 139
171 139
172 139
173 139
174 139
175 139
176 139
177 139
178 139
179 139
180 139
181 140
182 140
183 140
184 140
185 140
186 140
187 140
188 141
189 141
190 141
191 141
192 141
193 142
194 142
195 142
196 142
197 143
198 143
199 143
200 143
201 144
202 144
203 144
204 144
205 145
206 145
207 145
208 145
209 146
210 146
211 146
212 146
213 146
214 147
215 147
216 147
217 147
218 147
219 147
220 148
221 148
222 148
223 148
224 148
225 148
226 148
227 148
228 149
229 149
230 149
231 149
232 149
233 149
234 149
235 149
236 150
237 150
238 150
239 150
240 150
241 150
242 150
243 151
244 151
245 151
246 151
247 151
248 152
249 152
250 152
251 153
252 153
253 153
254 154
255 154
256 155
257 155
258 156
259 156
260 157
261 157
262 157
263 158
264 158
265 158
266 159
267 159
268 159
269 159
270 160
271 160
272 160
273 160
274 160
275 160
276 160
277 161
278 161
279 161
280 161
281 161
282 161
283 161
284 161
285 161
286 161
287 161
288 161
289 162
290 162
291 162
292 162
293 162
294 162
295 162
296 162
297 162
298 162
299 163
300 163
301 163
302 163
303 163
304 163
305 163
306 163
307 163
308 163
309 163
310 164
311 164
312 164
313 164
314 164
315 164
316 164
317 164
318 164
319 164
320 164
321 164
322 164
323 164
324 164
325 164
326 164
327 164
328 164
329 164
330 164
331 164
332 164
333 164
334 163
335 163
336 163
337 163
338 163
339 163
340 163
341 163
342 163
343 162
344 162
345 162
346 162
347 162
348 161
349 161
350 161
351 161
352 161
353 161
354 160
355 160
356 160
357 160
358 159
359 159
360 159
361 159
362 159
363 158
364 158
365 158
366 158
367 157
368 157
369 157
370 157
371 157
372 156
373 156
374 156
375 156
376 155
377 155
378 155
379 155
380 154
381 154
382 154
383 154
384 153
385 153
386 153
387 152
388 152
389 152
390 151
391 151
392 151
393 150
394 150
395 149
396 149
397 149
398 148
399 148
400 147
401 147
402 146
403 146
404 145
405 145
406 144
407 144
408 143
409 142
410 142
411 141
412 140
413 140
414 139
415 138
416 138
417 137
418 136
419 135
420 135
421 134
422 133
423 132
424 132
425 131
426 130
427 130
428 129
429 128
430 127
431 127
432 126
433 125
434 125
435 124
436 123
437 123
438 122
439 121
440 121
441 120
