22 19
23 20
24 21
25 22
26 23
27 24
27 25
28 26
29 27
30 28
30 29
31 30
32 31
33 32
34 33
34 34
35 35
36 36
37 37
37 38
38 39
39 40
39 41
40 42
41 43
42 44
42 45
43 46
44 47
44 48
45 49
46 50
47 51
47 52
48 53
49 54
49 55
50 56
51 57
51 58
52 59
53 60
54 61
54 62
55 63
56 64
56 65
57 66
58 67
58 68
59 69
60 70
61 71
61 72
62 73
63 74
63 75
64 76
65 77
66 78
66 79
67 80
68 81
69 82
69 83
70 84
71 85
72 86
73 87
73 88
74 89
75 90
76 91
77 92
78 93
79 94
80 95
81 96
82 97
83 98
84 99
85 100
86 101
87 101
88 102
89 103
90 103
91 104
92 104
93 105
94 105
95 106
96 106
97 107
98 107
99 108
100 108
101 109
102 110
103 110
104 111
105 112
106 112
107 113
108 114
109 114
110 115
111 116
112 116
113 117
114 117
115 118
116 118
117 119
118 119
119 119
120 119
121 119
122 119
123 119
124 119
125 119
126 119
127 119
128 118
129 118
130 117
131 117
132 116
133 116
134 115
135 115
136 114
137 113
138 113
139 112
140 111
141 110
142 110
143 109
144 108
145 107
146 107
147 106
148 105
149 104
150 104
151 103
152 102
153 101
154 100
155 100
156 99
157 98
158 98
159 97
160 96
161 95
162 95
163 94
164 93
165 93
166 92
167 91
168 91
169 90
170 90
171 89
172 88
173 88
174 87
175 87
176 86
177 86
178 85
179 85
180 85
181 84
182 84
183 84
184 84
185 84
186 84
187 84
188 84
189 84
190 84
191 84
192 84
193 85
194 85
195 85
196 86
197 86
198 87
199 87
200 88
201 88
202 89
203 89
204 90
205 90
206 91
207 91
208 92
209 93
210 93
211 94
212 95
213 95
214 96
215 97
216 98
217 98
218 99
219 100
220 100
221 101
222 102
223 102
224 103
225 103
226 104
227 105
228 105
229 106
230 106
231 106
232 107
233 107
234 108
235 108
236 108
237 109
238 109
239 109
240 110
241 110
242 110
243 111
244 111
245 111
246 112
247 112
248 112
249 113
250 113
251 113
252 113
253 114
254 114
255 114
256 115
257 115
258 115
259 115
260 116
261 116
262 116
263 116
264 116
265 117
266 117
267 117
268 117
269 117
270 117
271 118
272 118
273 118
274 118
275 118
276 118
277 117
278 117
279 117
280 117
281 117
282 117
283 116
284 116
285 115
286 115
287 115
288 114
289 113
290 113
291 112
292 111
293 111
294 110
295 109
296 108
297 107
298 106
299 105
300 104
301 103
302 102
303 101
303 100
304 99
305 98
306 97
306 96
307 95
308 94
308 93
309 92
310 91
310 90
311 89
311 88
312 87
313 86
313 85
314 84
314 83
315 82
315 81
316 80
317 79
