24 18
25 18
26 19
27 20
27 21
28 22
29 23
30 24
31 25
32 26
33 27
34 28
35 29
35 30
36 31
37 32
38 33
39 34
40 35
40 36
41 37
42 38
43 39
43 40
44 41
45 42
46 43
46 44
47 45
48 46
48 47
49 48
50 49
50 50
51 51
52 52
52 53
53 54
54 55
54 56
55 57
56 58
57 59
57 60
58 61
59 62
60 63
61 64
62 65
63 65
64 66
65 67
66 67
67 67
68 68
69 68
70 68
71 69
72 69
73 69
74 69
75 69
76 69
77 69
78 69
79 69
80 69
81 69
82 69
83 69
84 70
85 70
86 70
87 70
88 70
89 70
90 70
91 70
92 71
93 71
94 71
95 71
96 72
97 72
98 72
99 73
100 73
101 73
102 74
103 74
104 74
105 75
106 75
107 76
108 76
109 76
110 77
111 77
112 78
113 78
114 79
115 79
116 79
117 80
118 80
119 80
120 81
121 81
122 81
123 82
124 82
125 82
126 82
127 83
128 83
129 83
130 83
131 83
132 84
133 84
134 84
135 84
136 84
137 84
138 85
139 85
140 85
141 85
142 86
143 86
144 86
145 86
146 87
147 87
148 87
149 87
150 88
151 88
152 88
153 88
154 88
155 88
156 88
157 88
158 88
159 88
160 88
161 87
162 87
163 86
164 86
165 85
166 85
167 84
168 84
169 83
170 82
171 82
172 81
173 80
174 80
175 79
176 79
177 78
178 78
179 77
180 77
181 76
182 76
183 75
184 75
185 74
186 74
187 74
188 73
189 73
190 73
191 72
192 72
193 72
194 72
195 72
196 72
197 72
198 72
199 72
200 72
201 72
202 72
203 73
204 73
205 73
206 74
207 74
208 75
209 76
210 76
211 77
212 78
213 78
214 79
215 80
216 80
217 81
218 82
219 82
220 83
221 84
222 84
223 85
224 85
225 86
226 87
227 87
228 88
229 88
230 88
231 89
232 89
233 90
234 90
235 90
236 91
237 91
238 91
239 91
240 91
241 91
242 92
243 92
244 92
245 92
246 92
247 92
248 92
249 92
250 92
251 92
252 92
253 92
254 92
255 92
256 93
257 93
258 93
259 93
260 93
261 94
262 94
263 94
264 95
265 95
266 95
267 96
268 96
269 97
270 97
271 98
272 98
273 98
274 99
275 99
276 100
277 100
278 101
279 102
280 102
281 103
282 103
283 104
284 104
285 105
286 105
287 106
288 106
289 107
290 108
291 108
292 109
293 109
294 110
295 110
296 111
297 112
298 112
299 113
300 113
301 114
302 114
303 115
304 115
305 116
306 117
307 117
308 118
309 118
310 119
311 119
312 120
313 120
314 120
315 121
316 121
317 122
318 122
319 123
320 123
321 124
322 124
323 124
324 125
325 125
326 126
327 126
328 127
329 127
330 127
331 128
332 128
333 128
334 129
335 129
336 129
337 129
338 129
339 128
340 128
341 128
342 127
343 127
344 126
345 126
346 125
