4 8
5 8
6 9
7 10
8 11
9 12
9 13
10 14
11 15
12 16
13 17
14 18
15 19
16 20
17 20
18 21
19 22
20 23
21 24
22 25
23 25
24 26
25 27
26 28
27 29
28 30
29 31
30 32
31 33
32 34
32 35
33 36
34 37
35 38
35 39
36 40
36 41
37 42
38 43
38 44
39 45
40 46
40 47
41 48
42 49
42 50
43 51
44 52
45 53
46 54
47 54
48 55
49 56
50 56
51 56
52 57
53 57
54 57
55 57
56 58
57 58
58 58
59 58
60 57
61 57
62 57
63 57
64 57
65 57
66 56
67 56
68 56
69 55
70 55
71 55
72 54
73 54
74 53
75 53
76 52
77 52
78 51
79 51
80 50
81 50
82 49
83 49
84 49
85 48
86 48
87 48
88 48
89 47
90 47
91 47
92 47
93 47
94 47
95 47
96 47
97 47
98 47
99 47
100 48
101 48
102 48
103 49
104 49
105 49
106 50
107 50
108 51
109 51
110 52
111 52
112 53
113 53
114 54
115 54
116 55
117 55
118 56
119 56
120 56
121 57
122 57
123 56
124 56
125 56
126 55
127 55
128 55
