32 17
33 18
33 19
34 20
34 21
34 22
35 23
35 24
35 25
36 26
36 27
37 28
37 29
37 30
38 31
38 32
38 33
39 34
39 35
39 36
40 37
40 38
41 39
41 40
41 41
42 42
42 43
42 44
43 45
43 46
43 47
44 48
44 49
44 50
45 51
45 52
45 53
46 54
46 55
46 56
47 57
47 58
47 59
48 60
48 61
48 62
49 63
49 64
49 65
50 66
50 67
50 68
51 69
51 70
51 71
52 72
52 73
52 74
53 75
53 76
53 77
54 78
54 79
54 80
55 81
55 82
55 83
56 84
56 85
56 86
57 87
57 88
57 89
58 90
58 91
58 92
59 93
59 94
60 95
60 96
60 97
61 98
61 99
62 100
62 101
62 102
63 103
63 104
64 105
64 106
65 107
65 108
66 109
66 110
67 111
67 112
68 113
68 114
69 115
69 116
70 117
71 118
71 119
72 120
73 121
73 122
74 123
75 124
76 125
77 126
77 127
78 128
79 128
80 129
81 130
82 131
83 131
84 132
85 132
86 133
87 133
88 133
89 133
90 133
91 133
92 133
93 133
94 133
95 132
96 132
97 132
98 131
99 131
100 130
101 130
102 129
103 129
104 129
105 128
106 128
107 127
108 127
109 126
110 126
111 125
112 125
113 124
114 124
115 123
116 123
117 122
118 122
119 121
120 121
121 120
122 120
123 120
124 119
125 119
126 119
127 119
128 118
129 118
130 118
131 118
132 118
133 117
134 117
135 117
136 117
137 117
138 117
139 117
140 117
141 117
142 117
143 117
144 117
145 117
146 117
147 117
148 117
149 117
150 117
151 117
152 117
153 116
154 116
155 116
156 116
157 116
158 116
159 116
160 116
161 115
162 115
163 115
164 115
165 115
166 115
167 114
168 114
169 114
170 114
171 114
172 113
173 113
174 113
175 113
176 113
177 113
178 112
179 112
180 112
181 112
182 112
183 112
184 112
185 111
186 111
187 111
188 111
189 111
190 111
191 111
192 111
193 111
194 111
195 111
196 111
197 111
198 111
199 111
200 112
201 112
202 112
203 112
204 112
205 112
206 112
207 112
208 113
209 113
210 113
211 113
212 113
213 113
214 113
215 114
216 114
217 114
218 114
219 114
220 115
221 115
222 115
223 115
224 115
225 115
226 116
227 116
228 116
229 116
230 116
231 117
232 117
233 117
234 117
235 117
236 117
237 118
238 118
239 118
240 118
241 118
242 118
243 119
244 119
245 119
246 119
247 119
248 119
249 119
250 119
251 119
252 120
253 120
254 120
255 120
256 120
257 120
258 120
259 120
260 120
261 120
262 120
263 120
264 120
265 120
266 120
267 120
268 120
269 120
270 119
271 119
272 119
273 119
274 119
275 119
276 119
277 118
278 118
279 118
280 118
281 118
282 118
283 117
284 117
285 117
286 117
287 117
288 116
289 116
290 116
291 116
292 116
293 115
294 115
295 115
296 115
297 115
298 114
299 114
300 114
301 114
302 114
303 113
304 113
305 113
306 113
307 113
308 112
309 112
310 112
311 111
312 111
313 111
314 110
315 110
316 109
317 109
318 108
319 108
320 107
321 106
322 105
323 104
324 104
325 103
325 102
326 101
327 100
328 99
329 98
330 97
331 96
332 95
333 94
333 93
334 92
335 91
336 90
337 89
338 88
339 87
340 86
341 86
342 85
343 84
344 84
345 84
346 83
347 83
348 83
349 83
350 83
351 83
352 83
353 84
354 84
355 84
356 85
357 85
358 86
359 87
360 87
361 88
362 89
363 89
364 90
365 91
366 92
367 93
368 94
369 95
370 96
371 97
372 98
373 99
373 100
374 101
375 102
376 103
376 104
377 105
378 106
379 107
379 108
380 109
381 110
381 111
382 112
383 113
384 114
385 115
385 116
386 117
387 118
388 119
389 120
390 121
391 122
392 123
393 124
394 125
395 126
396 127
397 128
398 129
399 129
400 130
401 131
402 131
403 132
404 132
405 133
406 133
407 134
408 134
409 135
410 135
411 135
412 136
413 136
414 136
415 137
416 137
417 137
418 137
419 138
420 138
421 138
422 138
423 138
424 138
425 139
426 139
427 139
428 139
429 139
430 139
431 139
432 139
433 139
434 139
435 140
436 140
437 140
438 140
439 140
440 140
441 140
442 140
443 140
444 140
445 140
446 140
447 140
448 140
449 140
450 140
451 140
452 140
453 140
