8 21
9 21
10 22
11 22
12 23
13 23
14 24
15 25
16 25
17 26
18 26
19 27
20 28
21 28
22 29
23 29
24 30
25 31
26 31
27 32
28 32
29 33
30 34
31 34
32 35
33 35
34 36
35 37
36 37
37 38
38 39
39 39
40 40
41 40
42 41
43 42
44 43
45 43
46 44
47 45
48 45
49 46
50 47
51 48
52 48
53 49
54 50
55 51
56 52
57 52
58 53
59 54
60 55
61 56
62 57
63 57
64 58
65 59
66 60
67 61
68 62
69 63
70 64
71 65
72 66
73 66
74 67
75 68
76 69
77 70
78 71
79 72
80 73
81 74
82 75
83 76
84 76
85 77
86 78
87 79
88 80
89 81
90 82
91 83
92 83
93 84
94 85
95 86
96 87
97 88
98 88
99 89
100 90
101 90
102 91
103 92
104 93
105 93
106 94
107 94
108 95
109 96
110 96
111 97
112 97
113 97
114 98
115 98
116 99
117 99
118 99
119 99
120 100
121 100
122 100
123 100
124 100
125 101
126 101
127 101
128 101
129 101
130 101
131 101
132 101
133 101
134 101
135 102
136 102
137 102
138 102
139 102
140 102
141 102
142 102
143 102
144 102
145 103
146 103
147 103
148 103
149 103
150 104
151 104
152 104
153 104
154 105
155 105
156 106
157 106
158 106
159 107
160 108
161 108
162 109
163 109
164 110
165 111
166 112
167 113
168 114
169 114
170 115
171 116
172 117
173 118
174 119
175 120
176 121
177 122
178 123
179 124
180 125
181 126
182 127
183 128
184 129
185 130
186 130
187 131
188 132
189 133
190 134
191 134
192 135
193 136
194 137
195 137
196 138
197 139
198 139
199 140
200 141
201 141
202 142
203 143
204 143
205 144
206 144
207 145
208 145
209 146
210 146
211 147
212 147
213 148
214 148
215 148
216 149
217 149
218 149
219 149
220 150
221 150
222 150
223 150
224 150
225 150
226 149
227 149
228 149
229 149
230 149
231 148
232 148
233 148
234 148
235 147
236 147
237 147
238 147
239 147
240 146
241 146
242 146
243 146
244 146
245 146
246 146
247 146
248 146
249 146
250 146
251 146
252 146
253 146
254 146
255 146
256 146
257 146
258 147
259 147
260 147
261 147
262 147
263 147
264 147
265 147
266 147
267 147
268 147
269 147
270 148
271 148
272 148
273 148
274 148
275 148
276 148
277 148
278 148
279 148
280 148
281 148
282 148
283 147
284 147
285 147
286 147
287 147
288 147
289 147
290 147
291 146
292 146
293 146
294 146
295 146
296 145
297 145
298 145
299 144
300 144
301 144
302 143
303 143
304 142
305 142
306 142
307 141
308 141
309 140
310 140
311 139
312 139
313 138
314 138
315 137
316 137
317 136
318 136
319 135
320 135
321 134
322 134
323 133
324 133
325 132
326 132
327 131
328 131
329 130
330 130
331 129
332 129
333 128
334 128
335 127
336 127
337 126
338 126
339 126
340 125
341 125
342 124
343 124
344 123
345 123
346 123
347 122
348 122
349 122
350 121
351 121
352 120
353 120
354 120
355 119
356 119
357 119
358 118
359 118
360 118
361 117
362 117
363 117
364 116
365 116
366 116
367 116
368 115
369 115
370 115
371 114
372 114
373 114
374 113
375 113
376 113
