32 63
33 63
34 63
35 64
36 64
37 64
38 65
39 65
40 65
41 65
42 66
43 66
44 66
45 67
46 67
47 67
48 67
49 68
50 68
51 68
52 69
53 69
54 69
55 70
56 70
57 70
58 70
59 71
60 71
61 71
62 71
63 72
64 72
65 72
66 73
67 73
68 73
69 73
70 74
71 74
72 74
73 75
74 75
75 75
76 75
77 76
78 76
79 76
80 76
81 77
82 77
83 77
84 77
85 77
86 78
87 78
88 78
89 78
90 78
91 79
92 79
93 79
94 79
95 79
96 79
97 80
98 80
99 80
100 80
101 81
102 81
103 81
104 81
105 82
106 82
107 83
108 83
109 84
110 84
111 85
112 85
113 86
114 87
115 87
116 88
117 89
118 90
119 90
120 91
121 92
122 93
123 94
124 94
125 95
126 96
127 97
128 98
129 98
130 99
131 100
132 101
133 102
134 102
135 103
136 104
137 104
138 105
139 106
140 106
141 107
142 107
143 108
144 108
145 109
146 109
147 110
148 110
149 110
150 111
151 111
152 111
153 111
154 112
155 112
156 112
157 112
158 112
159 112
160 112
161 112
162 112
163 112
164 111
165 111
166 111
167 111
168 111
169 110
170 110
171 110
172 109
173 109
174 109
175 109
176 108
177 108
178 108
179 107
180 107
181 107
182 106
183 106
184 105
185 105
186 105
187 104
188 104
189 103
190 103
191 103
192 102
193 102
194 101
195 101
196 101
197 100
198 100
199 99
200 99
201 99
202 98
203 98
204 98
205 97
206 97
207 96
208 96
209 95
210 95
211 95
212 94
213 94
214 93
215 93
216 93
217 92
218 92
219 91
220 91
221 91
222 90
223 90
224 89
225 89
226 89
227 88
228 88
229 88
230 87
231 87
232 86
233 86
234 85
235 85
236 85
237 84
238 84
239 83
240 83
241 82
242 82
243 81
244 81
245 81
246 80
247 80
248 79
249 78
250 78
251 77
252 77
253 76
254 76
255 75
256 75
257 74
258 74
259 73
260 73
261 72
262 71
263 71
264 70
265 70
266 69
267 69
268 68
269 68
270 67
271 67
272 66
273 66
274 65
275 65
276 64
277 64
278 63
279 63
280 62
281 62
282 61
283 61
284 60
285 60
286 59
287 59
288 58
289 58
290 58
291 57
292 57
293 56
294 56
295 55
296 55
297 54
298 54
299 53
300 53
301 52
302 51
303 51
304 50
305 50
306 49
307 49
308 48
309 48
310 47
311 47
312 47
313 46
314 46
315 45
316 45
317 45
318 45
319 45
320 45
321 45
322 45
323 45
324 46
325 46
326 47
327 48
328 49
328 50
329 51
330 52
330 53
331 54
331 55
332 56
332 57
333 58
333 59
334 60
334 61
334 62
335 63
335 64
336 65
336 66
336 67
337 68
337 69
338 70
338 71
338 72
339 73
339 74
340 75
340 76
340 77
341 78
341 79
342 80
342 81
342 82
343 83
343 84
344 85
344 86
345 87
345 88
346 89
346 90
347 91
347 92
348 93
348 94
349 95
349 96
350 97
351 98
351 99
352 100
353 101
353 102
354 103
355 104
356 105
357 106
358 107
359 108
360 109
361 109
362 110
363 110
364 111
365 111
366 112
367 112
368 113
369 113
370 113
371 113
372 114
373 114
374 114
375 114
376 114
377 114
378 114
379 114
380 114
381 114
382 114
383 114
384 114
385 114
386 114
387 114
388 113
389 113
390 113
391 113
392 113
393 113
394 113
395 112
396 112
397 112
398 112
399 112
400 111
401 111
402 111
403 111
404 111
405 110
406 110
407 110
408 110
409 110
410 110
411 109
412 109
413 109
414 109
415 109
416 109
417 108
418 108
419 108
420 108
421 108
422 108
423 108
424 107
425 107
426 107
427 107
428 107
429 107
430 107
431 107
432 107
433 107
434 107
435 107
436 107
437 107
438 107
439 107
440 107
441 107
442 107
443 107
444 107
445 107
446 107
447 107
448 107
449 107
450 108
451 108
452 108
453 108
454 108
455 108
456 109
457 109
458 109
459 109
460 109
461 110
462 110
463 110
464 110
465 110
466 111
467 111
468 111
469 111
470 111
471 112
472 112
473 112
474 112
475 112
476 112
477 112
478 113
479 113
480 113
481 113
482 113
483 113
484 113
485 113
486 113
487 113
488 113
489 113
490 113
491 113
492 113
493 113
494 113
495 113
496 112
497 112
498 112
499 112
500 112
501 112
502 112
503 112
504 112
505 112
506 112
507 112
508 112
509 112
510 112
511 112
512 112
513 113
514 113
515 113
516 113
517 113
518 113
519 113
520 113
521 113
522 113
523 113
524 113
525 113
526 113
527 113
528 113
529 114
530 114
531 114
532 114
533 114
534 114
535 114
536 114
537 114
538 114
539 115
540 115
541 115
542 115
543 115
544 115
545 115
546 115
547 116
548 116
549 116
550 116
551 116
552 117
553 117
554 117
555 117
556 118
557 118
558 118
559 119
560 119
561 120
562 120
563 121
564 121
565 122
566 122
567 123
568 123
569 124
570 125
571 126
572 127
573 127
574 128
575 129
576 130
577 131
578 132
579 133
580 134
581 135
582 136
583 137
584 138
585 139
586 140
587 141
588 142
589 143
590 144
591 145
592 146
592 147
593 148
594 149
595 150
596 151
597 152
598 153
599 154
600 155
600 156
601 157
602 158
603 159
603 160
604 161
605 162
606 163
606 164
607 165
608 166
608 167
609 168
610 169
610 170
611 171
611 172
612 173
613 174
613 175
614 176
614 177
615 178
616 179
616 180
617 181
617 182
618 183
618 184
619 185
620 186
620 187
621 188
621 189
622 190
623 191
623 192
624 193
625 194
625 195
626 196
627 197
627 198
628 199
629 200
629 201
630 202
631 203
632 204
633 205
634 206
635 207
636 208
637 209
638 210
639 211
640 212
641 213
642 213
643 214
644 214
645 215
646 215
647 216
648 216
649 216
650 216
651 217
652 217
653 217
654 217
655 216
656 216
657 216
658 216
659 215
660 214
661 214
662 213
663 212
664 211
665 210
666 209
667 208
668 207
669 206
670 205
670 204
671 203
672 202
672 201
673 200
674 199
674 198
675 197
675 196
676 195
676 194
677 193
677 192
678 191
678 190
679 189
679 188
680 187
680 186
681 185
681 184
682 183
682 182
683 181
683 180
684 179
684 178
684 177
685 176
685 175
686 174
686 173
687 172
687 171
687 170
688 169
688 168
689 167
689 166
689 165
690 164
690 163
691 162
691 161
692 160
692 159
692 158
693 157
693 156
