44 87
45 88
46 89
47 90
47 91
48 92
49 93
49 94
50 95
51 96
51 97
52 98
53 99
53 100
54 101
55 102
56 103
56 104
57 105
58 106
59 107
59 108
60 109
61 110
62 111
62 112
63 113
64 114
65 115
66 116
67 117
68 118
69 119
70 120
71 121
72 121
73 122
74 123
75 123
76 124
77 124
78 125
79 125
80 126
81 126
82 126
83 126
84 126
85 127
86 127
87 127
88 126
89 126
90 126
91 126
92 126
93 125
94 125
95 124
96 124
97 124
98 123
99 122
100 122
101 121
102 121
103 120
104 119
105 119
106 118
107 117
108 117
109 116
110 115
111 115
112 114
113 113
114 113
115 112
116 111
117 111
118 110
119 109
120 109
121 108
122 107
123 107
124 106
125 105
126 105
127 104
128 104
129 103
130 102
131 102
132 101
133 101
134 100
135 100
136 99
137 99
138 98
139 98
140 97
141 97
142 96
143 96
144 95
145 95
146 94
147 94
148 93
149 93
150 92
151 92
152 92
153 91
154 91
155 90
156 90
157 90
158 89
159 89
160 89
161 88
162 88
163 88
164 87
165 87
166 87
167 86
168 86
169 86
170 86
171 85
172 85
173 85
174 85
175 84
176 84
177 84
178 84
179 84
180 83
181 83
182 83
183 83
184 83
185 83
186 83
187 82
188 82
189 82
190 82
191 82
192 82
193 82
194 82
195 82
196 82
197 82
198 82
199 82
200 82
201 82
202 82
203 82
204 82
205 82
206 82
207 82
208 82
209 82
210 82
211 82
212 83
213 83
214 83
215 83
216 83
217 84
218 84
219 84
220 84
221 85
222 85
223 86
224 86
225 86
226 87
227 87
228 88
229 88
230 89
231 90
232 90
233 91
234 92
235 92
236 93
237 94
238 95
239 96
240 97
241 97
242 98
243 99
244 100
245 101
246 102
247 103
248 104
249 105
250 106
251 107
252 108
253 109
254 110
255 110
256 111
257 112
258 113
259 113
260 114
261 115
262 115
263 116
264 117
265 117
266 118
267 118
268 119
269 119
270 120
271 121
272 121
273 122
274 122
275 123
276 123
277 124
278 124
279 125
280 126
281 126
282 127
283 127
284 128
285 128
286 129
287 129
288 130
289 130
290 131
291 131
292 131
293 132
294 132
295 133
296 133
297 134
298 134
299 134
300 135
301 135
302 135
303 136
304 136
305 136
306 136
307 137
308 137
309 137
310 137
311 138
312 138
313 138
314 138
315 138
316 139
317 139
318 139
319 139
320 139
321 139
322 139
323 139
324 140
325 140
326 140
327 140
328 140
329 140
330 140
331 140
332 140
333 140
334 141
335 141
336 141
337 141
338 141
339 141
340 142
341 142
342 142
343 142
344 143
345 143
346 143
347 144
348 144
349 144
350 145
351 145
352 146
353 146
354 147
355 147
356 148
357 148
358 149
359 149
360 150
361 150
362 150
363 151
364 151
365 152
366 152
367 153
368 153
369 154
370 154
371 155
372 155
373 155
374 156
375 156
376 156
377 157
378 157
379 157
380 157
381 158
382 158
383 158
384 158
385 158
386 158
387 159
388 159
389 159
390 159
391 159
392 159
393 159
394 159
395 159
396 159
397 158
398 158
399 158
400 158
401 158
402 158
403 157
404 157
405 157
406 157
407 156
408 156
409 156
410 156
411 155
412 155
413 155
414 154
415 154
416 154
417 154
418 153
419 153
420 153
421 152
422 152
423 152
424 151
425 151
426 151
427 151
428 150
429 150
430 150
431 150
432 149
433 149
434 149
435 149
436 149
437 148
438 148
439 148
440 148
441 148
442 148
443 147
444 147
445 147
446 147
447 147
448 147
449 147
450 147
451 147
452 147
453 147
454 147
455 147
456 147
457 147
458 147
459 147
460 147
461 147
462 147
463 147
464 147
465 147
466 147
467 147
468 147
469 148
470 148
471 148
472 148
473 148
474 148
475 148
476 149
477 149
478 149
479 149
480 149
481 150
482 150
483 150
484 150
485 150
486 151
487 151
488 151
489 151
490 151
491 151
492 152
493 152
494 152
495 152
496 152
497 152
498 152
499 153
500 153
501 153
502 153
503 153
504 154
505 154
506 154
507 155
508 155
509 155
510 156
511 156
512 157
513 158
514 159
515 159
516 160
517 161
518 162
519 163
520 164
521 165
522 166
523 167
524 168
524 169
525 170
526 171
527 172
528 173
529 174
530 175
530 176
531 177
532 178
533 179
534 180
535 181
536 182
537 183
538 184
539 185
540 186
541 187
542 188
543 189
544 190
545 191
546 191
547 192
548 193
549 194
550 194
551 195
552 196
553 196
554 197
555 197
556 198
557 198
558 199
559 199
560 200
561 200
562 201
563 201
564 202
565 202
566 202
567 203
568 203
569 204
570 204
571 204
572 205
573 205
574 206
575 206
576 206
577 207
578 207
579 208
