6 28
7 28
8 28
9 29
10 29
11 29
12 29
13 29
14 29
15 29
16 30
17 30
18 30
19 30
20 30
21 29
22 29
23 29
24 29
25 29
26 29
27 29
28 29
29 29
30 29
31 30
32 30
33 30
34 30
35 30
36 30
37 30
38 31
39 31
40 31
41 31
42 32
43 32
44 32
45 33
46 33
47 33
48 34
49 34
50 34
51 35
52 35
53 36
54 36
55 36
56 37
57 37
58 38
59 38
60 39
61 39
62 40
63 40
64 41
65 41
66 42
67 42
68 43
69 43
70 44
71 44
72 45
73 45
74 46
75 46
76 47
77 48
78 48
79 49
80 49
81 50
82 50
83 51
84 52
85 52
86 53
87 53
88 54
89 55
90 55
91 56
92 57
93 58
94 58
95 59
96 60
97 61
98 62
99 62
100 63
101 64
102 65
103 66
104 67
105 68
