9 60
10 61
11 62
11 63
12 64
13 65
13 66
14 67
15 68
15 69
16 70
17 71
18 72
18 73
19 74
20 75
20 76
21 77
22 78
23 79
23 80
24 81
25 82
26 83
26 84
27 85
28 86
29 87
30 88
30 89
31 90
32 91
33 92
34 93
35 94
36 95
37 96
38 97
39 98
40 99
41 100
42 101
43 102
44 102
45 103
46 104
47 105
48 105
49 106
50 106
51 107
52 107
53 108
54 108
55 108
56 108
57 109
58 109
59 109
60 109
61 109
62 109
63 109
64 109
65 109
66 109
67 109
68 109
69 109
70 108
71 108
72 108
73 108
74 108
75 108
76 107
77 107
78 107
79 107
80 107
81 106
82 106
83 106
84 106
85 106
86 105
87 105
88 105
89 105
90 105
91 105
92 105
93 105
94 105
95 105
96 105
97 105
98 105
99 105
100 105
101 105
102 106
103 106
104 106
105 107
106 107
107 107
108 108
109 108
110 109
111 110
112 110
113 111
114 111
115 112
116 113
117 113
118 114
119 115
120 115
121 116
122 117
123 118
124 118
125 119
126 120
127 121
128 121
129 122
130 123
131 124
132 124
133 125
134 126
135 127
136 127
137 128
138 129
139 130
140 130
141 131
142 132
143 133
144 133
145 134
146 135
147 135
148 136
149 137
150 138
151 138
152 139
153 140
154 140
155 141
156 142
157 142
158 143
159 143
160 144
161 145
162 145
163 146
164 146
165 147
166 147
167 148
168 148
169 149
170 149
171 150
172 150
173 151
174 151
175 152
176 152
177 152
178 153
179 153
180 153
181 154
182 154
183 154
184 155
185 155
186 155
187 155
188 156
189 156
190 156
191 156
192 156
193 156
194 157
195 157
196 157
197 157
198 157
199 157
200 157
201 157
202 158
203 158
204 158
205 158
206 158
207 158
208 158
209 158
210 158
211 158
212 158
213 159
214 159
215 159
216 159
217 159
218 159
219 159
220 159
221 159
222 160
223 160
224 160
225 160
226 160
227 160
228 160
229 161
230 161
231 161
232 161
233 161
234 161
235 161
236 162
237 162
238 162
239 162
240 162
241 162
242 162
243 162
244 162
245 162
246 162
247 162
248 162
249 162
250 162
251 162
252 162
253 162
254 162
255 162
256 162
257 162
258 161
259 161
260 161
261 161
262 161
263 161
264 161
265 160
266 160
267 160
268 160
269 160
270 160
271 160
272 159
273 159
274 159
275 159
276 159
277 159
278 159
279 159
280 159
281 158
282 158
283 158
284 158
285 158
286 158
287 158
288 158
289 158
290 158
291 158
292 158
293 158
294 159
295 159
296 159
297 159
298 159
299 158
300 158
301 158
302 158
303 158
304 158
305 158
306 157
307 157
308 156
309 156
310 155
311 155
312 154
313 154
314 153
315 152
316 151
317 150
318 149
319 149
320 148
321 147
322 146
323 145
324 144
325 143
326 142
327 141
328 140
329 139
330 138
331 137
332 136
333 135
334 134
