22 4
23 5
24 5
25 6
26 6
27 7
28 8
29 8
30 9
31 9
32 10
33 11
34 11
35 12
36 12
37 13
38 14
39 14
40 15
41 16
42 17
43 17
44 18
45 19
46 20
47 21
48 21
49 22
50 23
51 24
52 25
53 26
54 27
55 28
56 29
57 30
58 31
59 32
60 33
61 34
62 35
62 36
63 37
64 38
65 39
66 40
67 41
67 42
68 43
69 44
70 45
70 46
71 47
72 48
73 49
73 50
74 51
75 52
75 53
76 54
77 55
77 56
78 57
79 58
79 59
80 60
80 61
81 62
82 63
82 64
83 65
83 66
84 67
85 68
85 69
86 70
86 71
87 72
87 73
88 74
88 75
89 76
89 77
90 78
90 79
91 80
91 81
92 82
92 83
93 84
94 85
94 86
95 87
95 88
96 89
96 90
97 91
97 92
97 93
98 94
98 95
99 96
99 97
100 98
100 99
101 100
101 101
102 102
102 103
103 104
103 105
104 106
104 107
105 108
105 109
106 110
106 111
107 112
107 113
108 114
108 115
109 116
109 117
110 118
110 119
111 120
111 121
112 122
112 123
113 124
113 125
114 126
114 127
115 128
115 129
116 130
116 131
117 132
118 133
118 134
119 135
119 136
120 137
120 138
121 139
122 140
122 141
123 142
124 143
124 144
125 145
126 146
126 147
127 148
128 149
129 150
129 151
130 152
131 153
132 154
133 155
133 156
134 157
135 158
136 159
137 160
138 161
139 162
140 163
141 164
142 164
143 165
144 166
145 166
146 167
147 167
148 168
149 168
150 168
151 168
152 167
153 167
154 166
155 166
156 165
157 164
158 163
158 162
159 161
160 160
161 159
161 158
162 157
163 156
163 155
164 154
165 153
165 152
166 151
166 150
167 149
168 148
168 147
169 146
170 145
171 144
172 143
172 142
173 141
174 140
175 139
176 139
177 138
178 137
179 137
180 137
181 136
182 136
183 136
184 136
185 136
186 137
187 137
188 137
189 137
190 138
191 138
192 138
193 138
194 139
195 139
196 139
197 140
198 140
199 140
200 140
201 140
202 140
203 140
204 140
205 141
206 140
207 140
208 140
209 140
210 140
211 140
212 140
213 140
214 140
215 140
216 139
217 139
218 139
219 139
220 139
221 139
222 138
223 138
224 138
225 138
226 137
227 137
228 137
229 137
230 136
231 136
232 136
233 136
234 135
235 135
236 135
237 135
238 134
239 134
240 134
241 134
242 134
243 134
244 134
245 134
246 133
247 133
248 133
249 133
250 134
251 134
252 134
253 134
254 134
255 134
256 135
257 135
258 135
259 136
260 136
261 136
262 137
263 137
264 138
265 138
266 139
267 140
268 140
269 141
270 142
271 143
272 143
273 144
274 145
275 146
276 147
277 148
278 149
279 150
280 151
281 152
282 153
283 154
284 155
284 156
285 157
286 158
287 159
288 160
289 161
289 162
290 163
291 164
292 165
293 166
293 167
294 168
295 169
296 170
297 171
297 172
298 173
299 174
300 175
301 176
301 177
302 178
303 179
304 180
305 181
305 182
306 183
307 184
308 185
309 186
310 187
311 188
312 189
313 190
314 190
315 191
316 192
317 193
318 193
319 194
320 194
321 195
322 195
323 195
324 196
325 196
326 196
327 196
328 196
329 196
330 195
331 195
332 195
333 194
334 194
335 193
336 193
337 192
338 191
339 191
340 190
341 189
342 188
343 188
344 187
345 186
346 185
347 184
348 184
349 183
350 182
351 181
352 180
353 179
354 178
355 178
356 177
357 176
358 175
359 174
360 173
361 173
362 172
363 171
364 170
365 169
366 168
367 168
368 167
369 166
370 165
371 165
372 164
373 163
374 162
375 162
376 161
377 160
378 160
379 159
380 158
381 158
382 157
383 157
384 156
385 155
386 155
387 154
388 154
389 153
390 153
391 152
392 152
393 151
394 151
395 150
396 150
397 149
398 149
399 148
400 148
401 147
402 147
403 146
404 146
405 146
406 145
407 145
408 144
409 144
