31 29
32 29
33 30
34 30
35 30
36 31
37 31
38 32
39 32
40 32
41 33
42 33
43 34
44 34
45 35
46 35
47 36
48 36
49 37
50 37
51 38
52 39
53 39
54 40
55 41
56 41
57 42
58 43
59 44
60 45
61 46
62 46
63 47
64 48
65 49
66 50
67 51
68 52
69 53
70 54
71 55
72 56
73 57
74 58
75 59
76 60
77 61
78 62
79 63
80 63
81 64
82 65
83 66
84 67
85 67
86 68
87 69
88 70
89 70
90 71
91 71
92 72
93 73
94 73
95 74
96 74
97 75
98 75
99 76
100 76
101 76
102 77
103 77
104 78
105 78
106 78
107 78
108 79
109 79
110 79
111 79
112 80
113 80
114 80
115 80
116 80
117 80
118 80
119 80
120 80
121 80
122 80
123 80
124 80
125 80
126 80
127 80
128 80
129 80
130 80
131 80
132 80
133 80
134 80
135 80
136 80
137 80
138 80
139 80
140 80
141 80
142 80
143 80
144 80
145 80
146 80
147 80
148 80
149 81
150 81
151 81
152 81
153 81
154 81
155 81
156 82
157 82
158 82
159 82
160 83
161 83
162 83
163 83
164 84
165 84
166 84
167 84
168 85
169 85
170 85
171 86
172 86
173 86
174 87
175 87
176 87
177 88
178 88
179 89
180 89
181 89
182 90
183 90
184 91
185 91
186 91
187 92
188 92
189 92
190 93
191 93
192 93
193 94
194 94
195 94
196 95
197 95
198 95
199 95
200 96
201 96
202 96
203 96
204 96
205 96
206 96
207 96
208 96
209 96
210 95
211 95
212 95
213 95
214 95
215 95
216 96
217 96
218 96
219 97
220 97
221 98
222 98
223 99
224 100
225 101
226 102
227 103
228 104
229 105
230 106
231 107
232 108
233 109
234 110
235 111
236 112
237 113
238 114
238 115
239 116
240 117
241 118
242 119
243 120
244 121
245 122
245 123
246 124
247 125
248 126
249 127
250 128
251 129
252 130
252 131
253 132
254 133
255 134
256 135
256 136
