8 8
9 9
10 10
10 11
11 12
11 13
12 14
12 15
13 16
13 17
14 18
14 19
15 20
15 21
16 22
17 23
17 24
18 25
19 26
20 27
20 28
21 29
22 30
23 30
24 31
25 32
26 33
27 33
28 34
29 35
30 35
31 35
32 36
33 36
34 36
35 36
36 36
37 37
38 37
39 37
40 37
41 37
42 36
43 36
44 36
45 36
46 36
47 36
48 36
49 36
50 36
51 36
52 36
53 36
54 36
55 36
56 36
57 36
58 36
59 36
60 37
61 37
62 37
63 37
64 38
65 38
66 38
67 39
68 39
69 40
70 40
71 41
72 42
73 43
74 43
75 44
76 45
77 46
78 47
79 48
79 49
80 50
81 51
82 52
82 53
83 54
84 55
84 56
85 57
86 58
86 59
87 60
87 61
88 62
89 63
89 64
90 65
91 66
92 67
93 68
93 69
94 70
95 70
96 71
97 72
98 72
99 73
100 73
101 73
102 73
103 73
104 73
105 73
106 72
107 72
108 72
109 72
110 71
111 71
112 70
113 70
114 70
115 69
116 69
117 68
118 68
119 68
120 67
121 67
122 67
123 66
124 66
125 66
126 66
127 66
128 66
129 66
130 66
131 66
132 66
133 66
134 66
135 66
136 67
137 67
138 67
139 67
140 68
141 68
142 68
143 68
144 68
145 69
146 69
147 69
148 69
149 69
150 69
151 69
152 69
153 68
154 68
155 68
156 67
157 67
158 66
159 66
160 65
161 65
162 64
163 63
164 63
165 62
166 61
167 61
168 60
169 59
170 59
171 58
172 58
173 57
174 57
175 57
176 57
177 57
178 57
179 58
180 58
181 59
181 60
182 61
183 62
183 63
184 64
185 65
185 66
186 67
187 68
188 69
189 70
190 71
191 72
192 72
193 73
194 74
195 74
196 75
197 75
198 76
199 76
200 77
201 77
202 78
203 78
204 79
205 79
206 79
207 80
208 80
209 80
210 81
211 81
212 81
213 82
214 82
215 82
216 82
217 83
218 83
219 83
220 84
221 84
222 84
223 85
224 85
225 85
226 86
227 86
228 87
229 87
230 87
231 88
232 88
233 89
234 89
235 90
236 90
237 90
238 91
239 91
240 92
241 92
242 93
243 93
244 94
245 94
246 95
247 95
248 96
249 96
250 97
251 97
252 97
253 97
254 97
255 98
256 98
257 97
258 97
259 97
260 97
261 97
262 96
263 96
264 96
265 95
266 95
267 94
268 94
269 93
270 93
271 92
272 92
273 91
274 91
275 90
276 90
277 89
278 89
279 88
280 87
281 87
282 86
283 86
284 85
285 84
286 84
287 83
288 82
289 82
290 81
291 80
292 80
293 79
294 79
295 78
296 78
297 77
298 77
299 76
300 76
301 76
302 76
303 76
304 76
305 76
306 77
307 77
308 78
309 78
310 79
311 80
312 81
312 82
313 83
314 84
314 85
315 86
315 87
316 88
317 89
317 90
318 91
318 92
