36 56
37 56
38 56
39 56
40 56
41 57
42 57
43 57
44 57
45 57
46 57
47 57
48 58
49 58
50 58
51 58
52 58
53 58
54 58
55 58
56 58
57 58
58 59
59 59
60 59
61 59
62 59
63 59
64 60
65 60
66 60
67 60
68 61
69 61
70 62
71 62
72 63
73 63
74 64
75 64
76 65
77 65
78 66
79 67
80 68
81 68
82 69
83 70
84 71
85 71
86 72
87 73
88 74
89 75
90 76
91 77
92 77
93 78
94 79
95 80
96 81
97 82
98 83
99 83
100 84
101 85
102 86
103 87
104 88
105 88
106 89
107 90
108 91
109 91
110 92
111 93
112 93
113 94
114 95
115 95
116 96
117 97
118 97
119 98
120 98
121 99
122 99
123 100
124 100
125 101
126 101
127 102
128 102
129 103
130 103
131 103
132 104
133 104
134 104
135 105
136 105
137 105
138 105
139 106
140 106
141 106
142 106
143 106
144 106
145 107
146 107
147 107
148 107
149 107
150 108
151 108
152 108
153 108
154 108
155 109
156 109
157 109
158 109
159 109
160 110
161 110
162 110
163 111
164 111
165 111
166 112
167 112
168 112
169 113
170 113
171 114
172 114
173 115
174 115
175 116
176 116
177 117
178 117
179 118
180 118
181 119
182 119
183 120
184 120
185 121
186 122
187 122
188 123
189 123
190 124
191 125
192 125
193 126
194 127
195 127
196 128
197 129
198 130
199 131
200 132
201 132
202 133
203 134
204 135
205 136
205 137
206 138
207 139
208 140
209 141
210 142
211 143
211 144
212 145
213 146
214 147
215 148
215 149
216 150
217 151
218 152
219 153
220 154
221 155
222 156
223 157
224 158
225 159
226 160
227 161
228 161
229 162
230 163
231 163
232 164
233 164
234 165
235 165
236 166
237 166
238 166
239 166
240 167
241 167
242 167
243 167
244 167
245 167
246 167
247 167
248 167
249 167
250 167
251 167
252 167
253 167
254 167
255 166
256 166
257 166
258 166
259 166
260 165
261 165
262 165
263 164
264 164
265 164
266 163
267 163
268 163
269 162
270 162
271 162
272 161
273 161
274 160
275 160
276 160
277 159
278 159
279 158
280 158
281 157
282 157
283 156
284 156
285 155
286 155
287 154
288 154
289 153
290 153
291 152
292 151
293 151
294 150
295 150
296 149
297 149
298 148
299 148
300 147
301 146
302 146
303 145
304 145
305 144
306 144
307 143
308 143
309 142
310 141
311 141
312 140
313 140
314 139
315 139
316 138
317 138
318 137
319 137
320 136
321 136
322 135
323 135
324 134
325 134
326 134
327 133
328 133
329 132
330 132
331 131
332 131
333 131
334 130
335 130
336 130
337 129
338 129
339 129
340 128
341 128
342 128
343 128
344 127
345 127
346 127
347 127
348 126
349 126
350 126
351 126
352 126
353 126
354 126
355 126
356 126
357 126
358 126
359 126
360 126
361 126
362 126
363 126
364 126
365 126
366 126
367 127
368 127
369 127
370 127
371 128
372 128
373 128
374 129
375 129
376 129
377 130
378 130
379 131
380 131
381 132
382 133
383 133
384 134
385 134
386 135
387 136
388 136
389 137
390 138
391 139
392 139
393 140
394 141
395 142
396 143
397 144
398 144
399 145
400 146
401 147
402 148
403 149
404 149
405 150
406 151
407 152
408 153
409 154
410 154
411 155
412 156
413 157
414 157
415 158
416 159
417 159
418 160
419 160
420 161
421 161
422 162
423 162
424 163
425 163
426 164
427 164
428 164
429 164
430 165
431 165
432 165
433 165
434 166
435 166
436 166
437 166
438 166
439 166
440 166
441 166
442 166
443 166
444 166
445 166
446 166
447 166
448 166
449 166
450 166
451 166
452 165
453 165
454 165
455 165
456 165
457 165
458 165
459 165
460 165
461 164
462 164
463 164
464 164
465 164
466 164
467 164
468 164
469 164
470 164
471 164
472 164
473 163
474 163
475 163
476 163
477 164
478 164
479 164
480 164
481 164
482 164
483 164
484 164
485 164
486 165
487 165
488 165
489 165
490 165
491 166
492 166
493 166
494 167
495 167
496 167
497 168
498 168
499 168
500 169
501 169
502 170
503 170
504 170
505 171
506 171
507 172
508 172
509 173
510 173
511 174
512 174
513 174
514 175
515 175
516 176
517 176
518 177
519 177
520 178
521 178
522 179
523 179
524 180
525 180
526 181
527 181
528 181
529 182
530 182
531 183
532 183
533 184
534 184
535 185
536 185
537 186
538 186
539 187
540 187
541 188
542 188
543 189
544 189
545 190
546 190
547 190
548 191
549 191
550 192
551 192
552 193
553 193
554 193
555 194
556 194
557 194
558 195
559 195
560 195
561 196
562 196
563 196
564 196
565 197
566 197
567 197
568 197
569 197
570 197
571 197
572 198
573 198
574 198
575 198
576 198
577 198
578 198
579 198
580 197
581 197
582 197
583 197
584 197
585 197
586 197
587 197
588 196
589 196
590 196
591 196
592 196
593 196
594 195
595 195
596 195
597 195
598 195
599 194
600 194
601 194
602 194
603 194
604 193
605 193
606 193
607 193
608 192
609 192
610 192
611 192
612 191
613 191
614 191
615 190
616 190
617 190
618 189
619 189
620 189
621 188
622 188
623 187
624 187
625 186
626 186
627 185
628 184
629 184
630 183
631 182
632 182
633 181
634 180
635 179
636 179
637 178
638 177
639 176
640 175
641 174
642 173
643 172
644 171
645 170
646 169
647 168
647 167
648 166
649 165
650 164
651 163
652 162
653 161
653 160
654 159
655 158
656 157
