24 80
25 81
25 82
26 83
27 84
27 85
28 86
29 87
29 88
30 89
31 90
31 91
32 92
33 93
33 94
34 95
35 96
36 97
36 98
37 99
38 100
39 101
39 102
40 103
41 104
42 105
42 106
43 107
44 108
45 109
46 110
46 111
47 112
48 113
49 114
50 115
51 116
52 117
53 118
54 119
55 120
56 121
57 122
58 123
59 123
60 124
61 125
62 126
63 126
64 127
65 127
66 128
67 128
68 129
69 129
70 129
71 129
72 130
73 130
74 130
75 130
76 130
77 130
78 130
79 130
80 130
81 130
82 129
83 129
84 129
85 128
86 128
87 127
88 127
89 126
90 126
91 125
92 125
93 124
94 124
95 123
96 123
97 122
98 121
99 121
100 120
101 120
102 119
103 119
104 118
105 118
106 117
107 117
108 116
109 116
110 115
111 115
112 114
113 114
114 114
115 113
116 113
117 113
118 112
119 112
120 112
121 112
122 112
123 112
124 111
125 111
126 111
127 111
128 111
129 111
130 112
131 112
132 112
133 112
134 112
135 113
136 113
137 113
138 114
139 114
140 114
141 115
142 115
143 116
144 117
145 117
146 118
147 118
148 119
149 120
150 120
151 121
152 122
153 123
154 123
155 124
156 125
157 126
158 127
159 127
160 128
161 129
162 130
163 131
164 132
165 133
166 133
167 134
168 135
169 136
170 137
171 138
172 139
173 140
174 140
175 141
176 142
177 143
178 144
179 145
180 145
181 146
182 147
183 148
184 148
185 149
186 150
187 150
188 151
189 151
190 152
191 152
192 153
193 153
194 154
195 154
196 155
197 156
198 156
199 157
200 157
201 158
202 159
203 159
204 160
205 161
206 162
207 163
208 164
209 164
210 165
211 166
212 167
213 168
214 169
215 170
216 171
217 172
218 173
219 174
220 174
221 175
222 176
223 177
224 177
225 178
226 179
227 179
228 180
229 180
230 181
231 182
232 182
233 182
234 183
235 183
236 184
237 184
238 184
239 185
240 185
241 185
242 186
243 186
244 186
245 186
246 187
247 187
248 187
249 187
250 187
251 187
252 188
253 188
254 188
255 188
256 188
257 188
258 188
259 188
260 188
261 188
262 188
263 188
264 188
265 188
266 188
267 188
268 188
269 188
270 187
271 187
272 187
273 187
274 187
275 187
276 187
277 187
278 187
279 186
280 186
281 186
282 186
283 186
284 186
285 186
286 186
287 185
288 185
289 185
290 185
291 185
292 185
293 185
294 184
295 184
296 184
297 184
298 184
299 184
300 184
301 184
302 183
303 183
304 183
305 183
306 183
307 183
308 183
309 183
310 182
311 182
312 182
313 182
314 182
315 182
316 181
317 181
318 181
319 180
320 180
321 180
322 179
323 179
324 178
325 178
326 177
327 176
328 176
329 175
330 174
331 173
332 172
333 171
334 170
335 169
336 168
337 167
338 166
339 165
340 164
341 163
342 162
342 161
343 160
344 159
345 158
346 157
346 156
347 155
348 154
349 153
349 152
350 151
351 150
352 149
353 148
354 147
354 146
355 145
356 144
357 143
358 142
358 141
359 140
360 139
361 138
362 137
362 136
363 135
364 134
365 133
366 132
366 131
367 130
368 129
369 128
370 127
370 126
371 125
372 124
373 123
374 122
375 121
375 120
376 119
377 118
378 117
379 116
380 115
381 114
381 113
382 112
383 111
384 110
385 110
386 109
387 108
388 107
389 106
390 106
391 105
392 104
393 104
394 103
395 103
396 102
397 102
398 101
399 101
400 100
401 100
402 100
403 99
404 99
405 99
406 99
407 98
408 98
409 98
410 98
411 98
412 98
413 98
414 98
415 98
416 97
417 97
418 97
419 98
420 98
421 98
422 98
423 98
424 98
425 98
426 98
427 99
428 99
429 99
430 99
431 99
432 100
433 100
434 100
435 101
436 101
437 101
438 102
439 102
440 103
441 103
442 103
443 104
444 104
445 105
446 105
447 105
448 106
449 106
450 107
451 107
452 108
453 108
454 108
455 109
456 109
457 110
458 110
459 110
460 111
461 111
462 111
463 112
464 112
465 113
466 113
467 113
468 113
469 114
470 114
471 114
472 115
473 115
474 115
475 115
476 116
477 116
478 116
479 116
480 117
481 117
482 117
483 117
484 118
485 118
486 118
487 119
488 119
489 119
490 120
491 120
492 120
493 121
494 121
495 121
496 122
497 122
498 123
499 123
500 124
501 124
502 125
503 125
504 126
505 126
506 127
507 128
508 128
509 129
510 129
511 130
512 130
513 131
514 132
515 132
516 133
517 134
518 134
519 135
520 135
521 136
522 137
523 137
524 138
525 138
526 139
527 139
528 140
529 140
530 141
531 141
532 142
533 142
534 143
535 143
536 144
537 144
538 144
539 145
540 145
541 145
542 146
543 146
544 146
545 147
546 147
547 147
548 147
549 147
550 147
551 148
552 148
553 148
554 148
555 148
556 148
557 148
558 148
559 148
560 148
561 147
562 147
563 147
564 147
565 147
566 146
567 146
568 146
569 145
570 145
571 144
572 144
573 143
574 143
575 142
576 142
577 141
578 140
579 140
580 139
581 138
582 138
583 137
584 136
585 135
586 134
587 133
588 132
589 132
590 131
591 130
592 129
593 128
594 127
595 126
596 125
597 124
598 123
599 122
600 121
601 120
602 119
603 118
604 117
605 116
606 116
607 115
608 114
609 113
610 112
611 111
612 110
613 110
614 109
615 108
616 108
617 107
618 106
619 106
620 105
621 105
622 104
623 104
624 103
625 103
626 103
627 102
628 102
629 102
630 102
631 102
632 102
633 102
634 102
635 103
636 103
637 103
638 104
639 104
640 105
641 106
642 106
643 107
644 108
645 109
646 110
647 111
648 112
649 113
650 114
651 115
652 116
653 117
654 118
655 119
656 120
657 121
658 122
659 123
660 124
661 125
662 126
663 127
664 128
665 129
666 130
667 131
668 132
669 132
670 133
671 134
672 135
673 136
674 137
675 138
676 139
677 139
678 140
679 141
680 141
681 142
682 142
683 143
684 143
685 144
686 144
687 144
688 145
689 145
690 145
691 145
692 145
693 145
694 145
695 145
696 145
697 145
698 145
699 145
700 145
701 145
702 145
703 145
704 145
705 145
706 145
707 145
708 145
709 145
710 145
711 145
712 145
713 145
714 145
715 146
716 146
717 146
718 146
719 147
720 147
721 147
722 148
723 148
724 149
725 149
726 150
727 150
728 151
729 151
730 152
731 152
732 153
733 154
