10 40
11 41
12 42
12 43
13 44
14 45
14 46
15 47
16 48
16 49
17 50
18 51
19 52
19 53
20 54
21 55
21 56
22 57
23 58
24 59
25 60
25 61
26 62
27 63
28 64
29 65
30 66
31 67
32 68
33 69
34 70
35 70
36 71
37 72
38 72
39 72
40 73
41 73
42 73
43 73
44 73
45 72
46 72
47 72
48 71
49 71
50 71
51 70
52 70
53 69
54 69
55 68
56 68
57 68
58 67
59 67
60 67
61 67
62 67
63 67
64 67
65 67
66 67
67 67
68 67
69 67
70 67
71 68
72 68
73 69
74 69
75 69
76 70
77 70
78 71
79 71
80 72
81 72
82 73
83 74
84 74
85 75
86 75
87 76
88 76
89 77
90 77
91 78
92 78
93 79
94 79
95 80
96 80
97 81
98 81
99 82
100 82
101 83
102 83
103 84
104 84
105 85
106 85
107 85
108 86
109 86
110 87
111 87
112 87
113 88
114 88
115 89
116 89
117 90
118 90
119 91
120 92
121 93
122 94
123 95
124 96
125 97
126 98
127 99
128 100
129 101
130 102
131 103
132 104
133 105
134 106
135 107
136 108
137 109
138 110
139 111
140 111
141 112
142 113
143 113
144 114
145 114
146 115
147 115
148 116
149 116
150 117
151 117
152 117
153 118
154 118
155 118
156 118
157 119
158 119
159 119
160 119
161 119
162 119
163 119
164 119
165 119
166 120
167 120
168 120
169 119
170 119
171 119
172 119
173 119
174 119
175 119
176 119
177 119
178 118
179 118
180 118
181 118
182 118
183 118
184 117
185 117
186 117
187 117
188 117
189 116
190 116
191 116
192 116
193 116
194 116
195 115
196 115
197 115
198 115
199 115
200 115
201 115
202 115
203 115
204 115
205 115
206 115
207 114
208 114
209 114
210 114
211 114
212 114
213 114
214 115
215 115
216 115
217 115
218 115
219 115
220 115
221 115
222 115
223 115
224 115
225 115
226 115
227 115
228 116
229 116
230 116
231 116
232 116
233 116
234 116
235 117
236 117
237 117
238 117
239 117
240 117
241 118
242 118
243 118
244 118
245 118
246 118
247 118
248 118
249 118
250 118
251 118
252 118
253 118
254 118
255 118
256 117
257 117
258 117
259 116
260 116
261 116
262 115
263 115
264 114
265 114
266 113
267 113
268 112
269 112
270 111
271 111
272 110
273 110
274 109
275 109
276 108
277 107
278 107
279 106
280 106
281 105
282 105
283 104
284 104
285 103
286 103
287 102
288 102
289 101
290 101
291 101
292 100
293 100
294 99
295 99
296 98
297 98
298 97
299 97
300 97
