19 17
19 18
20 19
20 20
20 21
20 22
21 23
21 24
21 25
21 26
22 27
22 28
22 29
22 30
23 31
23 32
23 33
23 34
24 35
24 36
24 37
24 38
25 39
25 40
25 41
25 42
26 43
26 44
26 45
26 46
27 47
27 48
27 49
28 50
28 51
28 52
28 53
29 54
29 55
29 56
30 57
30 58
30 59
31 60
31 61
31 62
32 63
32 64
32 65
33 66
33 67
34 68
34 69
34 70
35 71
35 72
36 73
36 74
36 75
37 76
37 77
38 78
38 79
39 80
39 81
40 82
40 83
41 84
41 85
42 86
42 87
43 88
43 89
44 90
45 91
45 92
46 93
46 94
47 95
48 96
48 97
49 98
50 99
51 100
51 101
52 102
53 103
53 104
54 105
55 106
56 107
57 108
57 109
58 110
59 111
60 112
61 113
62 114
63 115
64 116
65 117
66 118
67 119
68 120
69 121
70 122
71 122
72 123
73 124
74 125
75 125
76 126
77 127
78 127
79 128
80 129
81 129
82 130
83 130
84 131
85 131
86 132
87 132
88 133
89 133
90 134
91 134
92 135
93 135
94 136
95 136
96 137
97 137
98 138
99 138
100 138
101 139
102 139
103 140
104 140
105 141
106 141
107 141
108 142
109 142
110 143
111 143
112 143
113 144
114 144
115 144
116 145
117 145
118 145
119 145
120 146
121 146
122 146
123 146
124 147
125 147
126 147
127 147
128 147
129 147
130 148
131 148
132 148
133 148
134 148
135 148
136 148
137 148
138 148
139 148
140 148
141 148
142 148
143 148
144 148
145 148
146 148
147 148
148 148
149 147
150 147
151 147
152 147
153 147
154 146
155 146
156 146
157 146
158 146
159 145
160 145
161 145
162 145
163 144
164 144
165 144
166 143
167 143
168 143
169 142
170 142
171 142
172 141
173 141
174 141
175 140
176 140
177 140
178 139
179 139
180 139
181 138
