24 52
25 53
26 54
26 55
27 56
28 57
28 58
29 59
30 60
30 61
31 62
32 63
33 64
33 65
34 66
35 67
36 68
36 69
37 70
38 71
39 72
40 73
41 74
41 75
42 76
43 77
44 78
45 79
46 80
47 80
48 81
49 82
50 83
51 84
52 84
53 85
54 86
55 86
56 87
57 87
58 87
59 88
60 88
61 88
62 88
63 88
64 88
65 88
66 88
67 87
68 87
69 86
70 86
71 85
72 85
73 84
74 84
75 83
76 82
77 82
78 81
79 80
80 80
81 79
82 78
83 78
84 77
85 76
86 76
87 75
88 74
89 74
90 73
91 72
92 72
93 71
94 71
95 70
96 69
97 69
98 68
99 68
100 67
101 66
102 66
103 65
104 65
105 64
106 63
107 63
108 62
109 62
110 61
111 61
112 60
113 59
114 59
115 58
116 58
117 57
118 57
119 56
120 56
121 55
122 55
123 54
124 54
125 54
126 53
127 53
128 53
129 52
130 52
131 52
132 52
133 52
134 52
135 52
136 52
137 52
138 52
139 52
140 52
141 52
142 53
143 53
144 54
145 55
146 55
147 56
148 57
149 58
150 59
151 60
152 61
153 62
153 63
154 64
155 65
155 66
156 67
157 68
157 69
158 70
159 71
159 72
160 73
161 74
161 75
162 76
162 77
163 78
164 79
164 80
165 81
165 82
166 83
167 84
167 85
168 86
168 87
169 88
170 89
170 90
171 91
171 92
172 93
173 94
173 95
174 96
174 97
175 98
176 99
176 100
177 101
177 102
178 103
179 104
179 105
180 106
181 107
182 108
182 109
183 110
184 111
185 112
186 113
187 114
188 115
189 115
190 116
191 117
192 117
193 118
194 118
195 118
196 119
197 119
198 119
199 119
200 119
201 119
202 119
203 119
204 119
205 119
206 118
207 118
208 118
209 118
210 118
211 117
212 117
213 117
214 117
215 116
216 116
217 116
218 116
219 116
220 115
221 115
222 115
223 115
224 115
225 114
226 114
227 114
228 114
229 114
230 113
231 113
232 113
233 113
234 112
235 112
236 112
237 112
238 111
239 111
240 111
241 110
242 110
243 110
244 109
245 109
246 108
247 108
248 107
249 107
250 106
251 105
252 105
253 104
254 103
255 103
256 102
257 101
258 101
259 100
260 99
261 98
262 97
263 97
264 96
265 95
266 94
267 93
268 92
269 91
270 91
271 90
272 90
