20 75
20 76
21 77
22 78
22 79
23 80
23 81
24 82
24 83
25 84
26 85
26 86
27 87
28 88
28 89
29 90
30 91
30 92
31 93
32 94
33 95
34 96
35 97
36 98
37 99
38 100
39 100
40 101
41 101
42 102
43 102
44 102
45 102
46 102
47 102
48 101
49 101
50 100
51 100
52 99
53 99
54 98
55 97
56 97
57 96
58 95
59 94
60 93
61 93
62 92
63 91
64 90
65 89
66 88
67 87
68 86
69 85
70 84
71 83
72 83
73 82
74 81
75 80
76 79
77 78
78 78
79 77
80 76
81 75
82 74
83 74
84 73
85 72
86 71
87 71
88 70
89 69
90 69
91 68
92 68
93 67
94 66
95 66
96 65
97 65
98 64
99 64
100 64
101 63
102 63
103 63
104 62
105 62
106 62
107 62
108 62
109 62
110 62
111 62
112 62
113 63
114 63
115 63
116 64
117 64
118 65
119 66
120 66
121 67
122 68
123 69
124 70
125 71
125 72
126 73
127 74
128 75
128 76
129 77
130 78
130 79
131 80
132 81
132 82
133 83
133 84
134 85
134 86
135 87
136 88
136 89
137 90
137 91
138 92
138 93
139 94
139 95
139 96
140 97
140 98
141 99
141 100
142 101
142 102
143 103
143 104
143 105
144 106
144 107
145 108
145 109
146 110
146 111
146 112
147 113
147 114
148 115
148 116
149 117
149 118
149 119
150 120
150 121
151 122
151 123
152 124
152 125
153 126
153 127
154 128
154 129
155 130
155 131
156 132
156 133
157 134
158 135
159 136
160 137
161 138
162 139
163 139
164 139
165 139
166 138
167 138
168 137
169 137
170 136
171 135
172 135
173 134
174 133
175 133
176 132
177 131
178 131
179 131
180 130
181 130
182 130
183 130
184 130
185 130
186 130
187 130
188 130
189 131
190 131
191 132
192 132
193 133
194 133
195 134
196 135
197 135
198 136
199 137
200 138
201 139
202 140
203 141
204 141
205 142
206 143
206 144
207 145
208 146
209 147
210 148
211 149
212 150
213 151
214 152
215 153
216 154
217 155
218 156
219 157
220 158
221 159
222 159
223 160
224 161
225 161
226 162
227 163
228 163
229 164
230 164
231 165
232 165
233 166
234 166
235 167
236 167
237 168
238 168
239 169
240 169
241 170
242 170
243 171
244 171
245 172
246 172
247 173
248 173
249 174
250 174
251 175
252 175
253 176
254 176
255 177
256 177
257 178
258 178
259 179
260 179
261 180
262 180
263 180
264 181
265 181
266 182
267 182
268 183
269 183
270 184
271 184
272 185
273 185
274 185
275 186
276 186
277 187
278 187
279 188
280 188
281 188
282 189
283 189
284 189
285 190
286 190
287 190
288 191
289 191
290 191
291 192
292 192
293 192
294 192
295 193
296 193
297 193
298 193
299 194
300 194
301 194
302 194
303 194
304 194
305 195
306 195
307 195
308 195
309 195
310 195
311 195
312 195
313 195
314 195
315 195
316 195
317 195
318 195
319 195
320 194
321 194
322 194
323 194
324 194
325 193
326 193
327 193
328 192
329 192
330 192
331 191
332 191
333 191
334 190
335 190
336 189
337 189
338 188
339 188
340 187
341 187
342 186
343 186
344 185
345 185
346 184
347 183
348 183
349 182
350 182
351 181
352 180
353 180
354 179
355 179
356 178
357 177
358 177
359 176
360 175
361 174
362 174
363 173
364 172
365 171
366 170
367 169
367 168
368 167
369 166
370 165
370 164
371 163
371 162
372 161
372 160
373 159
373 158
374 157
374 156
375 155
375 154
376 153
376 152
377 151
377 150
377 149
378 148
378 147
379 146
379 145
379 144
380 143
380 142
