50 4
51 4
52 5
52 6
53 7
54 8
55 9
56 10
56 11
57 12
58 13
59 14
60 15
60 16
61 17
62 18
63 19
63 20
64 21
65 22
66 23
66 24
67 25
68 26
69 27
69 28
70 29
71 30
72 31
72 32
73 33
74 34
74 35
75 36
76 37
76 38
77 39
78 40
78 41
79 42
80 43
80 44
81 45
82 46
82 47
83 48
83 49
84 50
85 51
85 52
86 53
86 54
87 55
87 56
88 57
89 58
89 59
90 60
90 61
91 62
91 63
92 64
92 65
93 66
93 67
93 68
94 69
94 70
95 71
95 72
96 73
96 74
97 75
97 76
98 77
98 78
98 79
99 80
99 81
100 82
100 83
101 84
101 85
101 86
102 87
102 88
103 89
103 90
103 91
104 92
104 93
105 94
105 95
105 96
106 97
106 98
107 99
107 100
108 101
108 102
108 103
109 104
109 105
110 106
110 107
111 108
111 109
111 110
112 111
112 112
113 113
113 114
114 115
114 116
115 117
115 118
116 119
116 120
117 121
117 122
118 123
118 124
119 125
119 126
120 127
121 128
121 129
122 130
123 131
123 132
124 133
125 134
125 135
126 136
127 137
128 138
128 139
129 140
130 141
131 142
132 143
133 144
134 145
135 146
136 147
137 148
138 148
139 149
140 150
141 150
142 151
143 152
144 152
145 153
146 153
147 154
148 154
149 154
150 155
151 155
152 155
153 156
154 156
155 156
156 156
157 157
158 157
159 157
160 157
161 157
162 157
163 158
164 158
165 158
166 158
167 158
168 158
169 158
170 158
171 158
172 159
173 159
174 159
175 159
176 159
177 159
178 159
179 159
180 159
181 159
182 159
183 159
184 159
185 159
186 160
187 160
188 159
189 159
190 159
191 159
192 159
193 159
194 159
195 159
196 159
197 159
198 159
199 158
200 158
201 158
202 158
203 158
204 157
205 157
206 157
207 157
208 157
209 156
210 156
211 156
212 156
213 155
214 155
215 155
216 155
217 155
218 154
219 154
220 154
221 154
222 154
223 154
224 153
225 153
226 153
227 153
228 153
229 153
230 153
231 153
232 153
233 153
234 153
235 153
236 153
237 153
238 153
239 153
240 153
241 153
242 153
243 153
244 154
245 154
246 154
247 154
248 155
249 155
250 155
251 155
252 156
253 156
254 156
255 157
256 157
257 158
258 158
259 158
260 159
261 159
262 160
263 160
264 161
265 162
266 162
267 163
268 163
269 164
270 165
271 166
272 166
273 167
274 168
275 169
276 169
277 170
278 171
279 172
280 173
281 174
282 175
283 176
284 177
285 178
286 179
287 180
288 181
289 182
289 183
290 184
291 185
292 186
293 187
294 188
295 189
295 190
296 191
297 192
298 193
299 194
299 195
300 196
301 197
302 198
303 199
303 200
304 201
305 202
306 203
307 204
307 205
308 206
308 207
