11 37
12 38
13 39
14 40
14 41
15 42
16 43
16 44
17 45
18 46
18 47
19 48
20 49
20 50
21 51
21 52
22 53
23 54
23 55
24 56
25 57
25 58
26 59
27 60
28 61
28 62
29 63
30 64
31 65
31 66
32 67
33 68
34 69
35 70
36 71
37 71
38 72
39 73
40 74
41 75
42 75
43 76
44 76
45 77
46 77
47 77
48 77
49 78
50 78
51 78
52 78
53 78
54 77
55 77
56 77
57 77
58 77
59 76
60 76
61 76
62 75
63 75
64 75
65 74
66 74
67 73
68 73
69 72
70 72
71 71
72 71
73 70
74 70
75 69
76 68
77 68
78 68
79 67
80 67
81 67
82 67
83 67
84 67
85 67
86 67
87 67
88 68
89 68
90 68
91 68
92 69
93 69
94 69
95 70
96 70
97 70
98 71
99 71
100 71
101 72
102 72
103 72
104 73
105 73
106 73
107 73
108 73
109 74
110 74
111 74
112 73
113 73
114 73
115 73
116 72
117 72
118 71
119 71
120 71
121 71
122 71
123 71
124 71
125 72
126 73
127 73
128 74
128 75
129 76
130 77
131 78
132 79
132 80
133 81
134 82
135 83
136 84
137 85
138 86
139 87
140 88
141 88
142 89
143 89
144 89
145 89
146 88
147 88
148 88
149 87
150 87
151 87
152 87
153 87
154 87
155 87
156 87
157 87
158 87
159 87
160 87
161 87
162 87
163 87
164 86
165 86
166 86
167 85
168 85
169 85
170 84
171 84
172 83
173 83
174 82
175 82
176 81
177 80
178 80
179 79
180 78
181 77
182 77
183 76
184 75
185 74
186 73
187 73
188 72
189 71
190 70
191 70
192 69
193 68
194 67
195 67
196 66
197 66
198 65
199 65
200 64
201 64
202 64
203 64
204 64
205 64
206 64
207 65
208 65
209 65
210 66
211 67
212 67
213 68
214 69
215 69
216 70
217 71
218 71
219 72
220 72
221 71
222 70
223 69
224 68
225 67
226 66
227 65
227 64
228 63
229 62
230 61
231 60
232 59
233 59
234 58
235 58
236 57
237 57
238 57
239 57
240 58
241 58
242 59
243 60
244 61
245 62
245 63
246 64
247 65
247 66
248 67
248 68
