5 7
6 8
6 9
7 10
7 11
8 12
8 13
9 14
9 15
9 16
10 17
10 18
11 19
11 20
12 21
12 22
13 23
13 24
14 25
14 26
15 27
15 28
16 29
16 30
17 31
17 32
18 33
18 34
19 35
20 36
20 37
21 38
21 39
22 40
23 41
24 42
25 43
26 44
27 45
28 45
29 46
30 46
31 46
32 46
33 46
34 46
35 46
36 45
37 45
38 44
39 44
40 43
41 43
42 42
43 42
44 41
45 41
46 41
47 41
48 40
49 40
50 40
51 41
52 41
53 41
54 41
55 42
56 42
57 43
58 44
59 45
60 46
61 47
62 48
63 49
64 49
65 50
66 51
67 52
68 52
69 53
70 54
71 54
72 55
73 55
74 56
75 56
76 56
77 56
78 56
79 55
80 55
81 54
82 53
83 53
