12 13
12 14
13 15
13 16
13 17
14 18
14 19
15 20
15 21
15 22
16 23
16 24
17 25
17 26
18 27
18 28
18 29
19 30
19 31
20 32
20 33
21 34
21 35
22 36
22 37
22 38
23 39
23 40
24 41
24 42
25 43
25 44
26 45
26 46
27 47
27 48
28 49
28 50
29 51
29 52
30 53
31 54
31 55
32 56
32 57
33 58
33 59
34 60
35 61
35 62
36 63
36 64
37 65
38 66
38 67
39 68
40 69
41 70
41 71
42 72
43 73
44 74
44 75
45 76
46 77
47 78
47 79
48 80
49 81
50 82
51 83
52 84
53 85
53 86
54 87
55 88
56 89
57 90
58 91
59 92
60 93
61 94
62 95
63 96
64 97
65 98
66 99
67 100
68 101
69 101
70 102
71 103
72 104
73 105
74 106
75 107
76 108
77 109
78 110
79 110
80 111
81 112
82 113
83 114
84 115
85 116
86 116
87 117
88 118
89 119
90 120
91 121
92 122
93 122
94 123
95 124
96 125
97 126
98 127
99 127
100 128
101 129
102 130
103 131
104 132
105 132
106 133
107 134
108 135
109 136
110 137
111 138
112 138
113 139
114 140
115 141
116 142
117 142
118 143
119 144
120 145
121 146
122 146
123 147
124 148
125 149
126 150
127 151
128 151
129 152
130 153
131 154
132 154
133 155
134 156
135 157
136 157
137 158
138 159
139 160
140 161
141 161
142 162
143 163
144 164
145 164
146 165
147 166
148 166
149 167
150 168
151 169
152 169
153 170
154 171
155 172
156 172
157 173
158 174
159 174
160 175
161 176
162 177
163 177
164 178
165 179
166 179
167 180
168 181
169 182
170 182
171 183
172 184
173 185
174 185
175 186
176 187
177 187
178 188
179 189
180 190
181 191
182 191
183 192
184 193
185 194
186 194
187 195
188 196
189 197
190 198
191 199
192 199
193 200
194 201
195 202
196 202
197 203
198 204
199 205
200 205
201 206
202 207
203 207
204 208
205 208
206 209
207 209
208 210
209 210
210 211
211 211
212 211
213 212
214 212
215 212
216 213
217 213
218 213
219 213
220 213
221 213
222 213
223 213
224 213
225 212
226 212
227 211
228 210
229 210
230 209
231 208
232 207
233 206
234 205
235 204
236 203
237 202
238 201
238 200
239 199
240 198
241 197
242 196
243 195
244 194
245 193
246 192
247 191
248 190
249 189
250 188
251 188
252 187
253 186
254 185
255 184
256 184
257 183
258 182
259 182
260 181
261 180
262 180
263 179
264 179
265 178
266 177
267 177
268 176
269 176
270 175
271 175
272 174
273 174
274 173
275 173
276 172
277 172
278 171
279 171
280 170
281 170
282 169
283 169
284 168
285 168
286 168
287 167
288 167
289 166
290 166
291 165
292 165
293 165
294 164
295 164
296 163
297 163
298 163
299 162
300 162
301 161
302 161
303 161
304 160
305 160
306 160
307 159
308 159
309 159
310 158
311 158
312 158
313 158
314 157
315 157
316 157
317 157
318 156
319 156
320 156
321 156
322 156
323 155
324 155
325 155
326 155
327 155
328 155
329 155
330 155
331 155
332 154
333 154
334 154
335 154
336 154
337 154
338 154
339 154
340 154
341 154
342 154
343 154
344 154
345 154
346 154
347 155
348 155
349 155
350 155
351 155
352 155
353 155
354 155
355 155
356 155
357 155
358 155
359 156
360 156
361 156
362 156
363 156
364 156
365 156
366 157
367 157
368 157
369 157
370 157
371 157
372 157
373 158
374 158
375 158
376 158
377 158
378 158
379 158
380 159
381 159
382 159
383 159
384 159
385 159
386 159
387 159
388 159
389 159
390 159
391 159
392 159
393 159
394 159
395 159
396 159
397 159
398 159
399 159
400 159
401 159
402 158
403 158
404 158
405 158
406 158
407 157
408 157
409 157
410 157
411 157
412 156
413 156
414 156
415 156
416 156
417 155
418 155
419 155
420 155
421 155
422 155
423 154
424 154
425 154
426 154
427 154
428 154
429 154
430 154
431 154
432 154
433 154
434 154
435 154
436 154
437 154
438 154
439 154
440 154
441 154
442 154
443 154
444 154
445 154
446 154
447 155
448 155
449 155
450 155
451 155
452 155
453 155
454 155
455 155
456 156
457 156
458 156
459 156
460 156
461 156
462 156
463 157
464 157
465 157
466 157
467 157
468 158
469 158
470 158
471 158
472 158
473 159
474 159
475 159
476 159
477 160
478 160
479 160
480 161
481 161
482 161
483 162
484 162
485 162
486 163
487 163
488 163
489 164
490 164
491 164
492 165
493 165
494 165
495 166
496 166
497 166
498 166
499 167
500 167
501 167
502 167
503 167
504 168
505 168
506 168
507 168
508 168
509 168
510 168
511 168
512 168
513 168
514 167
515 167
516 167
517 167
518 166
519 166
520 166
521 166
522 165
523 165
524 164
525 164
526 163
527 163
528 162
529 162
530 161
531 161
532 160
533 160
534 159
535 158
536 158
537 157
538 156
539 156
540 155
541 154
542 154
543 153
544 152
545 151
546 150
547 150
548 149
549 148
550 147
551 146
552 146
553 145
554 144
555 143
556 142
557 141
558 141
559 140
560 139
561 138
562 137
563 136
564 135
565 134
566 133
567 132
568 131
569 130
570 130
571 129
572 128
573 127
574 126
575 125
576 124
577 123
578 122
579 121
580 120
581 119
582 118
583 117
584 116
585 115
