7 50
7 51
8 52
8 53
9 54
9 55
10 56
10 57
11 58
11 59
12 60
12 61
13 62
13 63
14 64
14 65
15 66
15 67
16 68
17 69
17 70
18 71
18 72
19 73
20 74
20 75
21 76
22 77
22 78
23 79
24 80
25 81
25 82
26 83
27 84
28 85
29 86
30 87
31 88
32 89
33 90
34 91
35 91
36 92
37 93
38 94
39 94
40 95
41 96
42 96
43 97
44 97
45 98
46 98
47 99
48 99
49 100
50 100
51 100
52 101
53 101
54 102
55 102
56 102
57 103
58 103
59 103
60 104
61 104
62 104
63 104
64 105
65 105
66 105
67 105
68 105
69 106
70 106
71 106
72 106
73 106
74 106
75 106
76 106
77 106
78 106
79 106
80 106
81 106
82 106
83 105
84 105
85 105
86 105
87 104
88 104
89 104
90 103
91 103
92 102
93 102
94 101
95 101
96 100
97 100
98 99
99 99
100 98
101 98
102 97
103 97
104 96
105 96
106 95
107 94
108 94
109 93
110 93
111 92
112 92
113 91
114 91
115 90
116 90
117 90
118 89
119 89
120 88
121 88
122 88
123 87
124 87
125 87
126 87
127 86
128 86
129 86
130 86
131 86
132 86
133 85
134 85
135 85
136 85
137 85
138 85
139 85
140 86
141 86
142 86
143 86
144 86
145 86
146 86
147 87
148 87
149 87
150 87
151 88
152 88
153 88
154 88
155 89
156 89
157 89
158 90
159 90
160 90
161 91
162 91
163 91
164 92
165 92
166 93
167 93
168 93
169 94
170 94
171 95
172 95
173 95
174 96
175 96
176 97
177 97
178 97
179 98
180 98
181 99
182 99
183 99
184 100
185 100
186 100
187 101
188 101
189 101
190 102
191 102
192 102
193 103
194 103
195 103
196 104
197 104
198 104
199 104
200 105
201 105
202 105
203 105
204 105
205 106
206 106
207 106
208 106
209 106
210 106
211 106
212 106
213 107
214 107
215 107
216 107
217 107
218 107
219 107
220 107
221 107
222 107
223 107
224 107
225 107
226 107
227 107
228 107
229 107
230 107
231 107
232 107
233 107
234 107
235 107
236 107
237 107
238 107
239 108
240 108
241 108
242 108
243 108
244 108
245 108
246 108
247 108
248 108
249 108
250 108
251 108
252 108
253 108
254 108
255 108
256 108
257 108
258 108
259 108
260 109
261 109
262 109
263 109
264 109
265 110
266 110
267 111
268 111
269 112
270 112
271 113
272 114
273 114
274 115
275 116
276 116
277 117
278 118
279 118
280 119
281 119
282 120
283 120
284 120
285 121
286 121
287 121
288 122
289 122
290 123
291 123
292 124
293 124
294 125
295 126
296 126
297 127
298 128
299 128
300 129
301 130
302 131
303 131
304 132
305 133
306 134
307 134
308 135
309 136
310 137
311 137
312 138
313 139
314 139
315 140
316 140
317 141
318 142
319 142
320 143
321 143
322 144
323 144
324 145
325 145
326 146
327 146
328 146
329 147
330 147
331 147
332 148
333 148
334 148
335 149
336 149
337 149
338 149
339 149
340 149
341 149
342 149
343 149
344 149
345 148
346 148
347 148
348 148
349 147
350 147
351 146
352 146
353 145
354 145
355 144
356 144
357 143
358 142
359 142
360 141
361 141
362 140
363 140
364 139
365 139
366 138
367 138
368 137
369 137
370 136
371 136
372 135
373 135
374 134
375 134
376 133
377 133
378 133
379 132
380 132
