14 1
15 2
16 3
17 4
17 5
18 6
19 7
20 8
20 9
21 10
22 11
22 12
23 13
23 14
24 15
25 16
25 17
26 18
26 19
27 20
27 21
28 22
28 23
29 24
29 25
30 26
30 27
31 28
31 29
32 30
32 31
33 32
33 33
34 34
34 35
34 36
35 37
35 38
36 39
36 40
37 41
37 42
38 43
38 44
39 45
39 46
39 47
40 48
40 49
41 50
41 51
42 52
42 53
43 54
43 55
44 56
45 57
45 58
46 59
47 60
47 61
48 62
49 63
50 64
51 65
52 65
53 65
54 66
55 66
56 66
57 66
58 66
59 66
60 66
61 66
62 66
63 66
64 65
65 65
66 65
67 65
68 65
69 66
70 66
71 66
72 66
73 66
74 66
75 66
76 66
77 67
78 67
79 67
80 67
81 67
82 68
83 68
84 68
85 69
86 69
87 69
88 69
89 70
90 70
91 70
92 71
93 71
94 71
95 72
96 72
97 72
98 73
99 73
100 74
101 74
102 75
103 75
104 76
105 76
106 77
107 77
108 78
109 79
110 80
111 80
112 81
113 82
114 83
115 84
116 85
117 86
118 87
119 88
120 89
121 90
122 91
123 92
124 93
125 94
126 95
127 96
127 97
128 98
129 99
130 100
131 101
132 102
133 103
134 104
135 105
136 106
137 107
138 108
139 109
140 110
141 111
142 112
143 113
144 114
145 115
146 116
147 117
148 118
149 119
150 120
151 120
152 121
153 122
154 123
155 124
156 124
157 125
158 126
159 126
160 127
161 128
162 128
163 129
164 129
165 130
166 131
167 131
168 132
169 132
170 133
171 133
172 134
173 134
174 135
175 135
176 135
177 136
178 136
179 137
180 137
181 137
182 137
183 138
184 138
185 138
186 138
187 139
188 139
189 139
190 139
191 139
192 140
193 140
194 140
195 140
196 140
197 140
198 140
199 140
200 140
201 140
202 141
203 141
204 141
205 141
206 141
207 141
208 141
209 141
210 141
211 141
212 141
213 141
214 141
215 141
216 141
217 141
218 141
219 141
220 141
221 140
222 140
223 140
224 140
225 140
226 140
227 140
228 140
229 139
230 139
231 139
232 138
233 137
234 137
235 136
236 135
237 134
238 133
239 132
240 131
241 130
242 129
242 128
243 127
244 126
244 125
245 124
246 123
247 122
247 121
248 120
249 119
249 118
250 117
251 116
252 115
253 114
253 113
254 112
255 111
256 110
257 109
258 108
259 107
260 106
261 106
262 105
263 104
264 104
265 103
266 103
267 102
268 102
269 101
270 101
271 101
272 101
273 101
274 101
275 101
276 101
277 101
278 102
279 102
280 102
281 102
282 103
283 103
284 104
285 104
286 104
287 105
288 105
289 106
290 106
291 106
292 107
293 107
294 107
295 108
296 108
297 108
298 108
299 109
300 109
301 109
302 109
303 109
304 110
305 110
306 110
307 110
308 110
309 111
310 111
311 111
312 111
313 111
314 112
315 112
316 112
317 112
318 112
319 113
320 113
321 113
322 113
323 113
324 113
325 114
326 114
327 114
328 114
329 114
330 114
331 115
332 115
333 115
334 115
335 115
336 116
337 116
338 116
339 116
340 117
341 117
342 117
343 117
344 118
345 118
346 119
347 119
348 119
349 120
350 120
351 121
352 121
353 121
354 122
355 122
356 123
357 123
358 124
359 125
360 125
361 126
362 126
363 127
364 127
365 128
366 128
367 129
368 129
369 130
370 130
371 131
372 131
373 132
374 132
375 133
376 133
377 134
378 134
379 135
380 135
381 135
382 136
383 136
384 136
385 136
386 136
387 136
388 136
389 136
390 136
391 135
392 135
393 134
394 134
395 133
396 132
397 131
398 130
399 129
400 128
400 127
401 126
402 125
402 124
403 123
404 122
404 121
405 120
406 119
406 118
407 117
407 116
408 115
409 114
410 113
410 112
411 111
412 110
413 109
414 108
415 107
416 107
417 106
418 106
419 106
420 106
421 106
422 106
423 106
424 106
425 106
426 106
427 106
428 105
429 105
430 105
431 105
432 104
433 104
434 103
435 103
436 102
437 102
438 102
439 101
440 101
441 100
442 100
443 100
444 100
445 99
446 99
447 99
448 99
449 99
450 99
451 98
452 98
453 98
454 98
455 98
456 97
457 97
458 96
459 96
460 96
461 95
462 94
463 94
464 93
465 92
466 91
467 91
468 90
469 89
470 88
471 87
472 86
473 85
474 84
