17 83
18 84
19 84
20 85
21 86
22 86
23 87
24 88
25 89
26 89
27 90
28 91
29 92
30 93
31 94
32 95
33 96
34 97
35 98
36 99
37 100
38 101
39 102
39 103
40 104
41 105
42 106
43 107
44 108
45 109
45 110
46 111
47 112
48 113
49 114
50 115
51 116
52 117
53 118
53 119
54 120
55 121
56 122
57 123
58 124
59 124
60 125
61 126
62 127
63 128
64 129
65 130
66 131
67 132
68 133
69 134
70 134
71 135
72 136
73 137
74 138
75 139
76 140
77 141
78 142
79 143
80 144
81 145
82 146
83 147
84 148
85 149
86 150
87 151
88 152
88 153
89 154
90 155
91 156
92 157
93 158
93 159
94 160
95 161
96 162
97 163
97 164
98 165
99 166
100 167
100 168
101 169
102 170
103 171
103 172
104 173
105 174
106 175
106 176
107 177
108 178
109 179
109 180
110 181
111 182
112 183
112 184
113 185
114 186
114 187
115 188
116 189
117 190
117 191
118 192
119 193
119 194
120 195
121 196
122 197
123 198
123 199
124 200
125 201
126 202
127 203
128 204
129 205
130 206
131 207
132 208
133 209
134 210
135 211
136 211
137 212
138 212
139 213
140 213
141 213
142 213
143 213
144 213
145 213
146 213
147 213
148 212
149 212
150 211
151 211
152 210
153 210
154 209
155 208
156 207
157 206
158 205
159 204
160 203
161 202
162 201
163 200
164 199
164 198
165 197
166 196
167 195
167 194
168 193
169 192
170 191
170 190
171 189
172 188
173 187
173 186
174 185
175 184
175 183
176 182
177 181
177 180
178 179
179 178
180 177
180 176
181 175
182 174
182 173
183 172
184 171
184 170
185 169
186 168
186 167
187 166
188 165
188 164
189 163
190 162
190 161
191 160
192 159
192 158
193 157
194 156
195 155
195 154
196 153
197 152
197 151
198 150
199 149
199 148
200 147
201 146
202 145
202 144
203 143
204 142
205 141
205 140
206 139
207 138
208 137
208 136
209 135
210 134
211 133
212 132
212 131
213 130
214 129
215 128
216 127
217 126
218 125
219 124
220 123
221 122
222 121
223 120
224 119
225 118
226 118
227 117
228 116
229 116
230 115
231 115
232 114
233 114
234 113
235 113
236 113
237 113
238 112
239 112
240 112
241 112
242 112
243 112
244 112
245 112
246 112
247 112
248 112
249 112
250 112
251 112
252 112
253 113
254 113
255 113
256 113
257 113
258 114
259 114
260 114
261 114
262 115
263 115
264 115
265 116
266 116
267 117
268 117
269 118
270 118
271 119
272 119
273 120
274 121
275 121
276 122
277 123
278 124
279 125
280 125
281 126
282 127
283 128
284 129
285 130
286 131
287 132
287 133
288 134
289 135
290 136
291 137
292 138
293 139
293 140
294 141
295 142
296 143
297 144
297 145
298 146
299 147
300 148
301 149
301 150
302 151
303 152
304 153
304 154
305 155
306 156
307 157
307 158
308 159
309 160
310 161
311 162
311 163
312 164
313 165
314 166
314 167
315 168
316 169
317 170
318 171
318 172
319 173
320 174
321 175
322 176
323 177
324 178
325 179
326 179
327 180
328 181
329 182
330 182
331 182
332 183
333 183
334 183
335 183
336 183
337 182
338 182
339 182
340 181
341 180
342 180
343 179
344 178
345 177
346 176
347 175
348 174
348 173
349 172
350 171
351 170
352 169
352 168
353 167
354 166
355 165
355 164
356 163
357 162
357 161
358 160
359 159
359 158
360 157
360 156
361 155
362 154
362 153
363 152
364 151
364 150
365 149
366 148
367 147
367 146
368 145
369 144
369 143
370 142
371 141
372 140
373 139
373 138
374 137
375 136
376 135
377 134
378 133
379 132
380 131
381 130
382 129
383 128
384 128
385 127
386 126
387 125
388 125
389 124
390 124
391 123
392 123
393 122
394 121
395 121
396 121
397 120
398 120
399 119
400 119
401 119
402 118
403 118
404 118
405 117
406 117
407 117
408 117
409 116
410 116
411 116
412 116
413 116
414 116
415 115
416 115
417 115
418 115
419 115
420 115
421 115
422 115
423 115
424 115
425 115
426 115
427 115
428 115
429 115
430 115
431 115
432 116
433 116
434 116
435 116
436 116
437 116
438 116
439 116
440 117
441 117
442 117
443 117
444 117
445 117
446 118
447 118
448 118
449 118
450 118
451 118
452 119
453 119
454 119
455 119
456 120
457 120
458 120
459 120
460 121
461 121
462 121
463 122
464 122
465 122
466 123
467 123
468 123
469 124
470 124
471 124
472 125
473 125
474 126
475 126
476 127
477 127
478 128
479 129
480 129
481 130
482 130
483 131
484 132
485 132
486 133
487 134
488 135
489 135
490 136
491 137
492 138
493 139
494 139
495 140
496 141
497 142
498 143
499 144
500 145
501 146
502 147
503 147
504 148
505 149
506 150
507 151
508 152
509 153
510 154
511 155
512 156
513 157
514 158
515 158
516 159
517 160
518 161
519 162
520 163
521 164
522 165
523 166
524 167
525 168
526 168
527 169
528 170
529 171
530 172
531 173
532 173
533 174
534 175
535 176
536 177
537 177
538 178
539 179
540 180
541 180
542 181
543 181
544 182
545 183
546 183
547 184
548 184
549 185
550 185
551 186
552 186
553 186
554 187
555 187
556 187
557 187
558 188
559 188
560 188
561 188
562 188
563 188
564 188
565 188
566 188
567 188
568 188
569 188
570 188
571 187
572 187
573 187
574 187
575 187
576 186
577 186
578 186
579 186
580 185
581 185
582 185
583 185
584 185
585 185
586 185
587 184
588 184
589 184
590 184
591 184
592 184
593 184
594 184
595 184
596 184
597 184
598 184
599 184
600 184
601 183
602 183
603 183
604 183
605 183
606 182
607 182
608 182
609 181
610 181
611 180
612 180
613 179
614 179
615 178
616 178
617 177
618 176
619 176
620 175
621 174
622 174
623 173
624 172
625 171
626 170
627 170
628 169
629 168
630 167
631 166
632 165
633 164
634 163
635 163
636 162
637 161
638 160
