20 30
21 31
21 32
21 33
21 34
21 35
22 36
22 37
22 38
22 39
23 40
23 41
23 42
23 43
23 44
24 45
24 46
24 47
24 48
25 49
25 50
25 51
25 52
25 53
26 54
26 55
26 56
26 57
27 58
27 59
27 60
27 61
28 62
28 63
28 64
28 65
29 66
29 67
29 68
30 69
30 70
30 71
30 72
31 73
31 74
31 75
32 76
32 77
32 78
33 79
33 80
33 81
34 82
34 83
34 84
35 85
35 86
36 87
36 88
37 89
37 90
38 91
38 92
39 93
39 94
40 95
40 96
41 97
42 98
42 99
43 100
44 101
45 102
46 103
47 104
48 104
49 105
50 106
51 106
52 106
53 107
54 107
55 107
56 107
57 107
58 107
59 107
60 107
61 107
62 107
63 107
64 106
65 106
66 106
67 105
68 105
69 105
70 104
71 104
72 103
73 103
74 102
75 102
76 101
77 101
78 100
79 100
80 100
81 100
82 99
83 99
84 99
85 99
86 99
87 100
88 100
89 100
90 101
91 101
92 101
93 102
94 103
95 103
96 104
97 104
98 105
99 105
100 106
101 106
102 107
103 107
104 107
105 108
106 108
107 108
108 108
109 109
110 109
111 109
112 109
113 109
114 109
115 109
116 109
117 109
118 109
119 109
120 109
121 109
122 108
123 108
124 108
125 108
126 107
127 107
128 107
129 106
130 106
131 105
132 105
133 104
134 104
135 104
136 103
137 103
138 102
139 102
140 101
141 101
142 100
143 100
144 99
145 99
146 98
147 98
148 97
149 97
150 96
151 96
152 95
153 95
154 94
155 94
156 94
157 93
158 93
159 93
160 92
161 92
162 92
163 92
164 91
165 91
166 91
167 91
168 91
169 91
170 91
171 91
172 91
173 91
174 91
175 91
176 91
177 91
178 92
179 92
180 92
181 93
182 93
183 93
184 94
185 94
186 95
187 95
188 96
189 97
190 97
191 98
192 99
193 99
194 100
195 101
196 101
197 102
198 103
199 104
200 104
201 105
202 106
203 106
204 107
205 108
206 108
207 109
208 109
209 110
210 110
211 111
212 111
213 111
214 112
215 112
216 112
217 112
218 111
219 111
220 111
221 110
222 110
223 109
224 108
225 107
226 106
227 105
228 104
228 103
229 102
230 101
231 100
231 99
232 98
233 97
233 96
234 95
235 94
235 93
236 92
237 91
237 90
238 89
239 88
239 87
240 86
241 85
242 84
242 83
243 82
244 81
245 80
245 79
246 78
247 77
248 76
249 75
250 74
250 73
251 72
252 71
253 70
254 70
255 69
256 68
257 67
258 67
259 66
260 66
261 65
262 65
263 65
264 64
265 64
266 64
267 64
268 64
269 65
270 65
271 65
272 65
273 66
274 66
275 67
276 68
277 69
278 69
279 70
280 71
281 72
282 73
283 74
284 75
285 76
286 77
287 78
287 79
288 80
289 81
290 82
291 83
292 84
293 85
294 86
295 87
296 88
297 89
298 90
299 91
300 92
301 93
302 94
303 95
304 96
305 97
306 98
307 98
308 99
309 100
310 100
311 101
312 102
313 102
314 103
315 104
316 104
317 105
318 105
319 106
320 106
321 107
322 107
323 108
324 108
325 108
326 109
327 109
328 109
329 110
330 110
331 110
332 111
333 111
334 111
335 112
336 112
337 112
338 112
339 113
340 113
341 113
342 113
343 114
344 114
345 114
346 114
347 114
348 114
349 115
350 115
351 115
352 115
353 115
354 115
355 116
356 116
357 116
358 116
