35 22
36 23
37 24
38 25
39 26
39 27
40 28
41 29
42 30
43 31
43 32
44 33
45 34
46 35
47 36
48 37
49 38
49 39
50 40
51 41
52 42
53 43
54 44
55 45
56 46
57 47
58 48
59 49
60 50
61 51
62 52
63 53
64 54
65 55
66 56
67 57
68 58
69 58
70 59
71 60
72 61
73 62
74 62
75 63
76 64
77 65
78 66
79 66
80 67
81 68
82 69
83 70
84 71
85 72
86 73
87 74
88 75
89 76
90 77
90 78
91 79
92 80
93 81
93 82
94 83
95 84
95 85
96 86
96 87
97 88
98 89
98 90
99 91
99 92
100 93
100 94
101 95
101 96
102 97
103 98
103 99
104 100
104 101
105 102
105 103
106 104
106 105
107 106
108 107
108 108
109 109
109 110
110 111
111 112
111 113
112 114
113 115
113 116
114 117
115 118
115 119
116 120
117 121
118 122
119 123
120 124
121 125
122 126
123 127
124 128
125 128
126 128
127 129
128 129
129 129
130 129
131 129
132 128
133 128
134 127
135 127
136 126
137 126
138 125
139 124
140 124
141 123
142 123
143 122
144 121
145 121
146 121
147 120
148 120
149 120
150 120
151 120
152 121
153 121
154 121
155 122
156 123
157 123
158 124
159 125
160 126
161 127
161 128
162 129
163 130
163 131
164 132
165 133
165 134
166 135
167 136
167 137
168 138
168 139
169 140
170 141
170 142
171 143
172 144
172 145
173 146
174 147
174 148
175 149
176 150
177 151
178 152
178 153
179 154
180 155
181 156
182 156
183 157
184 158
185 159
186 159
187 160
188 160
189 161
190 161
191 161
192 161
193 162
194 162
195 162
196 162
197 162
198 162
199 162
200 162
201 162
202 162
203 161
204 161
205 161
206 161
207 161
208 160
209 160
210 160
211 159
212 159
213 159
214 158
215 158
216 158
217 157
218 157
219 157
220 156
221 156
222 155
223 155
224 155
225 154
226 154
227 154
228 153
229 153
230 153
231 152
232 152
233 152
234 151
235 151
236 151
237 151
238 150
239 150
240 150
241 150
242 150
243 150
244 150
245 149
246 149
247 149
248 149
249 149
250 149
251 149
252 149
253 149
254 149
255 149
256 149
257 149
258 149
259 149
260 149
261 149
262 149
263 149
264 149
265 150
266 150
267 150
268 150
269 150
270 150
271 150
272 150
273 150
274 150
275 150
276 150
277 150
278 150
279 150
280 150
281 150
282 150
283 150
284 150
285 149
286 149
287 149
288 149
289 149
290 149
291 149
292 149
293 149
294 149
295 149
296 149
297 149
298 149
299 149
300 149
301 149
302 148
303 148
304 148
305 148
306 147
307 147
308 147
309 146
310 146
311 145
312 145
313 144
314 144
315 143
316 142
317 142
318 141
319 140
320 139
321 139
322 138
323 137
324 137
325 136
326 135
327 134
328 134
329 133
330 132
331 132
332 131
333 131
334 130
335 130
336 129
337 129
338 128
339 128
340 128
341 127
342 127
343 127
344 126
345 126
346 126
347 126
348 126
349 125
350 125
351 125
352 125
353 125
354 125
355 125
356 124
357 124
358 124
359 124
360 124
361 124
362 124
363 124
364 124
365 124
366 124
367 124
368 124
369 124
370 124
371 124
372 124
373 124
374 124
375 123
376 123
377 123
378 123
379 123
380 122
381 122
382 122
383 121
384 121
385 121
386 120
387 120
388 119
389 119
390 118
391 118
392 117
393 117
394 116
395 116
396 115
397 114
398 114
399 113
400 113
401 112
