24 35
25 34
26 34
27 34
28 34
29 34
30 34
31 34
32 34
33 34
34 34
35 33
36 33
37 33
38 33
39 33
40 33
41 33
42 32
43 32
44 32
45 32
46 31
47 31
48 31
49 31
50 30
51 30
52 30
53 30
54 29
55 29
56 29
57 28
58 28
59 28
60 27
61 27
62 27
63 26
64 26
65 26
66 25
67 25
68 25
69 24
70 24
71 24
72 23
73 23
74 23
75 23
76 23
77 22
78 22
79 22
80 22
81 22
82 23
83 23
84 23
85 23
86 24
87 25
88 25
89 26
90 27
91 28
92 29
93 30
94 31
94 32
95 33
96 34
96 35
97 36
98 37
98 38
99 39
99 40
100 41
101 42
101 43
102 44
102 45
103 46
103 47
104 48
104 49
105 50
105 51
105 52
106 53
106 54
107 55
107 56
108 57
108 58
109 59
109 60
110 61
110 62
110 63
111 64
111 65
112 66
112 67
113 68
113 69
113 70
114 71
114 72
115 73
115 74
116 75
116 76
117 77
117 78
117 79
118 80
118 81
119 82
119 83
120 84
120 85
121 86
121 87
122 88
123 89
123 90
124 91
125 92
125 93
126 94
127 95
128 96
129 97
130 98
131 98
132 99
133 99
134 100
135 100
136 100
137 100
138 100
139 100
140 100
141 100
142 99
143 99
144 99
145 98
146 98
147 98
148 97
149 97
150 96
151 96
152 96
153 95
154 95
155 94
156 94
157 93
158 93
159 92
160 92
161 92
162 91
163 91
164 90
165 90
166 90
167 89
168 89
169 89
170 88
171 88
172 88
173 87
174 87
175 87
176 86
177 86
178 86
179 86
180 86
181 85
182 85
183 85
184 85
185 85
186 85
187 85
188 84
189 84
190 84
191 84
192 84
193 84
194 84
195 84
196 84
197 84
198 84
199 84
200 84
201 85
202 85
203 85
204 85
205 85
206 85
207 85
208 85
209 85
210 85
211 85
212 85
213 85
214 85
215 85
216 85
217 85
218 85
219 85
220 85
221 84
222 84
223 84
224 84
225 84
226 84
227 84
228 84
229 83
230 83
231 83
232 83
233 83
234 83
235 82
236 82
237 82
238 82
239 81
240 81
241 81
242 81
243 80
244 80
245 80
246 80
247 80
248 80
249 80
250 80
251 80
252 80
253 80
254 80
255 80
256 81
257 81
258 81
259 82
260 83
261 83
262 84
263 85
264 85
265 86
266 87
267 88
268 89
269 90
270 91
271 92
272 92
273 93
274 94
275 95
276 95
277 96
278 96
279 97
280 97
281 97
282 97
283 98
284 98
285 98
286 97
287 97
288 97
289 97
290 96
291 96
292 96
293 95
294 95
295 94
296 93
297 93
298 92
299 91
300 90
301 90
302 89
303 88
304 87
305 86
306 85
307 85
308 84
309 83
310 82
311 82
312 81
313 81
314 80
315 80
316 79
317 79
318 79
319 78
320 78
321 78
322 78
323 78
324 77
325 77
326 77
327 77
328 78
329 78
330 78
331 78
332 78
333 78
334 79
335 79
336 79
337 80
338 80
339 80
340 81
341 81
342 81
343 82
344 82
345 83
346 83
347 84
348 84
349 85
350 85
351 85
352 86
353 86
354 87
355 87
356 88
357 88
358 88
359 89
360 89
361 89
362 90
363 90
364 90
365 90
366 91
367 91
368 91
369 91
370 91
371 92
372 92
373 92
374 92
375 92
376 92
377 92
378 92
379 92
380 92
381 92
382 92
383 93
384 93
385 93
386 93
387 93
388 93
389 93
390 93
391 93
392 93
393 94
394 94
395 94
396 94
397 94
398 94
399 95
400 95
401 95
402 95
403 96
404 96
405 96
406 97
407 97
408 97
409 98
410 98
411 98
412 99
413 99
414 100
415 100
416 101
417 101
418 102
419 102
420 103
421 103
422 104
423 104
424 105
425 105
426 106
427 106
428 107
429 107
430 108
431 108
432 109
433 109
434 110
435 111
436 111
437 112
438 112
439 113
440 113
441 114
