17 111
18 112
19 113
20 114
21 115
22 116
23 116
24 117
25 118
26 119
27 120
28 121
29 122
30 123
31 123
32 124
33 125
34 126
35 127
36 128
37 129
38 129
39 130
40 131
41 132
42 132
43 133
44 134
45 135
46 135
47 136
48 137
49 137
50 138
51 139
52 139
53 140
54 140
55 141
56 142
57 142
58 143
59 143
60 143
61 144
62 144
63 145
64 145
65 145
66 146
67 146
68 146
69 146
70 147
71 147
72 147
73 147
74 147
75 147
76 147
77 148
78 148
79 148
80 148
81 147
82 147
83 147
84 147
85 147
86 147
87 147
88 147
89 146
90 146
91 146
92 146
93 145
94 145
95 145
96 144
97 144
98 143
99 143
100 142
101 142
102 141
103 141
104 140
105 140
106 139
107 139
108 138
109 137
110 137
111 136
112 135
113 135
114 134
115 133
116 133
117 132
118 132
119 131
120 130
121 130
122 129
123 129
124 128
125 127
126 127
127 126
128 126
129 126
130 125
131 125
132 124
133 124
134 124
135 123
136 123
137 123
138 122
139 122
140 122
141 121
142 121
143 121
144 120
145 120
146 120
147 119
148 119
149 119
150 118
151 118
152 117
153 117
154 117
155 116
156 116
157 115
158 115
159 115
160 114
161 114
162 113
163 113
164 113
165 112
166 112
167 111
168 111
169 110
170 110
171 109
172 109
173 108
174 108
175 107
176 107
177 106
178 106
179 105
180 105
181 104
182 104
183 103
184 103
185 102
186 102
187 101
188 101
189 100
190 100
191 100
192 99
193 99
194 98
195 98
196 98
197 97
198 97
199 97
200 96
201 96
202 96
203 96
204 95
205 95
206 95
207 95
208 95
209 95
210 94
211 94
212 94
213 94
214 94
215 94
216 94
217 94
218 94
219 94
220 94
221 95
222 95
223 95
224 95
225 96
226 96
227 96
228 97
229 97
230 98
231 98
232 99
233 100
234 100
235 101
236 102
237 103
238 103
239 104
240 105
241 106
242 107
243 108
244 108
245 109
246 110
247 111
248 112
249 113
250 114
251 115
252 116
253 117
254 118
255 119
256 120
257 120
258 121
259 122
260 123
261 124
262 125
263 126
264 127
265 128
266 128
267 129
268 130
269 131
270 132
271 133
272 133
273 134
274 135
275 136
276 136
277 137
278 138
279 139
280 139
281 140
282 141
283 141
284 142
285 143
286 143
287 144
288 145
289 145
290 146
291 147
292 147
293 148
294 148
295 149
296 150
297 150
298 151
299 151
300 152
301 152
302 153
303 153
304 154
305 154
306 155
307 155
308 155
309 156
310 156
311 157
312 157
313 157
314 158
315 158
316 159
317 159
318 159
319 160
320 160
321 160
322 160
323 161
324 161
325 161
326 161
327 162
328 162
329 162
330 162
331 163
332 163
333 163
334 163
335 163
336 163
337 164
338 164
339 164
340 164
341 164
342 164
343 164
344 165
345 165
346 165
347 165
348 165
349 165
350 165
351 165
352 165
353 165
354 165
355 165
356 165
357 166
358 166
359 166
360 166
361 166
362 166
363 166
364 166
365 166
366 166
367 166
368 166
369 166
370 166
371 166
372 166
373 166
374 166
375 166
376 166
377 167
378 167
379 167
380 167
381 167
382 167
383 167
384 167
385 168
386 168
387 168
388 168
389 169
390 169
391 169
392 169
393 170
394 170
395 171
396 171
397 171
398 172
399 172
400 173
401 173
402 174
403 174
404 175
405 176
406 176
407 177
408 178
409 178
410 179
411 180
412 180
413 181
414 182
415 183
416 183
417 184
418 185
419 186
420 187
421 187
422 188
423 189
424 190
425 191
426 192
427 193
428 193
429 194
430 195
431 196
432 197
433 198
434 199
434 200
435 201
436 202
437 203
438 204
439 205
440 206
441 207
442 208
442 209
443 210
444 211
445 212
446 213
447 214
448 215
449 216
450 217
451 218
452 219
453 220
454 221
455 221
456 222
457 223
458 224
459 224
460 225
461 226
462 226
463 227
464 228
465 228
466 229
467 229
468 229
469 230
470 230
471 231
472 231
473 231
474 231
475 232
476 232
477 232
478 232
479 232
480 232
481 233
482 233
483 233
484 233
485 233
486 232
487 232
488 232
489 232
490 232
491 232
492 231
493 231
494 231
495 231
496 230
497 230
498 230
499 229
500 229
501 228
502 228
503 228
504 227
505 227
506 226
507 226
508 225
509 225
510 224
511 224
512 223
513 223
514 222
515 222
516 221
517 221
518 220
519 220
520 219
521 219
522 218
523 218
524 217
525 217
526 217
527 216
528 216
529 215
530 215
531 214
532 214
533 213
534 213
535 212
536 212
537 211
538 211
539 210
540 210
541 209
542 209
543 208
544 208
545 207
546 207
547 207
548 206
549 206
550 205
551 205
552 204
553 204
554 203
555 203
556 202
557 202
558 201
559 201
560 201
