27 26
28 27
28 28
29 29
30 30
31 31
32 32
32 33
33 34
34 35
35 36
35 37
36 38
37 39
38 40
39 41
39 42
40 43
41 44
41 45
42 46
43 47
44 48
44 49
45 50
46 51
46 52
47 53
48 54
48 55
49 56
50 57
50 58
51 59
52 60
52 61
53 62
53 63
54 64
55 65
55 66
56 67
56 68
57 69
57 70
58 71
58 72
59 73
60 74
60 75
61 76
61 77
62 78
62 79
63 80
63 81
64 82
64 83
65 84
65 85
66 86
66 87
66 88
67 89
67 90
68 91
68 92
69 93
69 94
70 95
70 96
71 97
71 98
72 99
72 100
73 101
73 102
74 103
74 104
75 105
75 106
76 107
76 108
77 109
77 110
78 111
78 112
79 113
80 114
80 115
81 116
81 117
82 118
82 119
83 120
84 121
84 122
85 123
86 124
86 125
87 126
88 127
88 128
89 129
90 130
90 131
91 132
92 133
93 134
94 135
95 136
96 137
97 138
98 139
99 140
100 141
101 142
102 143
103 143
104 144
105 145
106 145
107 146
108 146
109 147
110 147
111 147
112 147
113 148
114 148
115 148
116 148
117 148
118 148
119 147
120 147
121 147
122 147
123 146
124 146
125 146
126 145
127 145
128 144
129 144
130 143
131 142
132 142
133 141
134 140
135 140
136 139
137 138
138 137
139 136
140 135
141 135
142 134
143 133
144 132
145 131
146 130
147 129
148 128
149 127
150 126
151 125
152 124
152 123
153 122
154 121
155 120
156 119
157 118
158 117
159 116
160 115
161 114
162 113
163 112
164 112
165 111
166 110
167 110
168 109
169 108
170 108
171 107
172 107
173 107
174 107
175 106
176 106
177 106
178 106
179 106
180 106
181 106
182 106
183 106
184 106
185 106
186 106
187 106
188 106
189 107
190 107
191 107
192 107
193 107
194 108
195 108
196 108
197 108
198 108
199 109
200 109
201 109
202 109
203 110
204 110
205 110
206 110
207 110
208 111
209 111
210 111
211 111
212 112
213 112
214 112
215 112
216 113
217 113
218 113
219 114
220 114
221 114
222 115
223 115
224 116
225 116
226 116
227 117
228 117
229 118
230 118
231 119
232 120
233 120
234 121
235 121
236 122
237 123
238 123
239 124
240 124
241 125
242 126
243 126
244 127
245 127
246 128
247 129
248 129
249 130
250 130
251 131
252 131
253 132
254 133
255 133
256 134
257 134
258 135
259 135
260 135
261 136
262 136
263 137
264 137
265 138
266 138
267 138
268 139
269 139
270 139
271 140
272 140
273 140
274 141
275 141
276 141
277 141
278 142
279 142
280 142
281 142
282 142
283 143
284 143
285 143
286 143
287 143
288 143
289 143
290 143
291 143
292 143
293 143
294 142
295 142
296 142
297 142
298 141
299 141
300 140
301 140
302 140
303 139
304 138
305 138
306 137
307 136
308 136
309 135
310 134
311 133
312 132
313 132
314 131
315 130
316 129
317 128
318 127
319 126
320 125
321 124
322 123
323 122
324 121
325 120
326 119
326 118
327 117
328 116
329 115
330 114
331 113
332 112
332 111
333 110
334 109
335 108
336 107
337 106
337 105
338 104
339 103
340 102
341 101
341 100
342 99
343 98
344 97
345 96
345 95
346 94
347 93
348 93
