43 2
44 3
45 4
46 5
47 6
48 7
49 8
50 9
50 10
51 11
52 12
53 13
54 14
55 15
55 16
56 17
57 18
58 19
59 20
60 21
60 22
61 23
62 24
63 25
64 26
65 27
65 28
66 29
67 30
68 31
69 32
69 33
70 34
71 35
72 36
73 37
73 38
74 39
75 40
76 41
77 42
78 43
78 44
79 45
80 46
81 47
82 48
82 49
83 50
84 51
85 52
86 53
86 54
87 55
88 56
89 57
89 58
90 59
91 60
92 61
93 62
93 63
94 64
95 65
96 66
97 67
98 68
98 69
99 70
100 71
101 72
102 73
103 74
103 75
104 76
105 77
106 78
107 79
108 80
109 81
110 82
111 83
112 84
113 85
113 86
114 87
115 88
116 89
117 90
118 91
119 92
120 93
121 94
122 94
123 95
124 96
125 97
126 98
127 99
128 100
129 101
130 101
131 102
132 103
133 104
134 104
135 105
136 106
137 107
138 107
139 108
140 108
141 109
142 110
143 110
144 111
145 111
146 111
147 112
148 112
149 113
150 113
151 113
152 113
153 114
154 114
155 114
156 114
157 114
158 115
159 115
160 115
161 115
162 115
163 115
164 115
165 115
166 115
167 115
168 115
169 115
170 115
171 115
172 116
173 116
174 116
175 116
176 116
177 116
178 116
179 116
180 116
181 117
182 117
183 117
184 117
185 117
186 118
187 118
188 118
189 118
190 119
191 119
192 119
193 119
194 120
195 120
196 120
197 120
198 120
199 121
200 121
201 121
202 121
203 122
204 122
205 122
206 122
207 122
208 123
209 123
210 123
211 123
212 123
213 123
214 123
215 124
216 124
217 124
218 124
219 124
220 124
221 124
222 124
223 124
224 124
225 124
226 124
227 124
228 124
229 124
230 124
231 124
232 124
233 124
234 124
235 124
236 123
237 123
238 123
239 123
240 123
241 123
242 123
243 122
244 122
245 122
246 122
247 121
248 121
249 121
250 121
251 120
252 120
253 120
254 120
255 119
256 119
257 119
258 118
259 118
260 117
261 117
262 117
263 116
264 116
265 116
266 115
267 115
268 114
269 114
270 114
271 113
272 113
273 113
274 112
275 112
276 111
277 111
278 111
279 110
280 110
281 110
282 110
283 109
284 109
285 109
286 109
287 109
288 109
289 109
290 109
291 109
292 109
293 109
294 109
295 109
296 109
297 109
298 109
299 110
300 110
301 111
302 111
303 112
304 112
305 113
306 114
307 115
308 116
309 117
310 118
311 119
312 120
313 121
314 122
314 123
315 124
316 125
317 126
317 127
318 128
319 129
319 130
320 131
320 132
321 133
322 134
322 135
323 136
323 137
324 138
325 139
325 140
326 141
326 142
327 143
328 144
328 145
329 146
329 147
330 148
330 149
331 150
332 151
332 152
333 153
333 154
334 155
334 156
335 157
336 158
336 159
337 160
337 161
338 162
338 163
339 164
339 165
340 166
341 167
341 168
342 169
342 170
343 171
343 172
344 173
344 174
345 175
345 176
346 177
347 178
347 179
348 180
348 181
349 182
349 183
350 184
350 185
351 186
351 187
352 188
352 189
353 190
353 191
354 192
354 193
355 194
355 195
356 196
356 197
357 198
357 199
358 200
358 201
359 202
359 203
360 204
360 205
361 206
361 207
362 208
362 209
363 210
363 211
364 212
364 213
365 214
365 215
366 216
366 217
367 218
367 219
368 220
368 221
369 222
369 223
370 224
370 225
371 226
371 227
372 228
372 229
373 230
373 231
374 232
375 233
375 234
376 235
376 236
377 237
377 238
378 239
378 240
379 241
380 242
380 243
381 244
382 245
382 246
383 247
383 248
384 249
385 250
386 251
386 252
387 253
388 254
389 255
390 256
391 257
391 258
392 259
393 260
394 261
395 262
396 262
397 263
398 264
399 265
400 266
401 266
402 267
403 268
404 268
405 269
406 270
407 270
408 271
409 271
410 272
411 272
412 272
413 273
414 273
415 274
416 274
417 274
418 275
419 275
420 275
421 276
422 276
423 276
424 276
425 277
426 277
427 277
428 277
429 277
430 278
431 278
432 278
433 278
434 278
435 278
436 278
437 278
438 279
439 279
440 279
441 279
442 279
443 279
444 279
445 279
446 279
447 279
448 279
449 279
450 278
451 278
452 278
453 278
454 278
455 278
456 278
457 277
458 277
459 277
460 277
461 276
462 276
463 276
464 275
465 275
466 275
467 274
468 274
469 273
470 273
471 272
472 272
473 271
474 271
475 270
476 269
477 268
478 268
479 267
480 266
481 265
482 264
483 263
484 262
485 261
486 260
487 259
488 258
489 257
490 256
491 255
492 254
493 253
493 252
494 251
495 250
496 249
496 248
497 247
498 246
498 245
499 244
500 243
500 242
501 241
502 240
502 239
503 238
504 237
504 236
505 235
505 234
506 233
507 232
507 231
508 230
508 229
509 228
509 227
510 226
510 225
511 224
511 223
512 222
513 221
513 220
514 219
514 218
515 217
515 216
516 215
516 214
517 213
517 212
518 211
518 210
519 209
520 208
520 207
521 206
521 205
522 204
522 203
523 202
524 201
524 200
525 199
525 198
526 197
527 196
527 195
528 194
529 193
529 192
530 191
531 190
532 189
533 188
533 187
534 186
535 186
536 185
537 184
538 183
539 183
540 182
541 182
542 181
543 181
544 181
545 180
546 180
547 180
548 180
549 180
550 180
551 180
552 180
553 180
554 180
555 180
556 180
557 180
558 180
559 181
560 181
561 181
562 181
563 182
564 182
565 182
566 182
567 183
568 183
569 183
570 184
571 184
572 184
573 185
574 185
575 185
576 186
577 186
578 186
579 187
580 187
581 187
582 188
583 188
584 188
585 188
586 189
587 189
588 189
589 189
590 189
591 190
592 190
593 190
594 190
595 190
596 190
597 190
598 190
599 190
600 190
601 190
602 189
603 189
604 189
605 189
606 188
607 188
608 188
609 188
610 187
611 187
612 187
613 186
614 186
615 185
616 185
617 185
618 184
619 184
