25 31
26 31
27 32
28 33
29 34
30 35
31 36
32 37
33 38
34 39
35 40
36 41
37 42
38 43
38 44
39 45
40 46
41 47
42 48
43 49
44 50
45 50
46 51
47 52
48 53
49 53
50 54
51 55
52 55
53 56
54 56
55 57
56 58
57 59
58 59
59 60
60 61
61 62
62 62
63 63
64 64
65 65
66 65
67 66
68 67
69 67
70 68
71 69
72 69
73 70
74 71
75 71
76 72
77 72
78 73
79 74
80 74
81 75
82 75
83 76
84 77
85 77
86 78
87 78
88 79
89 80
90 80
91 81
92 82
93 83
94 83
95 84
96 85
97 86
98 87
99 87
100 88
101 89
102 90
103 91
104 92
105 93
106 94
106 95
107 96
108 97
109 98
110 99
111 100
111 101
112 102
113 103
114 104
114 105
115 106
116 107
117 108
117 109
118 110
119 111
120 112
120 113
121 114
122 115
123 116
123 117
124 118
125 119
126 120
126 121
127 122
128 123
129 124
130 125
131 126
131 127
132 128
133 129
134 130
135 131
136 132
137 133
138 134
139 135
140 136
141 136
142 137
143 138
144 138
145 139
146 140
147 140
148 141
149 141
150 141
151 141
152 142
153 142
154 142
155 142
156 142
157 142
158 141
159 141
160 141
161 141
162 140
163 140
164 139
165 138
166 138
167 137
168 136
169 136
170 135
171 134
172 133
173 132
174 131
175 131
176 130
177 129
178 128
178 127
179 126
180 125
181 124
182 123
183 122
184 121
185 120
186 119
187 118
188 117
189 116
190 115
191 114
192 113
193 112
194 111
195 110
196 109
197 108
198 107
199 106
200 106
201 105
202 104
203 103
204 102
205 102
206 101
207 100
208 99
209 99
210 98
211 97
212 97
213 96
214 96
215 95
216 94
217 94
218 93
219 93
220 92
221 92
222 91
223 91
224 90
225 90
226 89
227 88
228 88
229 87
230 87
231 86
232 86
233 85
234 85
235 84
236 84
237 83
238 82
239 82
240 81
241 81
242 80
243 79
244 79
245 78
246 78
247 77
248 77
249 76
250 75
251 75
252 74
253 74
254 74
