19 69
20 68
21 68
22 67
23 66
24 66
25 65
26 65
27 64
28 64
29 63
30 63
31 62
32 62
33 61
34 61
35 61
36 60
37 60
38 60
39 60
40 60
41 60
42 59
43 59
44 59
45 59
46 59
47 59
48 60
49 60
50 60
51 60
52 60
53 60
54 60
55 61
56 61
57 61
58 61
59 62
60 62
61 62
62 63
63 63
64 63
65 64
66 64
67 65
68 65
69 65
70 66
71 66
72 67
73 67
74 68
75 68
76 69
77 69
78 70
79 70
80 71
81 71
82 72
83 72
84 73
85 73
86 74
87 75
88 75
89 76
90 76
91 77
92 77
93 78
94 78
95 79
96 79
97 80
98 80
99 81
100 81
101 81
102 82
103 82
104 83
105 83
106 83
107 84
108 84
109 85
110 85
111 85
112 86
113 86
114 86
115 87
116 87
117 88
118 88
119 88
120 89
121 89
122 90
123 90
124 91
125 92
126 92
127 93
128 94
129 94
130 95
131 96
132 97
133 98
134 99
135 100
136 101
137 102
138 103
138 104
139 105
140 106
141 107
142 108
143 109
143 110
