6 15
7 16
8 17
8 18
9 19
10 20
10 21
11 22
12 23
12 24
13 25
13 26
14 27
15 28
15 29
16 30
16 31
17 32
18 33
18 34
19 35
20 36
20 37
21 38
21 39
22 40
22 41
23 42
24 43
24 44
25 45
26 46
26 47
27 48
28 49
28 50
29 51
30 52
31 53
32 54
33 55
34 56
35 57
36 58
37 59
38 60
39 60
40 61
41 62
42 63
43 64
43 65
44 66
45 67
46 68
47 69
48 70
48 71
49 72
50 73
51 74
52 75
53 76
54 77
54 78
55 79
56 80
57 81
58 81
59 82
60 83
61 84
62 85
63 86
64 86
65 87
66 88
67 88
68 89
69 89
70 90
71 90
72 91
73 91
74 91
75 91
76 92
77 92
78 92
79 92
80 91
81 91
82 91
83 90
84 90
85 89
86 88
87 88
88 87
89 86
90 85
91 85
92 84
93 83
94 82
95 82
96 81
97 80
98 80
99 79
100 78
101 77
102 77
103 76
104 75
