6 11
7 12
8 13
9 14
9 15
10 16
10 17
11 18
12 19
12 20
13 21
13 22
14 23
15 24
15 25
16 26
16 27
17 28
17 29
18 30
18 31
19 32
19 33
20 34
20 35
21 36
21 37
22 38
22 39
22 40
23 41
23 42
24 43
24 44
25 45
25 46
26 47
26 48
27 49
28 50
28 51
29 52
30 53
30 54
31 55
32 56
33 57
34 58
35 59
36 60
37 61
38 61
39 61
40 62
41 62
42 62
43 62
44 62
45 62
46 62
47 61
48 61
49 61
50 61
51 60
52 60
53 59
54 59
55 59
56 58
57 58
58 58
59 57
60 57
61 57
62 57
63 57
64 57
65 57
66 57
67 57
68 57
69 58
70 58
71 58
72 58
73 58
74 58
75 58
76 58
77 58
78 57
79 57
80 57
81 57
82 57
83 57
84 56
85 56
86 56
87 56
88 55
89 55
90 55
91 55
92 54
