7 19
8 20
9 21
10 22
10 23
11 24
12 25
13 26
13 27
14 28
15 29
16 30
17 31
18 32
19 33
20 34
21 35
22 35
23 36
24 37
25 38
26 38
27 39
28 39
29 40
30 41
31 41
32 42
33 43
34 44
35 44
36 45
37 46
38 47
39 48
40 49
41 50
42 51
43 52
44 53
45 54
46 55
47 56
48 57
49 58
50 59
51 60
52 61
53 62
54 62
55 63
56 64
57 65
58 65
59 66
60 67
61 67
62 68
63 68
64 69
65 69
66 70
67 70
68 71
69 71
70 71
71 72
72 72
73 73
74 73
75 73
76 74
77 74
78 74
79 75
80 75
81 76
82 76
83 76
84 77
85 77
86 77
87 78
88 78
89 79
90 79
91 80
92 80
93 81
94 82
95 82
96 83
97 84
98 85
99 86
100 87
101 88
102 88
103 89
104 90
105 91
106 92
107 93
108 94
109 95
110 95
111 96
112 97
113 97
114 98
115 98
116 99
117 99
118 99
119 100
120 100
121 100
122 100
123 100
124 100
125 100
126 100
127 100
128 100
129 100
130 100
131 99
132 99
133 99
134 98
135 98
136 97
137 96
138 96
139 95
140 95
141 94
142 93
143 92
144 91
145 91
146 90
147 89
148 88
149 87
150 87
151 86
152 85
153 84
154 84
155 83
156 82
157 82
158 81
159 80
160 80
161 79
162 79
163 78
164 78
165 77
166 77
167 77
168 76
169 76
170 76
171 76
172 75
173 75
174 75
175 75
176 75
177 75
178 75
179 74
180 74
181 74
182 74
183 74
184 74
185 74
186 74
187 74
188 74
189 74
190 74
191 74
192 73
193 73
194 73
195 73
196 73
197 73
198 72
199 72
200 72
201 72
202 72
203 71
204 71
205 71
206 71
207 70
208 70
209 70
210 69
211 69
212 69
213 69
214 68
215 68
216 68
