20 7
21 8
21 9
22 10
22 11
23 12
23 13
24 14
24 15
25 16
25 17
26 18
26 19
27 20
27 21
28 22
28 23
29 24
29 25
30 26
30 27
31 28
31 29
32 30
32 31
33 32
33 33
34 34
34 35
34 36
35 37
35 38
36 39
36 40
36 41
37 42
37 43
38 44
38 45
39 46
39 47
39 48
40 49
40 50
41 51
41 52
41 53
42 54
42 55
43 56
43 57
43 58
44 59
44 60
45 61
45 62
46 63
46 64
46 65
47 66
47 67
48 68
48 69
48 70
49 71
49 72
50 73
50 74
51 75
51 76
51 77
52 78
52 79
53 80
53 81
54 82
54 83
55 84
55 85
56 86
56 87
57 88
57 89
58 90
58 91
59 92
60 93
60 94
61 95
61 96
62 97
63 98
63 99
64 100
65 101
66 102
66 103
67 104
68 105
69 106
70 107
71 108
72 109
73 110
74 111
75 112
76 113
77 114
78 115
79 115
80 116
81 117
82 118
83 119
84 119
85 120
86 121
87 121
88 122
89 123
90 124
91 124
92 125
93 126
94 126
95 127
96 128
97 129
98 129
99 130
100 131
101 131
102 132
103 133
104 133
105 134
106 134
107 135
108 135
109 136
110 136
111 136
112 136
113 136
114 136
115 136
116 136
117 135
118 135
119 134
120 134
121 133
122 133
123 132
124 131
125 131
126 130
127 130
128 129
129 128
130 128
131 127
132 127
133 126
134 126
135 126
136 125
137 125
138 125
139 125
140 125
141 125
142 125
143 125
144 125
145 125
146 126
147 126
148 127
149 127
150 128
151 129
152 130
153 131
154 132
154 133
155 134
156 135
156 136
157 137
158 138
158 139
159 140
159 141
160 142
160 143
161 144
161 145
162 146
162 147
163 148
163 149
164 150
164 151
165 152
165 153
166 154
166 155
167 156
167 157
168 158
169 159
169 160
170 161
170 162
171 163
171 164
172 165
172 166
173 167
174 168
174 169
175 170
176 171
176 172
177 173
178 174
179 175
179 176
180 177
181 178
182 179
183 180
184 180
185 181
186 182
187 182
188 183
189 183
190 184
191 184
192 184
193 184
194 185
195 185
196 185
197 185
198 185
199 185
200 185
201 185
202 185
203 185
204 185
205 185
206 184
207 184
208 184
209 184
210 183
211 183
212 183
213 183
214 182
215 182
216 182
217 181
218 181
219 181
220 180
221 180
222 179
223 179
224 179
225 178
226 178
227 177
228 177
229 176
230 176
231 176
232 175
233 175
234 174
235 174
236 173
237 173
238 173
239 172
240 172
241 171
242 171
243 171
244 170
245 170
246 169
247 169
248 169
249 168
250 168
251 167
252 167
253 167
254 166
255 166
256 166
257 166
258 165
259 165
260 165
261 165
262 165
263 164
264 164
265 164
266 164
267 164
268 164
269 164
270 164
271 164
272 165
273 165
274 165
275 165
276 166
277 166
278 166
279 167
280 167
281 167
282 168
283 168
284 168
285 169
286 169
287 169
288 170
289 170
290 170
291 170
292 170
293 170
294 170
295 170
296 169
297 169
298 168
299 167
300 166
301 166
302 165
302 164
303 163
304 162
305 161
305 160
306 159
307 158
307 157
308 156
309 155
309 154
310 153
310 152
311 151
311 150
312 149
313 148
313 147
314 146
314 145
315 144
315 143
316 142
316 141
317 140
318 139
318 138
319 137
319 136
320 135
320 134
321 133
322 132
322 131
323 130
323 129
324 128
325 127
325 126
326 125
327 124
327 123
328 122
329 121
330 120
330 119
331 118
332 117
333 116
334 115
334 114
335 113
336 112
337 111
338 110
339 109
340 108
341 108
342 107
343 106
344 105
345 105
346 104
347 103
348 103
349 102
350 102
351 101
352 101
353 101
354 100
355 100
356 100
357 100
358 100
359 99
360 99
361 99
362 99
363 99
364 99
365 99
366 99
367 99
368 99
369 99
370 100
371 100
372 100
373 100
374 100
375 101
376 101
377 101
378 102
379 102
380 102
381 103
382 103
383 104
384 104
385 105
386 105
387 106
388 106
389 107
390 107
391 108
392 108
393 109
394 110
395 110
396 111
397 111
398 112
399 113
400 113
401 114
402 115
403 115
404 116
405 117
406 118
407 118
408 119
409 120
410 120
411 121
412 122
413 123
414 123
415 124
