20 15
21 16
22 16
23 17
24 18
25 19
26 19
27 20
28 21
29 22
30 23
31 24
31 25
32 26
33 27
34 28
35 29
35 30
36 31
37 32
38 33
38 34
39 35
40 36
40 37
41 38
42 39
43 40
43 41
44 42
45 43
46 44
46 45
47 46
48 47
49 48
49 49
50 50
51 51
52 52
53 53
54 54
55 55
55 56
56 57
57 58
58 59
59 60
60 61
61 62
62 63
63 64
64 65
65 65
66 66
67 67
68 68
69 69
70 70
71 70
72 71
73 72
74 73
75 73
76 74
77 75
78 75
79 76
80 77
81 77
82 78
83 79
84 79
85 80
86 81
87 81
88 82
89 82
90 83
91 84
92 84
93 85
94 86
95 86
96 87
97 87
98 88
99 89
100 89
101 90
102 91
103 91
104 92
105 92
106 93
107 94
108 94
109 95
110 96
111 96
112 97
113 98
114 98
115 99
116 99
117 100
118 101
119 101
120 102
121 102
122 103
123 103
124 104
125 104
126 104
127 105
128 105
129 106
130 106
131 106
132 107
133 107
134 107
135 108
136 108
137 108
138 108
139 109
140 109
141 109
142 109
143 109
144 110
145 110
146 110
147 110
148 110
149 111
150 111
151 111
152 111
153 111
154 111
155 111
156 111
157 111
158 110
159 110
160 110
161 109
162 109
163 108
164 108
165 107
166 107
167 106
168 106
169 105
170 104
171 104
172 103
173 103
174 102
175 101
176 101
177 100
178 100
179 99
180 99
181 98
182 98
183 97
184 97
185 96
186 96
187 96
188 96
189 95
190 95
191 95
192 95
193 94
194 94
195 94
196 94
197 94
198 94
199 94
200 94
201 94
202 94
203 95
204 95
205 95
206 95
207 96
208 96
209 97
210 97
211 98
212 98
213 99
214 99
215 100
216 101
217 101
218 102
219 103
220 104
221 105
222 106
223 106
224 107
225 108
226 109
227 110
228 111
229 112
230 113
230 114
