18 27
19 28
20 28
21 29
22 29
23 30
24 30
25 31
26 31
27 32
28 32
29 33
30 33
31 33
32 34
33 34
34 34
35 34
36 35
37 35
38 35
39 35
40 36
41 36
42 36
43 36
44 37
45 37
46 38
47 38
48 39
49 40
50 41
51 42
52 43
53 44
54 45
55 46
55 47
56 48
56 49
57 50
58 51
58 52
59 53
59 54
59 55
60 56
60 57
61 58
61 59
62 60
62 61
63 62
63 63
64 64
65 65
65 66
66 67
67 68
68 69
69 70
70 71
71 71
72 71
73 70
74 70
75 70
76 69
77 68
78 68
79 67
80 67
81 66
82 66
83 65
84 65
85 65
86 65
87 65
88 65
89 65
90 65
91 65
92 65
93 65
94 66
95 66
96 66
97 66
98 67
99 67
100 67
101 67
102 68
103 68
104 68
105 69
106 69
107 69
108 70
109 70
110 70
111 71
112 71
113 72
114 72
115 72
116 73
117 73
118 74
119 74
120 75
121 75
122 75
123 75
124 76
125 76
126 76
127 76
128 75
129 75
130 75
131 74
132 74
133 73
134 73
135 72
136 71
137 71
138 70
139 69
140 69
141 68
142 68
143 67
144 67
145 66
146 66
147 65
148 65
149 64
150 64
151 64
152 63
153 63
154 63
155 63
156 62
157 62
158 62
159 62
160 62
161 62
162 62
163 62
164 62
165 62
166 62
167 62
168 62
169 62
170 63
171 63
172 63
173 64
174 64
175 65
176 65
177 66
178 67
179 68
180 68
181 69
182 70
183 71
184 72
185 72
186 73
187 73
188 73
189 73
190 72
191 72
192 71
193 71
194 70
195 70
196 69
197 68
198 68
199 67
200 67
201 66
202 65
203 65
204 64
205 64
206 63
207 63
208 62
209 62
210 61
211 60
212 60
213 60
214 59
215 59
216 58
217 58
218 57
219 57
220 57
221 56
222 56
223 56
224 56
225 56
226 56
227 56
228 56
229 56
230 56
231 57
232 58
233 59
234 59
235 60
235 61
236 62
237 63
238 64
