18 52
18 53
19 54
19 55
19 56
20 57
20 58
20 59
21 60
21 61
21 62
22 63
22 64
22 65
23 66
23 67
23 68
24 69
24 70
24 71
25 72
25 73
25 74
26 75
26 76
27 77
27 78
27 79
28 80
28 81
29 82
29 83
30 84
30 85
31 86
31 87
32 88
32 89
33 90
34 91
35 92
36 93
37 94
38 95
39 96
40 97
41 97
42 98
43 98
44 98
45 98
46 99
47 99
48 99
49 99
50 99
51 99
52 99
53 99
54 100
55 100
56 100
57 100
58 101
59 101
60 101
61 102
62 102
63 102
64 103
65 103
66 103
67 104
68 104
69 105
70 105
71 106
72 106
73 107
74 107
75 108
76 108
77 109
78 109
79 110
80 111
81 111
82 112
83 112
84 113
85 114
86 114
87 115
88 116
89 116
90 117
91 117
92 118
93 118
94 119
95 120
96 120
97 121
98 121
99 122
100 122
101 123
102 123
103 123
104 124
105 124
106 125
107 125
108 125
109 125
110 126
111 126
112 126
113 126
114 126
115 126
116 126
117 126
118 126
119 125
120 125
121 125
122 125
123 124
124 124
125 123
126 123
127 123
128 122
129 122
130 121
131 121
132 120
133 120
134 120
135 119
136 119
137 118
138 118
139 118
140 117
141 117
142 117
143 116
144 116
145 116
146 115
147 115
148 115
149 115
150 115
151 115
152 114
153 114
154 114
155 114
156 114
157 114
158 114
159 114
160 114
161 114
162 114
163 115
164 115
165 115
166 115
167 116
168 116
169 116
170 116
171 117
172 117
173 118
174 118
175 119
176 119
177 119
178 120
179 120
180 121
181 121
182 122
183 122
184 123
185 123
186 123
187 124
188 124
189 125
190 125
191 126
192 126
193 126
194 127
195 127
196 127
197 127
198 126
199 126
200 125
201 125
202 125
203 124
204 124
205 124
206 124
207 124
208 124
209 125
210 125
211 126
212 126
213 126
214 127
215 127
216 127
217 128
218 128
219 128
220 128
221 128
222 128
223 128
224 127
225 127
226 127
227 126
228 126
229 125
230 125
231 124
232 124
233 123
234 123
235 122
236 122
237 121
238 121
239 120
240 119
241 119
242 118
243 118
244 117
245 117
246 116
247 116
248 115
249 115
250 114
251 114
252 113
253 113
254 112
255 112
256 111
257 111
258 110
259 110
260 109
261 109
262 108
263 108
264 107
265 107
266 106
267 105
268 105
269 104
270 104
271 103
272 103
273 102
274 102
275 101
276 100
277 100
278 99
279 99
280 98
281 98
282 97
283 97
284 96
285 96
286 95
287 95
288 95
289 94
290 94
291 93
292 93
293 93
294 93
295 92
296 92
297 92
298 92
299 92
300 92
301 92
302 92
303 92
304 92
305 92
306 92
307 92
308 92
309 92
310 92
311 92
312 93
313 93
314 93
315 93
316 94
317 94
318 94
319 95
320 95
321 96
322 96
323 97
324 97
325 98
326 98
327 99
328 99
329 100
330 100
331 101
332 102
333 102
334 103
335 104
336 104
337 105
338 106
339 106
340 107
341 108
342 109
343 109
344 110
345 111
346 112
347 112
348 113
349 114
350 115
