24 21
25 22
26 23
27 24
28 25
29 26
30 27
31 27
32 28
33 29
34 30
35 31
36 32
37 33
38 34
39 35
40 36
41 37
42 38
43 39
44 40
45 41
46 42
47 43
48 44
49 45
49 46
50 47
51 48
52 49
53 50
54 51
55 52
56 53
57 54
58 55
58 56
59 57
60 58
61 59
62 60
63 61
63 62
64 63
65 64
66 65
66 66
67 67
68 68
69 69
70 70
70 71
71 72
72 73
73 74
73 75
74 76
75 77
76 78
76 79
77 80
78 81
79 82
79 83
80 84
81 85
82 86
82 87
83 88
84 89
84 90
85 91
86 92
87 93
87 94
88 95
88 96
89 97
90 98
90 99
91 100
92 101
92 102
93 103
94 104
94 105
95 106
96 107
96 108
97 109
98 110
98 111
99 112
100 113
100 114
101 115
102 116
102 117
103 118
104 119
104 120
105 121
106 122
107 123
107 124
108 125
109 126
109 127
110 128
111 129
112 130
113 131
114 132
114 133
115 134
116 135
117 136
118 137
119 138
119 139
120 140
121 141
122 142
123 143
124 144
125 145
126 146
127 147
128 148
129 149
130 150
131 151
132 152
133 152
134 153
135 154
136 155
137 156
138 157
139 157
140 158
141 159
142 160
143 160
144 161
145 162
146 162
147 163
148 163
149 164
150 164
151 165
152 165
153 166
154 166
155 166
156 166
157 167
158 167
159 167
160 167
161 167
162 167
163 167
164 167
165 167
166 167
167 167
168 167
169 167
170 167
171 166
172 166
173 166
174 166
175 166
176 165
177 165
178 165
179 165
180 165
181 164
182 164
183 164
184 164
185 164
186 164
187 163
188 163
189 163
190 163
191 163
192 162
193 162
194 162
195 162
196 162
197 161
198 161
199 161
200 161
201 160
202 160
203 160
204 160
205 159
206 159
207 159
208 158
209 158
210 158
211 157
212 157
213 156
214 156
215 155
216 155
217 154
218 154
219 153
220 152
221 152
222 151
223 150
224 150
225 149
226 148
227 147
228 147
229 146
230 145
231 144
232 143
233 143
234 142
235 141
236 140
237 140
238 139
239 138
240 137
241 137
242 136
243 136
244 135
245 134
246 134
247 133
248 133
249 132
250 132
251 131
252 131
253 131
254 130
255 130
256 129
257 129
258 129
259 128
260 128
261 128
262 127
263 127
264 127
265 127
266 126
267 126
268 126
269 126
270 125
271 125
272 125
273 125
274 125
275 124
276 124
277 124
278 124
279 124
280 124
281 124
282 124
283 124
284 124
285 123
286 123
287 123
288 123
289 124
290 124
291 124
292 124
293 124
294 124
295 124
296 124
297 124
298 125
299 125
300 125
301 126
302 126
303 126
304 127
305 127
306 128
307 128
308 129
309 129
310 130
311 130
312 131
313 132
314 133
315 133
316 134
317 135
318 136
319 136
320 137
321 138
322 139
323 140
324 141
325 141
326 142
327 143
328 144
329 145
330 146
331 146
332 147
333 148
334 148
335 149
336 149
337 150
338 150
339 151
340 151
341 151
342 151
343 151
344 151
345 151
346 151
347 150
348 150
349 149
350 149
351 149
352 148
353 147
354 147
355 146
356 146
357 145
358 144
359 144
360 143
361 143
362 142
363 142
364 141
365 141
366 140
367 140
368 140
369 139
370 139
371 139
372 139
373 139
374 139
375 140
376 140
377 140
378 140
379 141
380 141
381 142
382 142
383 143
384 143
385 144
386 144
387 145
388 146
389 146
390 147
391 148
392 148
393 149
394 149
395 150
396 151
397 152
398 152
399 153
400 154
401 154
402 155
403 155
404 156
405 157
406 157
407 158
408 159
409 159
410 160
411 160
412 161
413 161
414 162
415 162
416 163
417 163
418 163
419 164
420 164
421 165
422 165
423 165
424 165
425 166
426 166
427 166
428 166
429 166
430 166
431 166
432 166
433 166
434 166
435 166
436 166
437 166
438 166
439 165
440 165
441 165
442 165
443 164
444 164
445 164
446 163
447 163
448 163
449 162
450 162
451 161
452 161
453 161
454 160
455 160
456 159
457 159
458 158
459 158
460 158
461 157
462 157
463 156
464 156
465 155
466 155
467 155
468 154
469 154
470 154
471 153
472 153
473 152
474 152
475 152
476 152
477 151
478 151
479 151
480 151
481 150
482 150
483 150
484 150
485 150
486 150
487 150
488 150
489 150
490 150
491 150
492 150
493 150
494 150
495 150
496 150
497 150
498 150
499 150
500 150
501 150
502 151
503 151
504 151
505 151
506 151
507 151
508 151
509 152
510 152
511 152
512 152
513 152
514 152
515 152
516 153
517 153
518 153
519 153
520 153
521 153
522 153
523 154
524 154
525 154
526 154
527 154
528 154
529 154
530 154
531 154
532 155
533 155
534 155
535 155
536 155
537 155
538 155
539 155
540 155
