9 5
10 5
11 6
11 7
12 8
13 9
14 10
14 11
15 12
16 13
16 14
17 15
18 16
19 17
20 18
20 19
21 20
22 21
23 22
23 23
24 24
25 25
26 26
26 27
27 28
28 29
29 30
29 31
30 32
31 33
32 34
32 35
33 36
34 37
35 38
35 39
36 40
37 41
38 42
39 43
39 44
40 45
41 46
42 47
42 48
43 49
44 50
45 51
46 52
46 53
47 54
48 55
49 56
50 57
50 58
51 59
52 60
53 61
54 62
54 63
55 64
56 65
57 66
58 67
58 68
59 69
60 70
61 71
62 72
62 73
63 74
64 75
65 76
65 77
66 78
67 79
68 80
69 81
69 82
70 83
71 84
72 85
72 86
73 87
74 88
75 89
75 90
76 91
77 92
78 93
79 94
79 95
80 96
81 97
82 98
83 99
84 100
84 101
85 102
86 103
87 104
88 105
89 106
90 107
91 108
92 109
93 109
94 110
95 111
96 112
97 112
98 113
99 113
100 114
101 114
102 115
103 115
104 115
105 116
106 116
107 116
108 116
109 116
110 116
111 116
112 116
113 116
114 116
115 116
116 116
117 115
118 115
119 115
120 115
121 114
122 114
123 113
124 113
125 113
126 112
127 112
128 112
129 111
130 111
131 110
132 110
133 110
134 109
135 109
136 109
137 108
138 108
139 108
140 108
141 107
142 107
143 107
144 107
145 107
146 107
147 107
148 106
149 106
150 106
151 106
152 106
153 106
154 106
155 106
156 106
157 106
158 106
159 106
160 106
161 106
162 106
163 106
164 106
165 106
166 106
167 106
168 105
169 105
170 105
171 105
172 104
173 104
174 104
175 103
176 103
177 102
178 101
179 101
180 100
181 99
182 98
183 98
184 97
185 96
186 95
187 94
188 93
189 92
189 91
190 90
191 89
192 88
193 87
194 86
194 85
195 84
196 83
196 82
197 81
198 80
199 79
199 78
200 77
201 76
201 75
202 74
202 73
203 72
204 71
204 70
205 69
206 68
206 67
207 66
207 65
208 64
209 63
209 62
210 61
210 60
211 59
211 58
212 57
213 56
213 55
214 54
214 53
215 52
