26 52
27 53
28 54
29 55
29 56
30 57
31 58
31 59
32 60
33 61
34 62
34 63
35 64
36 65
37 66
37 67
38 68
39 69
40 70
41 71
42 72
43 72
44 73
45 74
46 74
47 75
48 75
49 75
50 75
51 76
52 76
53 75
54 75
55 75
56 74
57 74
58 74
59 73
60 72
61 72
62 71
63 70
64 70
65 69
66 68
67 68
68 67
69 66
70 66
71 65
72 64
73 64
74 63
75 62
76 62
77 61
78 61
79 60
80 60
81 59
82 59
83 58
84 58
85 57
86 57
87 56
88 56
89 55
90 55
91 54
92 54
93 54
94 53
95 53
96 53
97 52
98 52
99 52
100 51
101 51
102 51
103 51
104 50
105 50
106 50
107 50
108 50
109 49
110 49
111 49
112 49
113 49
114 49
115 49
116 49
117 49
118 49
119 49
120 49
121 49
122 49
123 49
124 49
125 49
126 49
127 49
128 49
129 50
130 50
131 50
132 50
133 51
134 51
135 52
136 52
137 53
138 53
139 54
140 54
141 55
142 56
143 57
144 58
145 59
146 60
147 61
148 62
149 62
150 63
151 64
152 65
153 66
154 67
155 67
156 68
157 69
158 69
159 70
160 71
161 71
162 72
163 72
164 73
165 73
166 74
167 74
168 75
169 76
170 76
171 77
172 77
173 78
174 78
175 78
176 79
177 79
178 80
179 80
180 80
181 81
182 81
183 81
184 82
185 82
186 82
187 82
188 82
189 83
190 83
191 83
192 83
193 83
194 83
195 83
196 84
197 84
198 84
199 84
200 84
201 84
202 84
203 84
204 85
205 85
206 85
207 85
208 86
209 86
210 87
211 87
212 87
213 88
214 88
215 89
216 89
217 90
218 90
219 91
220 91
221 92
222 92
223 93
224 93
225 93
226 94
227 94
228 94
229 94
230 94
231 95
232 95
233 95
234 95
235 95
236 95
237 95
238 95
239 94
240 94
241 94
242 94
243 94
244 93
245 93
246 93
247 93
248 92
249 92
250 92
251 91
252 91
253 91
254 90
255 90
256 90
257 90
258 89
259 89
260 89
261 89
262 89
263 88
264 88
265 88
266 88
267 88
268 88
269 88
270 88
271 88
272 88
273 88
274 88
275 88
276 88
277 88
278 88
279 88
280 88
281 88
282 88
283 88
284 89
285 89
286 89
287 89
288 89
289 89
290 90
291 90
292 90
293 90
294 90
295 91
296 91
297 91
298 91
299 91
300 91
301 91
302 92
303 92
304 92
305 93
306 93
307 94
308 95
309 95
310 96
311 97
312 98
313 99
314 100
314 101
315 102
316 103
317 104
318 105
319 106
320 107
321 108
321 109
322 110
323 111
324 112
325 112
326 113
327 114
328 115
329 116
330 116
331 117
332 118
333 118
334 119
335 119
336 120
337 120
338 120
339 121
340 121
341 122
342 122
343 123
344 123
345 123
346 124
347 124
