37 26
38 27
38 28
38 29
38 30
39 31
39 32
39 33
40 34
40 35
40 36
40 37
41 38
41 39
41 40
42 41
42 42
42 43
42 44
43 45
43 46
43 47
44 48
44 49
44 50
45 51
45 52
45 53
46 54
46 55
46 56
46 57
47 58
47 59
47 60
48 61
48 62
49 63
49 64
49 65
50 66
50 67
50 68
51 69
51 70
52 71
52 72
52 73
53 74
53 75
54 76
54 77
55 78
55 79
56 80
57 81
57 82
58 83
59 84
59 85
60 86
61 87
62 88
63 89
64 90
65 90
66 91
67 92
68 92
69 93
70 93
71 94
72 95
73 95
74 96
75 97
76 98
77 99
78 100
79 101
79 102
80 103
80 104
81 105
81 106
82 107
82 108
83 109
83 110
84 111
84 112
85 113
85 114
85 115
86 116
86 117
87 118
87 119
87 120
88 121
88 122
89 123
89 124
89 125
90 126
90 127
91 128
91 129
91 130
92 131
92 132
93 133
93 134
93 135
94 136
94 137
95 138
95 139
96 140
96 141
97 142
97 143
97 144
98 145
98 146
99 147
99 148
100 149
100 150
101 151
102 152
102 153
103 154
103 155
104 156
105 157
105 158
106 159
106 160
107 161
108 162
109 163
109 164
110 165
111 166
112 167
113 168
113 169
114 170
115 171
116 172
117 173
118 174
119 175
120 176
121 176
122 177
123 178
124 179
125 180
126 181
127 181
128 182
129 183
130 183
131 184
132 185
133 185
134 186
135 187
136 187
137 188
138 188
139 189
140 189
141 190
142 190
143 191
144 191
145 192
146 192
147 192
148 193
149 193
150 194
151 194
152 194
153 195
154 195
155 195
156 196
157 196
158 196
159 197
160 197
161 197
162 198
163 198
164 198
165 199
166 199
167 199
168 200
169 200
170 200
171 201
172 201
173 201
174 202
175 202
176 202
177 203
178 203
179 203
180 203
181 204
182 204
183 204
184 205
185 205
186 205
187 206
188 206
189 206
190 207
191 207
192 207
193 207
194 208
195 208
196 208
197 209
198 209
199 209
200 209
201 210
202 210
203 210
204 210
205 210
206 211
207 211
208 211
209 211
210 211
211 212
212 212
213 212
214 212
215 212
216 212
217 212
218 212
219 212
220 212
221 212
222 212
223 211
224 211
225 211
226 211
227 211
228 210
229 210
230 209
231 209
232 209
233 208
234 208
235 207
236 207
237 206
238 206
239 205
240 204
241 204
242 203
243 202
244 202
245 201
246 200
247 200
248 199
249 198
250 197
251 197
252 196
253 195
254 195
255 194
256 193
257 192
258 191
259 191
260 190
261 190
