14 10
15 11
16 12
17 12
18 13
19 14
20 15
21 15
22 16
23 17
24 17
25 18
26 19
27 19
28 20
29 21
30 22
31 22
32 23
33 23
34 24
35 25
36 25
37 26
38 27
39 27
40 28
41 28
42 29
43 30
44 30
45 31
46 31
47 32
48 32
49 33
50 33
51 34
52 34
53 35
54 35
55 36
56 36
57 37
58 37
59 38
60 38
61 39
62 39
63 40
64 40
65 41
66 41
67 42
68 42
69 43
70 43
71 44
72 44
73 45
74 46
75 46
76 47
77 48
78 48
79 49
80 50
81 51
82 52
83 52
84 53
85 54
86 55
87 56
88 57
89 58
90 59
91 60
92 61
93 62
94 63
95 64
95 65
96 66
97 67
98 68
99 69
100 70
100 71
101 72
102 73
103 74
104 75
105 76
105 77
106 78
107 79
108 80
109 81
109 82
110 83
111 84
112 85
113 86
114 87
115 88
116 89
117 90
118 91
119 91
120 92
121 93
122 93
123 94
124 94
125 95
126 95
127 96
128 96
129 97
130 97
131 97
132 98
133 98
134 99
135 99
136 100
137 100
138 101
139 101
140 102
141 102
142 102
143 103
144 103
145 104
146 104
147 104
148 105
149 105
150 106
151 106
152 106
153 106
154 107
155 107
156 107
157 107
158 107
159 107
160 107
161 107
162 107
163 107
164 107
165 107
166 107
167 107
168 107
169 107
170 106
171 106
172 106
173 106
174 105
175 105
176 104
177 104
178 104
179 103
180 103
181 102
182 102
183 102
184 102
185 101
186 101
187 101
188 102
189 102
190 102
191 102
192 103
193 103
194 103
195 104
196 104
197 105
198 105
199 106
200 106
201 106
202 107
203 107
204 107
205 107
206 107
207 107
208 107
209 107
210 106
211 106
212 106
213 106
214 105
215 105
216 105
217 104
218 104
219 104
220 103
221 103
222 102
223 102
224 102
225 101
226 101
227 100
228 100
229 99
230 99
231 98
232 98
233 97
234 97
235 96
236 96
237 95
238 94
239 94
240 93
241 93
242 92
243 91
244 90
245 90
246 89
247 88
248 87
249 86
250 86
251 85
252 84
253 83
254 82
255 81
256 80
257 79
258 78
259 78
260 77
261 76
262 75
263 74
264 73
265 72
266 71
267 70
268 69
269 69
270 68
271 67
272 66
273 66
274 65
275 65
276 64
277 64
278 64
279 64
280 64
281 64
282 64
283 64
284 64
285 64
286 65
287 65
288 66
289 66
290 67
291 67
292 68
293 68
294 69
295 69
296 69
297 70
298 70
299 70
300 71
301 71
302 72
303 72
304 73
305 73
306 74
307 75
308 76
309 77
310 78
311 79
312 80
313 81
314 82
315 83
316 84
317 85
318 86
319 87
320 88
321 89
322 90
323 91
324 92
325 93
326 94
327 95
328 96
329 97
330 98
331 99
332 99
333 100
334 101
335 102
336 103
337 104
338 105
339 106
340 107
341 107
342 108
343 109
344 110
345 111
346 111
347 112
348 113
349 114
350 115
351 115
352 116
353 117
354 118
355 118
356 119
357 120
358 121
359 121
360 122
361 123
362 123
363 124
364 125
365 126
366 126
367 127
368 128
369 128
370 129
371 130
372 130
373 131
374 131
375 132
376 132
377 133
378 133
379 134
380 134
381 134
382 135
383 135
384 135
385 135
386 134
387 134
388 134
389 134
390 133
391 133
392 133
393 133
394 133
395 133
396 133
397 133
398 133
399 134
400 134
401 135
402 135
403 136
404 137
405 138
406 138
