11 48
12 48
13 48
14 48
15 48
16 49
17 49
18 49
19 49
20 49
21 50
22 50
23 50
24 51
25 51
26 51
27 52
28 52
29 53
30 53
31 54
32 54
33 55
34 56
35 56
36 57
37 58
38 59
39 60
40 61
41 62
42 63
43 64
44 65
45 66
45 67
46 68
47 69
48 70
49 71
49 72
50 73
51 74
51 75
52 76
53 77
54 78
54 79
55 80
56 81
56 82
57 83
58 84
58 85
59 86
60 87
60 88
61 89
62 90
62 91
63 92
64 93
64 94
65 95
66 96
67 97
68 98
68 99
69 100
70 101
71 102
72 103
73 104
74 105
75 106
76 107
77 107
78 108
79 109
80 110
81 110
82 111
83 112
84 112
85 113
86 113
87 114
88 114
89 115
90 116
91 116
92 116
93 117
94 117
95 118
96 118
97 119
98 119
99 120
100 120
101 120
102 121
103 121
104 122
105 122
106 122
107 123
108 123
109 123
110 124
111 124
112 125
113 125
114 125
115 126
116 126
117 126
118 127
119 127
120 128
121 128
122 128
123 129
124 129
125 130
126 130
127 130
128 131
129 131
130 132
131 132
132 132
133 133
134 133
135 134
136 134
137 134
138 135
139 135
140 136
141 136
142 136
143 137
144 137
145 137
146 138
147 138
148 138
149 139
150 139
151 139
152 140
153 140
154 140
155 140
156 140
157 141
158 141
159 141
160 141
161 141
162 141
163 141
164 142
165 142
166 142
167 142
168 142
169 142
170 142
171 142
172 141
173 141
174 141
175 141
176 141
177 141
178 141
179 141
180 141
181 140
182 140
183 140
184 140
185 140
186 140
187 140
188 139
189 139
190 139
191 139
192 139
193 139
194 138
195 138
196 138
197 138
198 138
199 137
200 137
201 137
202 137
203 137
204 137
205 136
206 136
207 136
208 136
209 136
210 136
211 135
212 135
213 135
214 135
215 135
216 135
217 134
218 134
