4 30
5 31
6 32
6 33
7 34
7 35
8 36
8 37
9 38
10 39
10 40
11 41
12 42
13 42
14 43
15 43
16 43
17 43
18 42
19 42
20 41
21 41
22 41
23 40
24 40
25 39
26 39
27 38
28 38
29 38
30 38
31 38
32 38
33 38
34 38
35 38
36 38
37 39
38 39
39 40
40 40
41 41
42 42
43 42
44 43
45 44
46 45
47 46
48 47
49 48
50 49
51 50
52 51
53 52
54 53
55 54
56 55
57 55
58 56
59 57
60 58
61 59
62 59
63 60
64 61
65 61
66 62
67 63
68 63
69 63
70 64
71 64
72 64
73 65
74 65
75 65
76 65
77 65
78 65
79 65
80 64
81 64
82 64
83 63
84 63
85 62
86 62
87 61
88 61
89 60
90 60
91 59
92 58
93 58
94 57
95 56
96 56
97 55
98 54
99 54
100 53
101 53
102 52
103 51
104 51
105 50
106 50
107 49
108 49
109 48
110 48
111 48
112 47
113 47
114 47
115 47
116 47
117 47
118 47
119 47
120 47
121 47
122 47
123 47
124 47
125 48
126 48
127 49
128 49
129 50
130 50
131 51
132 51
133 52
134 53
135 53
136 54
137 55
138 56
139 56
140 57
141 58
142 59
143 60
144 61
145 61
146 62
147 63
148 64
149 65
150 66
151 66
152 67
153 68
154 68
155 69
156 69
157 69
158 69
159 68
160 68
161 67
162 67
163 67
164 66
165 66
166 66
167 66
168 66
169 66
170 66
171 66
172 66
173 66
174 66
175 66
176 66
177 66
178 66
179 66
180 66
181 66
182 66
183 66
184 65
185 65
186 65
187 64
188 63
189 63
190 62
191 62
192 61
193 61
194 61
195 61
196 61
197 61
198 61
199 62
200 63
201 64
202 65
202 66
203 67
204 68
204 69
205 70
206 71
207 72
208 73
209 74
210 73
211 73
212 72
213 71
214 70
215 69
216 68
217 67
218 66
219 66
220 65
221 64
222 63
223 62
224 61
225 61
226 60
227 59
228 59
229 58
230 58
231 57
232 56
233 56
234 56
235 55
236 55
237 55
238 54
239 54
240 54
241 54
242 54
243 54
244 54
245 54
246 55
247 55
248 55
249 55
250 56
251 56
252 57
253 57
254 58
255 58
256 59
