16 50
17 51
17 52
18 53
18 54
19 55
19 56
20 57
21 58
21 59
22 60
22 61
23 62
23 63
24 64
24 65
25 66
25 67
26 68
27 69
27 70
28 71
28 72
29 73
29 74
30 75
30 76
31 77
31 78
32 79
33 80
33 81
34 82
34 83
35 84
36 85
37 86
38 87
39 88
40 89
41 89
42 90
43 90
44 90
45 90
46 89
47 89
48 88
49 87
50 87
51 86
52 85
53 84
54 84
55 83
56 82
57 81
58 81
59 80
60 79
61 79
62 78
63 78
64 78
65 77
66 77
67 77
68 77
69 77
70 77
71 77
72 77
73 77
74 78
75 78
76 78
77 79
78 80
79 80
80 81
81 82
82 83
83 84
83 85
84 86
85 87
85 88
86 89
87 90
87 91
88 92
89 93
89 94
90 95
91 96
91 97
92 98
92 99
93 100
94 101
94 102
95 103
95 104
96 105
97 106
97 107
98 108
99 109
99 110
100 111
101 112
101 113
102 114
103 115
104 116
104 117
105 118
106 119
107 120
108 121
109 122
110 123
111 124
112 125
113 126
114 127
115 128
116 129
117 130
118 131
119 131
120 132
121 133
122 134
123 134
124 135
125 136
126 136
127 137
128 137
129 138
130 138
131 139
132 139
133 140
134 140
135 141
136 141
137 141
138 142
139 142
140 142
141 142
142 143
143 143
144 143
145 143
146 143
147 143
148 143
149 143
150 143
151 143
152 142
153 142
154 142
155 141
156 141
157 140
158 139
159 139
160 138
161 137
162 136
163 135
164 134
165 133
166 132
167 131
168 130
168 129
169 128
170 127
170 126
171 125
172 124
172 123
173 122
174 121
174 120
175 119
175 118
176 117
176 116
177 115
177 114
178 113
178 112
179 111
179 110
180 109
180 108
180 107
181 106
181 105
182 104
182 103
183 102
183 101
184 100
184 99
184 98
185 97
185 96
186 95
186 94
187 93
187 92
188 91
188 90
189 89
189 88
190 87
190 86
191 85
191 84
192 83
192 82
193 81
194 80
195 79
195 78
196 77
197 76
198 76
199 75
200 75
201 74
202 74
203 74
204 74
205 74
206 74
207 74
208 74
209 74
210 75
211 75
212 75
213 76
214 76
215 77
216 77
217 78
218 78
219 79
220 79
221 80
222 80
223 81
224 81
225 82
226 82
227 83
228 83
229 83
230 84
231 84
232 84
233 84
234 84
235 85
236 85
237 85
238 85
239 85
240 85
241 85
242 85
243 84
244 84
245 84
246 84
247 83
248 83
249 83
250 82
251 82
252 81
253 80
254 80
255 79
256 78
257 78
258 77
259 76
260 75
261 75
262 74
263 73
264 72
265 71
266 71
267 70
268 69
269 68
270 68
271 67
272 66
273 65
274 65
275 64
276 64
277 63
278 62
279 62
280 61
281 61
282 60
283 60
284 59
285 59
286 59
287 58
288 58
289 57
290 57
291 57
292 56
293 56
294 56
295 56
296 55
297 55
298 55
299 55
300 54
301 54
302 54
303 54
304 54
305 53
306 53
307 53
308 53
309 53
310 52
311 52
312 52
313 52
314 52
315 52
316 52
317 51
318 51
319 51
320 51
321 51
322 51
323 51
324 51
325 50
326 50
327 50
328 50
329 50
330 50
331 50
332 50
333 50
334 49
