12 28
13 29
14 30
15 31
16 32
16 33
17 34
18 35
18 36
19 37
20 38
21 39
21 40
22 41
23 42
23 43
24 44
25 45
25 46
26 47
27 48
27 49
28 50
29 51
29 52
30 53
31 54
31 55
32 56
33 57
33 58
34 59
34 60
35 61
36 62
36 63
37 64
38 65
38 66
39 67
39 68
40 69
40 70
41 71
42 72
42 73
43 74
43 75
44 76
44 77
45 78
45 79
46 80
47 81
47 82
48 83
48 84
49 85
49 86
50 87
50 88
51 89
51 90
52 91
53 92
53 93
54 94
54 95
55 96
56 97
56 98
57 99
57 100
58 101
59 102
60 103
60 104
61 105
62 106
63 107
64 108
65 109
66 110
67 111
68 112
69 112
70 113
71 113
72 114
73 114
74 115
75 115
76 115
77 115
78 115
79 115
80 115
81 115
82 115
83 114
84 114
85 114
86 113
87 113
88 112
89 112
90 112
91 111
