16 45
17 45
18 46
19 46
20 47
21 48
22 49
23 50
24 51
25 52
26 53
27 54
28 55
29 55
30 56
31 57
32 58
33 59
34 60
35 61
36 62
36 63
37 64
38 65
39 66
40 67
41 68
42 69
43 70
43 71
44 72
45 73
46 74
46 75
47 76
48 77
48 78
49 79
50 80
50 81
51 82
51 83
52 84
53 85
53 86
54 87
54 88
55 89
55 90
56 91
56 92
57 93
57 94
58 95
59 96
59 97
60 98
60 99
61 100
61 101
62 102
62 103
63 104
63 105
64 106
65 107
65 108
66 109
67 110
68 111
69 112
70 113
71 114
72 114
73 115
74 114
75 114
76 113
77 112
78 111
79 110
79 109
80 108
81 107
81 106
82 105
82 104
83 103
84 102
84 101
85 100
85 99
86 98
87 97
88 96
88 95
89 94
90 93
91 92
92 92
93 91
94 91
95 91
96 91
97 91
98 91
99 91
100 91
101 91
102 92
103 92
104 92
105 93
106 93
107 94
108 94
109 95
110 96
111 96
112 97
113 97
114 98
115 99
116 99
117 100
118 101
119 101
120 102
121 103
122 103
123 104
124 105
125 105
126 106
127 107
128 107
129 108
130 109
131 109
132 110
133 111
134 111
135 112
136 113
137 113
138 114
139 115
140 115
141 116
142 117
143 117
144 118
145 119
146 119
147 120
148 120
149 121
150 122
151 122
152 123
153 123
154 124
155 124
156 125
157 125
158 126
159 126
160 126
161 127
162 127
163 127
164 128
165 128
166 128
167 129
168 129
169 129
170 129
171 129
172 129
173 129
174 129
175 129
176 129
177 129
178 129
179 129
180 129
181 129
182 129
183 128
184 128
185 128
186 128
187 127
188 127
189 127
190 126
191 126
192 126
193 126
194 126
195 126
196 126
197 126
198 126
199 127
200 127
201 127
202 128
203 129
204 129
205 130
206 131
207 131
208 132
209 133
210 134
211 134
212 135
213 136
214 136
215 137
216 137
217 138
218 138
219 138
220 138
221 139
222 139
223 139
224 139
225 139
226 139
227 139
228 139
229 138
230 138
231 138
232 138
233 138
234 138
235 137
236 137
237 137
238 137
239 137
240 136
241 136
242 136
243 136
244 136
245 136
246 136
247 135
248 135
249 135
250 135
251 135
252 135
253 135
254 135
255 135
256 135
257 135
258 135
259 134
260 134
261 134
262 134
263 134
264 134
265 134
266 134
267 134
268 134
269 134
270 134
271 134
272 134
273 134
274 134
275 134
276 134
277 134
278 134
279 134
280 134
281 135
282 135
283 135
284 135
285 135
286 135
287 135
288 135
289 136
290 136
291 136
292 136
293 137
294 137
295 137
296 137
297 138
298 138
299 138
300 138
301 138
302 137
303 137
304 137
305 136
306 135
307 134
308 134
309 133
310 132
