12 62
13 62
14 63
14 64
15 65
16 66
17 67
17 68
18 69
19 70
19 71
20 72
21 73
21 74
22 75
23 76
24 77
24 78
25 79
26 80
26 81
27 82
28 83
29 84
29 85
30 86
31 87
31 88
32 89
33 90
34 91
34 92
35 93
36 94
37 95
37 96
38 97
39 98
39 99
40 100
41 101
42 102
42 103
43 104
44 105
45 106
45 107
46 108
47 109
48 110
49 111
49 112
50 113
51 114
52 115
53 116
54 117
54 118
55 119
56 120
57 121
58 122
59 123
60 124
61 125
62 126
63 127
64 128
65 129
66 130
67 131
68 131
69 132
70 133
71 134
72 134
73 135
74 136
75 136
76 137
77 137
78 138
79 138
80 139
81 139
82 140
83 140
84 140
85 141
86 141
87 141
88 141
89 142
90 142
91 142
92 142
93 142
94 142
95 142
96 142
97 142
98 142
99 141
100 141
101 141
102 141
103 140
104 140
105 139
106 139
107 138
108 138
109 137
110 136
111 136
112 135
113 134
114 133
115 132
116 132
117 131
118 130
119 129
120 128
121 127
122 126
122 125
123 124
124 123
125 122
126 121
127 120
127 119
128 118
129 117
130 116
130 115
131 114
132 113
133 112
133 111
134 110
135 109
136 108
136 107
137 106
138 105
139 104
140 103
141 102
142 101
143 100
144 99
145 98
146 97
147 97
148 97
149 96
150 96
151 96
152 96
153 96
154 96
155 97
156 97
157 98
158 99
159 100
160 101
161 102
161 103
162 104
163 105
163 106
164 107
164 108
165 109
165 110
166 111
166 112
166 113
167 114
167 115
168 116
168 117
169 118
169 119
169 120
170 121
170 122
171 123
171 124
171 125
172 126
172 127
172 128
173 129
173 130
