14 35
15 36
15 37
16 38
16 39
17 40
17 41
18 42
18 43
19 44
19 45
20 46
20 47
21 48
21 49
22 50
22 51
23 52
23 53
24 54
24 55
25 56
25 57
26 58
26 59
27 60
27 61
27 62
28 63
28 64
29 65
29 66
30 67
30 68
31 69
31 70
31 71
32 72
32 73
33 74
33 75
34 76
34 77
34 78
35 79
35 80
36 81
36 82
37 83
37 84
37 85
38 86
38 87
39 88
39 89
40 90
40 91
41 92
41 93
42 94
42 95
43 96
43 97
44 98
44 99
45 100
45 101
46 102
46 103
47 104
48 105
48 106
49 107
50 108
50 109
51 110
52 111
52 112
53 113
54 114
55 115
56 116
56 117
57 118
58 119
59 120
60 121
61 122
62 123
63 124
64 125
65 126
66 127
67 128
68 128
69 129
70 130
71 131
72 131
73 132
74 133
75 134
76 134
77 135
78 135
79 136
80 137
81 137
82 138
83 138
84 139
85 139
86 140
87 140
88 140
89 141
90 141
91 141
92 142
93 142
94 142
95 142
96 142
97 143
98 143
99 143
100 143
101 142
102 142
103 142
104 141
105 141
106 140
107 139
108 139
109 138
109 137
110 136
111 135
112 134
112 133
113 132
114 131
114 130
115 129
115 128
116 127
116 126
117 125
117 124
117 123
118 122
118 121
119 120
119 119
119 118
120 117
120 116
121 115
121 114
121 113
122 112
122 111
