14 20
15 21
16 22
16 23
17 24
18 25
18 26
19 27
20 28
20 29
21 30
22 31
23 32
23 33
24 34
25 35
26 36
27 37
28 38
29 39
30 39
31 40
32 41
33 42
34 43
35 44
36 45
37 45
38 46
39 47
40 48
41 49
42 50
43 50
44 51
45 51
46 52
47 52
48 52
49 52
50 52
51 52
52 52
53 52
54 52
55 52
56 52
57 52
58 52
59 52
60 52
61 52
62 52
63 52
64 52
65 52
66 52
67 52
68 52
69 52
70 52
71 53
72 53
73 53
74 53
75 54
76 54
77 54
78 55
79 55
80 55
81 56
82 56
83 57
84 57
85 58
86 59
87 59
88 60
89 61
90 61
91 62
92 62
93 63
94 64
95 64
96 65
97 65
98 65
99 66
100 66
101 66
102 66
103 67
104 67
105 67
106 67
107 67
108 68
109 68
110 68
111 69
112 69
113 69
114 70
115 70
116 71
117 71
118 71
119 72
120 72
121 72
122 72
123 73
124 73
125 73
126 73
127 73
128 73
129 73
130 73
131 73
132 73
133 73
134 72
135 72
136 72
137 72
138 72
139 73
140 73
141 73
142 73
143 74
144 74
145 75
146 75
147 75
148 76
149 76
150 76
151 77
152 77
153 77
154 77
155 77
156 78
157 78
158 78
159 78
160 78
161 78
162 78
163 78
164 78
165 78
166 78
167 78
168 78
169 78
170 78
171 78
172 78
173 78
174 78
175 77
176 77
177 76
178 76
179 75
180 75
