26 33
27 33
28 34
29 34
30 35
31 36
32 36
33 37
34 37
35 38
36 39
37 39
38 40
39 41
40 41
41 42
42 42
43 43
44 44
45 44
46 45
47 45
48 46
49 47
50 47
51 48
52 48
53 49
54 50
55 50
56 51
57 51
58 52
59 53
60 53
61 54
62 54
63 55
64 56
65 56
66 57
67 57
68 58
69 59
70 59
71 60
72 61
73 61
74 62
75 63
76 63
77 64
78 65
79 65
80 66
81 67
82 68
83 69
84 69
85 70
86 71
87 72
88 73
89 74
90 75
91 75
92 76
93 77
94 78
95 79
96 80
97 81
98 82
99 83
100 84
101 85
102 86
103 87
104 88
105 88
106 89
107 90
108 91
109 92
110 93
111 94
112 95
113 96
114 96
115 97
116 98
117 99
118 100
119 101
120 101
121 102
122 103
123 104
124 104
125 105
126 106
127 107
128 107
129 108
130 109
131 110
132 110
133 111
134 112
135 113
136 113
137 114
138 115
139 115
140 116
141 117
142 118
143 118
144 119
145 120
146 121
147 122
148 122
149 123
150 124
151 125
152 126
153 127
154 128
155 129
156 129
157 130
158 131
159 132
160 133
161 134
162 135
163 136
164 137
165 137
166 138
167 139
168 140
169 141
170 141
171 142
172 142
173 143
174 144
175 144
176 144
177 145
178 145
179 145
180 145
181 145
182 146
183 145
184 145
185 145
186 145
187 145
188 145
189 144
190 144
191 144
192 144
193 143
194 143
195 143
196 143
197 142
198 142
199 142
200 141
201 141
202 141
203 141
204 140
205 140
206 140
207 140
208 140
209 140
210 139
211 139
212 139
213 139
214 139
215 139
216 139
217 139
218 138
219 138
220 138
221 138
222 138
223 138
224 138
225 138
226 138
227 138
228 138
229 138
230 138
231 139
232 139
233 139
234 139
235 139
236 140
237 140
238 140
239 140
240 140
241 140
242 141
243 141
244 140
245 140
246 140
247 140
248 140
249 140
250 140
251 140
252 140
253 140
254 140
255 140
256 140
257 140
258 141
259 141
260 142
261 142
262 143
263 144
264 144
265 145
266 146
267 147
268 148
269 149
270 150
271 151
272 151
273 152
274 153
275 154
276 155
277 155
278 156
279 156
280 157
281 157
282 158
283 158
284 159
285 159
286 159
287 160
288 160
289 160
290 160
291 160
292 160
293 160
294 160
295 160
296 160
297 160
298 160
299 160
300 160
301 159
302 159
303 159
304 158
305 158
306 158
307 157
308 157
309 157
310 156
311 156
312 155
313 155
314 155
315 154
316 154
317 153
318 153
319 153
320 152
321 152
322 152
323 152
324 152
325 151
326 151
327 151
328 151
329 151
330 151
331 151
332 151
333 151
334 151
335 151
336 151
337 152
338 152
339 152
340 152
341 153
342 153
343 153
344 154
345 154
346 154
347 155
348 155
349 156
350 156
351 157
352 157
353 158
354 158
355 159
356 159
357 160
358 161
359 161
360 162
361 163
362 163
363 164
364 165
365 165
366 166
367 167
368 168
369 168
370 169
371 170
372 171
373 171
374 172
375 173
376 174
377 174
378 175
379 176
380 176
381 177
382 178
383 179
384 179
385 180
386 180
387 181
388 182
389 182
390 183
391 183
392 184
393 184
394 185
395 185
396 186
397 186
398 187
399 187
400 188
401 188
402 188
403 189
404 189
405 190
406 190
407 190
408 191
409 191
410 191
411 192
412 192
413 192
414 193
415 193
416 193
417 194
418 194
419 194
420 194
421 195
422 195
423 195
424 195
425 196
426 196
427 196
428 196
429 196
430 197
431 197
432 197
433 197
434 197
435 197
436 197
437 197
438 197
439 197
440 197
441 197
442 197
443 197
444 197
445 197
446 197
447 197
448 197
449 197
450 197
451 196
452 196
453 196
454 196
455 195
456 195
457 195
458 195
459 194
460 194
461 194
462 193
463 193
464 193
465 192
466 192
467 192
468 191
469 191
470 191
471 190
472 190
473 190
474 189
475 189
476 189
