23 22
24 23
24 24
25 25
26 26
26 27
27 28
27 29
28 30
28 31
29 32
29 33
30 34
30 35
31 36
32 37
32 38
33 39
33 40
34 41
35 42
35 43
36 44
36 45
37 46
38 47
38 48
39 49
40 50
41 51
41 52
42 53
43 54
44 55
44 56
45 57
46 58
47 59
48 60
48 61
49 62
50 63
50 64
51 65
52 66
53 67
53 68
54 69
54 70
55 71
56 72
56 73
57 74
57 75
58 76
59 77
59 78
60 79
60 80
61 81
62 82
62 83
63 84
63 85
64 86
64 87
65 88
66 89
66 90
67 91
67 92
68 93
69 94
69 95
70 96
71 97
72 98
72 99
73 100
74 101
75 102
76 103
77 103
78 104
79 104
80 104
81 103
82 103
83 102
84 101
85 100
86 99
87 98
88 97
89 96
90 95
90 94
91 93
92 92
93 91
94 90
95 90
96 89
97 88
98 88
99 87
100 87
101 87
102 87
103 87
104 87
105 87
106 87
107 87
108 87
109 87
110 87
111 88
112 88
113 88
114 89
115 89
116 90
117 90
118 91
119 91
120 92
121 92
122 93
123 94
124 94
125 95
126 96
127 97
128 97
129 98
130 99
131 100
132 101
133 102
134 103
135 104
136 105
137 106
138 107
139 108
140 109
140 110
141 111
142 112
143 113
143 114
144 115
145 116
146 117
146 118
147 119
148 120
148 121
149 122
150 123
150 124
151 125
152 126
152 127
153 128
154 129
155 130
156 131
157 132
158 133
159 134
160 135
161 135
162 136
163 136
164 137
165 137
166 138
167 138
168 138
169 138
170 139
171 139
172 139
173 139
174 139
175 138
176 138
177 138
178 138
179 137
180 137
181 136
182 136
183 135
184 134
185 134
186 133
187 132
188 131
189 131
190 130
191 129
192 128
193 127
194 126
195 125
196 125
197 124
198 123
199 122
200 121
201 120
202 119
203 119
204 118
205 117
206 116
207 115
208 114
209 113
210 113
211 112
212 111
212 110
213 109
214 108
215 107
216 106
216 105
217 104
218 103
218 102
219 101
220 100
220 99
221 98
222 97
223 96
224 95
224 94
225 93
226 92
227 91
228 91
229 90
230 89
231 89
