36 101
37 102
37 103
38 104
38 105
39 106
39 107
39 108
40 109
40 110
41 111
41 112
42 113
42 114
43 115
43 116
44 117
44 118
45 119
45 120
46 121
46 122
47 123
47 124
48 125
48 126
49 127
50 128
50 129
51 130
51 131
52 132
53 133
53 134
54 135
54 136
55 137
56 138
57 139
57 140
58 141
59 142
60 143
61 144
62 145
62 146
63 147
64 147
65 148
66 149
67 150
68 150
69 151
70 152
71 152
72 153
73 153
74 153
75 153
76 154
77 154
78 154
79 154
80 154
81 153
82 153
83 153
84 153
85 152
86 152
87 152
88 151
89 151
90 151
91 150
92 150
93 149
94 149
95 148
96 148
97 147
98 147
99 146
100 146
101 145
102 145
103 145
104 144
105 144
106 143
107 143
108 142
109 142
110 142
111 141
112 141
113 141
114 140
115 140
116 140
117 139
118 139
119 139
120 139
121 138
122 138
123 138
124 138
125 138
126 138
127 138
128 138
129 138
130 138
131 138
132 138
133 138
134 138
135 138
136 138
137 139
138 139
139 139
140 139
141 140
142 140
143 140
144 140
145 141
146 141
147 141
148 142
149 142
150 143
151 143
152 143
153 144
154 144
155 145
156 145
157 145
158 146
159 146
160 147
161 147
162 148
163 148
164 149
165 149
166 150
167 150
168 151
169 151
170 152
171 152
172 153
173 153
174 154
175 155
176 155
177 156
178 157
179 157
180 158
181 159
182 159
183 160
184 161
185 162
186 162
187 163
188 164
189 165
190 166
191 166
192 167
193 168
194 169
195 170
196 171
197 172
198 172
199 173
200 174
201 175
202 176
203 177
204 177
205 178
206 179
207 180
208 181
209 181
210 182
211 183
212 184
213 184
214 185
215 186
216 186
217 187
218 188
219 188
220 189
221 189
222 190
223 190
224 191
225 191
226 192
227 192
228 193
229 193
230 193
231 194
232 194
233 195
234 195
235 195
236 195
237 196
238 196
239 196
240 196
241 197
242 197
243 197
244 197
245 197
246 197
247 197
248 197
249 197
250 197
251 197
252 196
253 196
254 196
255 196
256 196
257 195
258 195
259 195
260 195
261 194
262 194
263 194
264 193
265 193
266 192
267 192
268 192
269 191
270 191
271 191
272 190
273 190
274 189
275 189
276 189
277 188
278 188
279 188
280 187
281 187
282 187
283 186
284 186
285 186
286 185
287 185
288 185
289 185
290 185
291 184
292 184
293 184
294 184
295 184
296 184
297 184
298 183
299 183
300 183
301 183
302 183
303 183
304 184
305 184
306 184
307 184
308 184
309 184
310 184
311 184
312 185
313 185
314 185
315 185
316 185
317 185
318 185
319 185
320 186
321 186
322 186
323 185
324 185
325 185
326 185
327 185
328 185
329 184
330 184
331 184
332 183
333 183
334 183
335 182
336 182
337 181
338 181
339 180
340 179
341 179
342 178
343 178
344 177
345 176
346 175
347 175
348 174
349 173
350 172
351 171
352 170
353 170
354 169
355 168
356 167
357 166
358 165
359 164
360 163
361 162
362 161
363 160
364 159
365 158
366 157
367 156
368 155
369 154
370 153
371 152
372 151
373 150
374 149
375 148
376 147
376 146
377 145
378 144
379 143
380 142
381 141
382 140
383 139
384 138
384 137
385 136
386 135
387 134
388 133
389 132
390 131
390 130
391 129
392 128
393 127
394 126
395 125
396 124
397 123
397 122
398 121
399 120
400 119
401 118
402 117
403 116
404 115
405 114
406 113
407 112
408 111
409 110
410 109
411 108
412 107
413 106
414 105
415 104
416 103
417 102
418 101
419 100
420 100
421 99
422 98
423 97
424 96
425 96
426 95
427 94
428 94
429 93
430 92
431 92
432 91
433 90
434 90
435 89
436 89
437 88
438 88
439 87
440 87
441 86
442 86
443 86
444 85
445 85
446 85
447 84
448 84
449 84
450 84
451 83
452 83
453 83
454 83
455 83
456 83
457 82
458 82
459 82
460 82
461 82
462 82
463 82
464 82
465 82
466 82
467 82
468 82
469 83
470 83
471 83
472 83
473 83
474 83
475 84
476 84
477 84
478 84
479 85
480 85
481 85
482 85
483 86
484 86
485 86
486 87
487 87
488 88
489 88
490 88
491 89
492 89
493 90
494 90
495 91
496 91
497 92
498 92
499 93
500 93
501 94
502 94
503 95
504 95
505 96
506 96
507 97
508 98
509 98
510 99
511 99
512 100
513 101
514 101
515 102
516 102
517 103
518 104
519 105
520 105
521 106
522 107
523 107
524 108
525 109
526 109
527 110
528 111
529 112
530 112
531 113
532 114
533 115
534 115
535 116
536 117
537 118
538 119
539 119
540 120
541 121
542 122
543 123
544 124
545 124
546 125
547 126
548 127
549 128
550 129
551 130
552 131
553 132
554 133
555 134
556 134
557 135
558 136
559 137
560 138
561 139
562 140
563 141
564 142
565 143
566 144
567 145
568 146
569 147
570 148
570 149
571 150
572 151
573 152
574 153
575 154
576 155
577 156
578 157
579 158
580 159
581 160
582 161
583 162
584 163
585 164
586 165
587 166
588 167
589 168
590 169
591 170
592 171
593 172
594 173
595 174
596 175
597 176
598 176
599 177
600 178
601 179
602 180
603 181
604 182
605 183
606 183
607 184
608 185
609 186
610 187
611 187
612 188
613 189
614 190
615 190
616 191
617 192
618 192
619 193
620 194
621 194
622 195
623 196
624 196
625 197
626 198
627 198
628 199
629 199
630 200
631 200
632 201
633 202
634 202
635 203
636 203
637 204
638 204
639 205
640 205
641 205
642 206
643 206
644 207
645 207
646 208
647 208
648 208
649 209
650 209
651 209
652 210
653 210
654 210
655 211
656 211
657 211
658 212
659 212
660 212
661 212
662 213
663 213
664 213
665 213
666 213
667 213
668 214
669 214
670 214
671 214
672 214
673 214
674 214
675 214
676 214
677 214
678 214
679 214
680 214
681 214
682 214
683 213
684 213
685 213
686 213
687 213
688 212
689 212
690 212
691 211
692 211
693 211
694 210
695 210
696 209
697 209
698 208
699 208
700 207
701 207
702 206
703 206
704 205
705 205
706 204
707 204
708 203
709 202
710 202
711 201
712 200
713 200
714 199
715 199
716 198
717 197
718 197
719 196
720 196
721 195
722 195
723 194
724 194
725 193
726 193
727 193
728 192
729 192
730 192
731 191
732 191
733 191
734 191
735 191
736 191
737 191
738 191
739 191
740 191
741 192
742 192
743 192
744 193
745 193
746 194
747 194
748 195
749 195
750 196
751 197
752 197
753 198
754 199
755 199
756 200
757 200
758 200
759 201
760 201
761 201
762 201
763 201
764 202
765 202
766 202
767 202
768 202
769 202
770 202
771 202
772 202
773 202
774 202
775 203
776 203
777 203
778 203
779 204
780 204
781 204
782 205
783 205
784 205
785 206
786 206
787 207
788 207
789 208
790 208
791 209
792 209
793 210
794 210
795 211
796 212
797 212
798 213
799 213
800 214
801 215
802 215
803 216
804 217
