40 18
41 19
42 20
43 20
44 21
45 22
46 23
47 24
48 25
49 25
50 26
51 27
52 28
53 29
54 30
55 31
56 32
57 32
58 33
59 34
60 35
61 36
62 37
63 38
64 39
65 40
66 41
67 42
68 43
69 44
70 45
71 46
72 47
73 48
73 49
74 50
75 51
76 52
77 53
78 54
79 55
80 56
80 57
81 58
82 59
83 60
84 61
84 62
85 63
86 64
87 65
88 66
88 67
89 68
90 69
91 70
92 71
92 72
93 73
94 74
95 75
95 76
96 77
97 78
98 79
98 80
99 81
100 82
101 83
102 84
102 85
103 86
104 87
104 88
105 89
106 90
107 91
108 92
108 93
109 94
110 95
110 96
111 97
112 98
113 99
113 100
114 101
115 102
116 103
116 104
117 105
118 106
119 107
119 108
120 109
121 110
122 111
122 112
123 113
124 114
125 115
125 116
126 117
127 118
128 119
128 120
129 121
130 122
131 123
131 124
132 125
133 126
134 127
134 128
135 129
136 130
136 131
137 132
138 133
139 134
139 135
140 136
141 137
142 138
142 139
143 140
144 141
145 142
145 143
146 144
147 145
147 146
148 147
149 148
150 149
150 150
151 151
152 152
153 153
153 154
154 155
155 156
156 157
156 158
157 159
158 160
159 161
159 162
160 163
161 164
162 165
162 166
163 167
164 168
165 169
165 170
166 171
167 172
168 173
169 174
169 175
170 176
171 177
172 178
173 179
173 180
174 181
175 182
176 183
177 184
178 185
179 186
179 187
180 188
181 189
182 190
183 191
184 192
185 193
186 194
187 195
188 196
189 197
190 198
191 199
192 200
193 200
194 201
195 202
196 203
197 204
198 205
199 205
200 206
201 207
202 207
203 208
204 209
205 209
206 210
207 211
208 211
209 212
210 212
211 213
212 213
213 214
214 214
215 215
216 215
217 216
218 217
219 217
220 217
221 218
222 218
223 219
224 219
225 220
226 220
227 221
228 221
229 222
230 222
231 223
232 223
233 223
234 224
235 224
236 225
237 225
238 226
239 226
240 226
241 227
242 227
243 228
244 228
245 228
246 229
247 229
248 229
249 230
250 230
251 230
252 231
253 231
254 231
255 232
256 232
257 232
258 232
259 233
260 233
261 233
262 233
263 233
264 233
265 233
266 233
267 233
268 234
269 233
270 233
271 233
272 233
273 233
274 233
275 233
276 232
277 232
278 232
279 231
280 231
281 231
282 230
283 229
284 229
285 228
286 228
287 227
288 226
289 225
290 224
291 224
292 223
293 222
294 221
295 220
296 219
297 218
298 218
299 217
300 216
301 216
302 215
303 214
304 214
305 214
306 213
307 213
308 212
309 212
310 211
311 211
312 211
313 210
314 210
315 209
316 209
317 208
318 207
319 206
320 206
321 205
322 204
323 203
324 202
325 201
326 200
327 199
328 198
329 197
330 196
331 195
332 194
333 193
334 192
335 191
336 190
337 189
338 188
339 187
340 186
341 186
342 185
343 184
344 183
345 182
346 181
347 180
348 179
349 179
350 178
351 177
352 176
353 175
354 174
354 173
355 172
356 171
357 170
358 169
359 168
359 167
360 166
361 165
362 164
362 163
363 162
364 161
364 160
365 159
366 158
366 157
367 156
368 155
368 154
369 153
370 152
370 151
371 150
372 149
372 148
373 147
374 146
374 145
375 144
375 143
376 142
377 141
377 140
378 139
379 138
379 137
380 136
381 135
381 134
382 133
382 132
383 131
384 130
