9 33
9 34
10 35
10 36
11 37
11 38
12 39
12 40
12 41
13 42
13 43
14 44
14 45
14 46
15 47
15 48
16 49
16 50
17 51
17 52
17 53
18 54
18 55
19 56
19 57
20 58
20 59
21 60
21 61
22 62
22 63
23 64
23 65
24 66
24 67
25 68
25 69
26 70
26 71
27 72
27 73
28 74
29 75
29 76
30 77
30 78
31 79
32 80
32 81
33 82
33 83
34 84
35 85
36 86
36 87
37 88
38 89
38 90
39 91
40 92
41 93
42 94
42 95
43 96
44 97
45 98
46 99
47 100
47 101
48 102
49 103
50 104
51 105
52 106
53 107
54 108
55 109
56 110
57 111
58 112
59 113
60 114
61 115
62 116
63 116
64 117
65 118
66 119
67 120
68 121
69 121
70 122
71 123
72 124
73 124
74 125
75 126
76 126
77 127
78 127
79 128
80 129
81 129
82 130
83 130
84 131
85 131
86 132
87 132
88 132
89 133
90 133
91 133
92 134
93 134
94 134
95 134
96 134
97 134
98 134
99 134
100 134
101 134
102 133
103 133
104 133
105 132
106 132
107 131
108 131
109 130
110 129
111 129
112 128
113 127
114 126
115 126
116 125
117 124
118 123
119 122
120 122
121 121
122 120
123 119
124 118
125 118
126 117
127 116
128 116
129 115
130 114
131 113
132 113
133 112
134 111
135 111
136 110
137 109
138 109
139 108
140 107
141 107
142 106
143 106
144 105
145 105
146 104
147 103
148 103
149 102
150 102
151 101
152 101
153 100
154 100
155 99
156 99
157 98
158 98
159 97
160 97
161 96
162 96
163 95
164 95
165 94
166 94
167 94
168 93
169 93
170 93
171 92
172 92
173 92
174 92
175 92
176 92
177 92
178 92
179 92
180 92
181 92
182 92
183 92
184 92
185 93
186 93
187 93
188 93
189 94
190 94
191 94
192 95
193 95
194 96
195 96
196 97
197 97
198 97
199 98
200 99
201 99
202 100
203 100
204 101
205 101
206 102
207 102
208 102
209 103
210 103
211 103
212 104
213 104
214 104
215 104
216 104
217 104
218 103
219 103
220 103
221 102
222 102
223 101
224 100
225 99
226 98
227 98
228 97
229 96
229 95
230 94
231 93
232 92
233 91
234 90
234 89
235 88
236 87
237 86
237 85
238 84
239 83
239 82
240 81
241 80
242 79
242 78
243 77
244 76
245 75
246 74
247 73
248 72
249 72
250 71
251 71
252 71
253 70
254 70
255 70
256 70
257 70
258 71
259 71
260 71
261 71
262 72
263 72
264 73
265 73
266 74
267 74
268 75
269 75
270 76
271 76
272 77
273 77
274 77
275 78
276 78
277 79
278 79
279 80
280 80
281 81
282 81
283 81
284 82
285 82
286 83
287 83
288 83
289 84
290 84
291 84
292 85
293 85
294 86
295 86
296 86
297 87
298 87
299 87
300 88
301 88
302 89
303 89
304 90
305 90
306 91
307 91
308 92
309 92
310 93
311 93
312 94
313 94
314 95
315 95
316 96
317 96
318 97
319 97
320 98
321 99
322 99
323 100
324 100
325 101
326 101
327 102
328 102
329 103
330 103
331 103
332 104
333 104
334 105
335 105
336 105
337 106
338 106
339 107
340 107
341 108
342 108
343 109
344 109
345 110
346 110
347 111
348 111
349 112
350 113
351 113
352 114
353 114
354 114
355 115
356 115
357 115
358 115
359 115
360 115
361 115
362 115
363 115
364 115
365 115
366 115
367 115
368 115
369 115
370 115
371 115
372 114
373 114
374 114
375 114
376 114
377 114
378 114
379 114
380 114
381 114
382 114
383 114
384 114
385 114
386 114
387 114
388 113
389 113
390 113
391 113
392 113
393 113
394 113
395 112
396 112
397 112
398 112
399 112
400 111
401 111
402 111
403 111
404 110
405 110
406 110
407 109
408 109
409 109
410 108
411 108
412 108
413 107
414 107
415 107
416 106
417 106
418 105
419 105
420 105
421 104
422 104
423 103
424 103
425 103
426 102
427 102
428 101
429 101
430 100
431 100
432 100
433 99
434 99
