26 58
27 59
28 60
28 61
28 62
29 63
29 64
30 65
30 66
31 67
31 68
31 69
32 70
32 71
33 72
33 73
34 74
34 75
34 76
35 77
35 78
36 79
36 80
37 81
37 82
38 83
38 84
38 85
39 86
39 87
40 88
40 89
41 90
41 91
42 92
42 93
43 94
43 95
44 96
44 97
45 98
45 99
46 100
46 101
47 102
48 103
48 104
49 105
49 106
50 107
51 108
51 109
52 110
52 111
53 112
54 113
55 114
55 115
56 116
57 117
57 118
58 119
59 120
60 121
60 122
61 123
62 124
63 125
64 126
65 127
66 128
67 129
67 130
68 131
69 132
70 133
71 134
72 135
73 136
74 137
75 138
76 139
77 139
78 140
79 141
80 142
81 143
82 144
83 145
84 146
85 146
86 147
87 148
88 149
89 149
90 150
91 151
92 151
93 152
94 152
95 153
96 153
97 153
98 154
99 154
100 154
101 154
102 154
103 154
104 153
105 153
106 152
107 152
108 151
109 151
110 150
111 149
112 148
113 148
114 147
115 146
116 145
117 144
118 144
119 143
120 142
121 141
122 140
123 140
124 139
125 138
126 138
127 137
128 136
129 136
130 135
131 135
132 134
133 134
134 133
135 133
136 132
137 132
138 132
139 131
140 131
141 130
142 130
143 130
144 129
145 129
146 129
147 128
148 128
149 128
150 128
151 127
152 127
153 127
154 126
155 126
156 126
157 126
158 125
159 125
160 125
161 125
162 124
163 124
164 124
165 124
166 123
167 123
168 123
169 123
170 123
171 122
172 122
173 122
174 122
175 121
176 121
177 121
178 121
179 121
180 120
181 120
182 120
183 120
184 120
185 120
186 120
187 119
188 119
189 119
190 119
191 119
192 119
193 119
194 119
195 119
196 119
197 119
198 119
199 119
200 119
201 119
202 119
203 119
204 119
205 119
206 119
207 120
208 120
209 120
210 120
211 120
212 121
213 121
214 121
215 122
216 122
217 122
218 123
219 123
220 123
221 124
222 124
223 125
224 126
225 126
226 127
227 127
228 128
229 129
230 130
231 130
232 131
233 132
234 133
235 134
236 135
237 136
238 137
239 138
240 139
241 140
242 141
243 142
244 143
245 144
246 145
247 146
248 147
249 148
250 149
251 150
252 150
253 151
254 152
255 152
256 153
257 153
258 153
259 154
260 154
261 154
262 154
263 154
264 154
265 154
266 154
267 154
268 154
269 154
270 154
271 153
272 153
273 153
274 153
275 153
276 152
277 152
278 152
279 152
280 152
281 151
282 151
283 151
284 151
285 151
286 150
287 150
288 150
289 150
290 150
291 149
292 149
293 149
294 149
295 149
296 149
297 148
298 148
299 148
300 148
301 148
302 147
303 147
304 147
305 147
306 147
307 146
308 146
309 146
310 146
311 146
312 145
313 145
314 145
315 145
316 144
317 144
318 144
319 144
320 144
321 143
322 143
323 143
324 143
325 143
326 142
327 142
328 142
329 142
330 142
331 141
332 141
333 141
334 141
335 141
336 140
337 140
338 140
339 140
340 140
341 140
342 140
343 140
344 139
345 139
346 139
347 139
348 139
349 139
350 139
351 139
352 139
353 139
354 139
355 139
356 139
357 139
358 140
359 140
360 140
361 140
362 140
363 140
364 141
365 141
366 141
367 142
368 142
369 142
370 143
371 143
372 144
373 144
374 144
375 145
376 146
377 146
378 147
379 147
380 148
381 148
382 149
383 150
384 150
385 151
386 152
387 153
388 153
389 154
390 155
391 156
392 156
393 157
394 158
395 159
396 160
397 160
398 161
399 162
400 163
401 164
402 165
403 165
404 166
405 167
406 168
407 169
408 169
409 170
410 171
411 172
412 172
413 173
414 174
415 174
416 175
417 176
418 176
419 177
420 177
421 178
422 178
423 178
424 179
425 179
426 179
427 179
428 180
429 180
430 180
431 180
432 180
433 180
434 180
435 180
436 180
437 180
438 180
439 180
440 180
441 180
442 180
443 180
444 180
445 180
446 180
447 180
448 180
449 181
450 181
451 181
452 181
453 181
454 181
455 181
456 182
457 182
458 182
459 182
460 182
461 181
462 181
463 181
464 181
465 180
466 180
467 180
468 179
469 179
470 178
471 178
472 177
473 176
474 176
475 175
476 174
477 174
478 173
479 172
480 171
481 171
482 170
483 169
484 168
485 168
486 167
487 166
488 165
489 164
490 163
491 162
492 162
493 161
494 160
495 159
496 158
497 157
498 157
499 156
500 155
501 154
502 153
503 153
504 152
505 151
506 150
507 150
508 149
509 148
510 148
511 147
512 146
513 146
514 145
515 145
516 144
517 144
518 143
519 143
520 143
521 142
522 142
523 142
524 141
525 141
526 141
527 140
528 140
529 140
530 140
531 140
532 140
533 139
534 139
535 139
536 139
537 139
538 139
539 139
540 139
541 138
542 138
543 138
544 138
545 138
546 138
547 138
548 137
549 137
550 137
551 137
552 137
553 136
554 136
555 136
556 135
557 135
558 135
559 134
560 134
561 133
562 133
563 132
564 131
565 131
566 130
567 129
568 128
569 128
570 127
571 126
572 125
573 124
574 123
575 122
576 121
577 120
578 119
579 118
579 117
580 116
581 115
582 114
583 113
584 112
585 111
586 110
587 109
588 108
589 108
590 107
591 106
592 106
593 106
594 106
595 106
596 106
597 106
598 106
599 106
600 107
601 107
602 107
603 108
604 108
605 108
606 109
607 109
608 109
609 110
610 110
611 110
612 110
613 110
614 111
615 111
616 111
617 111
618 111
619 112
620 112
621 112
622 112
623 113
624 113
625 113
626 114
627 114
628 115
629 115
630 116
631 116
632 117
633 117
634 118
635 119
636 119
637 120
638 121
639 122
640 122
641 123
642 124
643 125
644 126
645 126
646 127
647 128
648 129
649 130
650 131
651 131
652 132
653 133
654 134
655 135
656 136
657 137
658 137
659 138
660 139
661 140
662 141
663 142
664 142
665 143
666 144
667 145
668 145
669 146
670 147
671 148
672 148
673 149
674 150
675 150
676 151
677 152
678 152
679 153
680 154
681 154
682 155
683 156
684 156
685 157
686 157
687 158
688 159
689 159
690 160
691 160
692 161
693 161
694 162
695 162
696 163
697 163
698 164
699 164
700 165
701 165
702 166
703 166
704 167
705 168
706 168
707 169
708 169
709 170
710 170
711 170
712 171
713 172
