14 35
15 36
16 37
17 37
18 38
19 39
20 40
21 41
22 41
23 42
24 43
25 44
26 45
27 46
28 46
29 47
30 48
31 49
32 50
33 50
34 51
35 52
36 53
37 54
38 55
39 55
40 56
41 57
42 58
43 59
44 60
45 60
46 61
47 62
48 63
49 64
50 64
51 65
52 66
53 67
54 68
55 69
56 69
57 70
58 71
59 71
60 72
61 73
62 74
63 74
64 75
65 76
66 76
67 77
68 77
69 78
70 78
71 79
72 79
73 80
74 80
75 81
76 81
77 81
78 81
79 82
80 82
81 82
82 82
83 82
84 82
85 82
86 82
87 82
88 82
89 82
90 82
91 82
92 81
93 81
94 81
95 80
96 80
97 79
98 79
99 79
100 78
101 78
102 77
103 77
104 76
105 75
106 75
107 74
108 74
109 73
110 73
111 72
112 72
113 71
114 71
115 70
116 70
117 69
118 69
119 68
120 68
121 67
122 67
123 66
124 66
125 65
126 65
127 64
128 64
129 63
130 63
131 63
132 62
133 62
134 61
135 61
136 61
137 60
138 60
139 60
140 59
141 59
142 59
143 58
144 58
145 58
146 58
147 57
148 57
149 57
150 57
151 57
152 56
153 56
154 56
155 56
156 56
157 55
158 55
159 55
160 55
161 55
162 55
163 55
164 54
165 54
166 54
167 54
168 54
169 54
170 54
171 54
172 54
173 54
174 54
175 54
176 54
177 54
178 54
179 54
180 54
181 54
182 54
183 54
184 54
185 54
186 55
187 55
188 55
189 55
190 55
191 55
192 55
193 56
194 56
195 56
196 56
197 56
198 57
199 57
200 57
201 57
202 58
203 58
204 58
205 58
206 59
207 59
208 59
209 60
210 60
211 60
212 61
213 61
214 61
215 62
216 62
217 63
218 63
219 63
220 64
221 64
222 65
223 65
224 66
225 66
226 67
227 68
228 68
229 69
230 70
231 70
232 71
233 72
234 73
235 74
236 75
237 76
238 77
239 78
239 79
240 80
241 81
242 82
242 83
243 84
244 85
245 86
245 87
246 88
247 89
247 90
248 91
249 92
249 93
250 94
251 95
251 96
252 97
253 98
253 99
254 100
254 101
255 102
256 103
257 104
257 105
258 106
259 107
259 108
260 109
261 110
261 111
262 112
263 113
264 114
265 115
265 116
266 117
267 118
268 119
269 120
270 121
271 122
272 123
273 124
274 125
275 126
276 126
277 127
278 128
279 128
280 129
281 130
282 130
283 131
284 131
285 131
286 132
287 132
288 132
289 133
290 133
291 133
292 133
293 134
294 134
295 134
296 134
297 134
298 134
299 134
300 134
301 134
302 134
303 134
304 134
305 134
306 134
307 134
308 134
309 134
310 134
311 133
312 133
313 133
314 133
315 133
316 133
317 133
318 132
319 132
320 132
321 132
322 132
323 132
324 132
325 132
326 132
327 132
328 132
329 132
330 132
331 132
332 133
333 133
334 133
335 133
336 134
337 134
338 135
339 135
340 136
341 136
342 137
343 138
344 138
345 139
346 140
347 140
348 141
349 142
350 143
351 144
352 144
353 145
354 146
355 147
356 148
357 149
358 149
359 150
360 151
361 152
362 152
363 153
364 154
365 155
366 155
367 156
368 156
369 157
370 157
371 158
372 158
373 159
374 159
375 159
376 160
377 160
378 160
379 160
380 160
381 161
382 161
383 161
384 160
385 160
386 160
387 160
388 160
389 160
390 159
391 159
392 159
393 158
394 158
395 158
396 157
397 157
398 156
399 156
400 155
401 155
402 154
403 154
404 153
405 153
406 152
407 151
408 151
409 150
410 150
411 149
412 148
413 148
414 147
415 146
416 146
417 145
418 144
419 143
420 143
421 142
422 141
423 141
424 140
425 139
426 138
427 138
428 137
429 136
430 135
431 135
432 134
433 133
434 132
435 132
436 131
437 130
438 129
439 129
440 128
441 127
442 126
443 126
444 125
445 124
446 124
447 123
448 122
449 121
450 121
451 120
452 119
453 119
454 118
455 117
456 117
457 116
458 115
459 115
460 114
461 113
462 113
463 112
464 112
465 111
466 110
467 110
468 109
469 109
470 108
471 107
472 107
473 106
474 106
475 105
476 105
477 104
478 104
479 103
480 103
481 102
482 102
483 101
484 101
485 100
486 100
487 99
488 99
489 99
490 98
491 98
492 97
493 97
494 97
495 96
496 96
497 96
498 95
499 95
500 95
501 94
502 94
503 94
504 94
505 93
506 93
507 93
508 93
509 93
510 92
511 92
512 92
513 92
514 92
515 92
516 92
517 92
518 92
519 92
520 92
521 92
522 92
523 92
524 92
525 92
526 92
527 92
528 92
529 92
530 92
531 92
532 93
533 93
534 93
535 93
536 93
537 94
538 94
539 94
540 95
541 95
542 95
543 96
544 96
545 96
546 97
547 97
548 98
549 98
550 99
551 99
552 100
553 100
554 101
555 101
556 102
557 102
558 103
559 103
560 104
561 105
562 105
563 106
564 106
565 107
566 108
567 108
568 109
569 109
570 110
571 111
572 111
573 112
574 113
575 113
576 114
577 114
578 115
579 116
580 116
581 117
582 117
583 118
584 119
585 119
586 120
587 121
588 121
589 122
590 123
591 123
592 124
593 124
594 125
595 126
596 126
597 127
598 128
599 128
600 129
601 129
602 130
603 131
604 131
605 132
606 133
607 133
608 134
609 135
610 135
611 136
612 137
613 137
614 138
615 138
616 139
617 140
618 140
619 141
620 142
621 142
622 143
623 144
624 144
625 145
626 146
627 146
628 147
629 148
630 148
631 149
632 150
633 151
634 151
635 152
636 153
637 153
638 154
639 155
640 155
641 156
642 157
643 158
644 158
645 159
646 160
647 160
648 161
649 162
650 163
651 163
652 164
653 165
654 166
655 166
656 167
657 168
658 169
659 170
660 170
661 171
662 172
663 173
664 173
665 174
666 175
667 176
668 176
669 177
670 178
671 178
672 179
673 180
674 180
675 181
676 181
677 182
678 183
679 183
680 184
681 184
682 185
683 185
684 186
685 187
686 187
687 188
688 188
689 189
690 189
691 190
692 190
693 191
694 191
695 192
696 192
697 193
698 194
699 194
700 195
701 195
702 196
703 196
704 197
705 197
706 198
707 198
708 199
709 200
710 200
711 201
712 201
713 202
714 202
715 203
716 203
717 204
718 204
719 205
720 205
721 206
722 206
723 207
724 207
725 208
726 208
727 209
728 209
729 210
730 210
731 211
732 211
733 212
734 212
735 213
736 213
737 213
738 214
739 214
740 215
741 215
742 215
743 216
744 216
745 217
746 217
747 217
748 218
749 218
750 218
751 219
752 219
753 219
754 220
755 220
756 220
757 221
758 221
759 221
760 222
761 222
762 222
763 223
764 223
765 223
766 224
