13 47
14 47
15 48
16 48
17 48
18 48
19 48
20 48
21 48
22 48
23 49
24 49
25 49
26 49
27 49
28 49
29 50
30 50
31 50
32 50
33 50
34 51
35 51
36 51
37 52
38 52
39 52
40 53
41 53
42 54
43 54
44 54
45 55
46 55
47 56
48 56
49 56
50 57
51 57
52 57
53 58
54 58
55 58
56 58
57 58
58 58
59 57
60 57
61 57
62 56
63 56
64 55
65 55
66 54
67 53
68 53
69 52
70 51
71 50
72 50
73 49
74 48
75 47
76 47
77 46
78 45
79 45
80 44
81 43
82 43
83 42
84 42
85 41
86 41
87 40
88 40
89 40
90 39
91 39
92 38
93 38
94 38
95 37
96 37
97 37
98 37
99 37
100 36
101 36
102 36
103 36
104 36
105 36
106 36
107 36
108 36
109 36
110 36
111 36
112 36
113 36
114 36
115 36
116 36
117 36
118 36
119 37
120 37
121 37
122 37
123 38
124 38
125 38
126 39
127 39
128 40
129 40
130 40
131 41
132 41
133 42
134 43
135 43
136 44
137 44
138 45
139 46
140 46
141 47
142 48
143 49
144 50
145 50
146 51
147 52
148 53
149 54
150 55
151 56
152 57
153 58
154 59
155 60
156 61
157 62
158 63
159 64
160 65
161 66
162 67
163 68
164 69
165 70
166 71
167 72
168 73
168 74
169 75
170 76
171 77
172 78
173 79
174 80
175 81
176 82
177 83
178 84
179 85
180 86
181 87
182 88
182 89
183 90
184 91
185 92
186 93
187 94
188 95
189 96
190 97
191 98
192 99
192 100
193 101
194 102
195 103
196 104
197 105
198 106
198 107
199 108
200 109
201 110
202 111
203 112
204 113
204 114
205 115
206 116
207 117
208 118
209 119
210 120
211 121
212 122
213 123
213 124
214 125
215 125
216 126
217 127
218 128
219 129
220 130
221 130
222 131
223 132
224 132
225 133
226 133
227 134
228 134
229 135
230 135
231 135
232 136
233 136
234 136
235 136
236 136
237 136
238 136
239 136
240 136
241 136
242 136
243 136
244 136
245 136
246 136
247 136
248 136
249 136
250 136
251 137
252 137
253 136
254 136
255 136
256 136
257 135
258 135
259 134
260 134
261 133
262 132
263 131
264 131
265 130
266 129
267 128
268 127
269 126
270 125
271 125
272 124
273 124
274 123
275 123
276 123
277 123
278 123
279 123
280 123
281 123
282 124
283 124
284 125
285 125
286 126
287 126
288 127
289 127
290 128
291 128
292 129
293 129
294 130
295 130
296 131
297 131
298 132
299 132
300 132
301 132
302 133
303 133
304 133
305 133
306 133
307 133
308 133
309 133
310 134
311 134
312 134
313 134
314 134
315 133
316 133
317 133
318 133
319 133
320 133
321 133
322 133
323 133
324 133
325 133
326 132
327 132
328 131
329 131
330 130
331 130
332 129
333 128
334 128
335 127
336 126
337 125
338 124
339 123
340 122
341 121
342 120
343 119
344 118
345 117
346 116
347 115
348 114
349 113
350 112
351 111
352 110
353 109
354 108
355 108
356 107
357 106
358 106
359 105
360 105
361 104
362 104
363 103
364 103
365 103
366 102
367 102
368 102
369 101
370 101
371 101
372 101
373 101
374 100
375 100
376 100
377 100
378 100
379 100
380 99
381 99
382 99
383 99
384 99
385 99
386 99
387 99
388 99
389 98
390 98
391 98
392 98
393 98
394 98
395 98
396 98
397 98
398 98
399 98
400 98
401 98
402 98
403 98
404 98
405 98
406 98
407 98
408 98
409 99
410 99
411 99
412 99
413 99
414 99
415 99
416 99
417 99
418 99
419 99
420 99
421 99
422 99
423 100
424 100
425 100
426 100
427 100
428 100
429 100
430 100
431 100
432 100
433 100
434 100
435 100
436 100
437 100
438 100
439 100
440 100
441 100
442 100
443 99
444 99
445 99
446 99
447 99
448 99
449 99
450 99
451 99
452 99
453 98
454 98
455 98
456 98
457 98
458 98
459 98
460 97
461 97
462 97
463 97
464 97
465 97
466 97
467 96
468 96
469 96
470 96
471 96
472 96
473 96
474 96
475 96
476 96
477 96
478 96
479 96
480 96
481 96
482 96
483 96
484 96
485 96
486 96
487 96
488 96
489 96
490 97
491 97
492 97
493 98
494 98
495 98
496 99
497 99
498 100
499 101
500 101
501 102
502 103
503 104
504 105
505 106
506 107
507 108
508 109
509 110
510 111
511 112
512 113
513 114
514 115
514 116
