9 25
10 25
11 26
12 27
13 27
14 28
15 29
16 30
17 31
18 31
19 32
20 33
21 34
22 35
23 36
24 36
25 37
26 38
27 39
28 40
29 41
30 41
31 42
32 43
33 44
34 45
35 45
36 46
37 47
38 48
39 49
40 49
41 50
42 51
43 52
44 52
45 53
46 54
47 54
48 55
49 56
50 56
51 57
52 57
53 57
54 58
55 58
56 58
57 59
58 59
59 59
60 59
61 59
62 59
63 59
64 59
65 58
66 58
67 58
68 57
69 57
70 57
71 56
72 56
73 55
74 55
75 54
76 54
77 53
78 53
79 52
80 51
81 51
82 50
83 50
84 49
85 49
86 48
87 48
88 47
89 47
90 47
91 46
92 46
93 45
94 45
95 44
96 44
97 44
98 43
99 43
100 43
101 42
102 42
103 42
104 41
105 41
106 41
107 41
108 40
109 40
110 40
111 40
112 40
113 40
114 39
115 39
116 39
117 39
118 39
119 39
120 39
121 39
122 39
123 39
124 39
125 39
126 39
127 39
128 39
129 39
130 39
131 39
132 39
133 39
134 39
135 39
136 39
137 39
138 40
139 40
140 40
141 40
142 40
143 41
144 41
145 41
146 41
147 42
148 42
149 42
150 43
151 43
152 43
153 44
154 44
155 44
156 45
157 45
158 46
159 46
160 47
161 47
162 48
163 48
164 49
165 50
166 50
167 51
168 52
169 53
170 54
171 55
172 56
173 57
173 58
174 59
175 60
175 61
176 62
177 63
178 64
178 65
179 66
180 67
180 68
181 69
181 70
182 71
183 72
183 73
184 74
185 75
185 76
186 77
187 78
188 79
188 80
189 81
190 82
191 83
192 84
192 85
193 86
194 87
195 88
196 89
197 89
198 90
199 91
200 92
201 92
202 93
203 93
204 94
205 94
206 95
207 95
208 95
209 95
210 96
211 96
212 96
213 96
214 96
215 96
216 96
217 96
218 96
219 96
220 96
221 96
222 96
223 96
224 96
225 96
226 95
227 95
228 95
229 95
230 95
231 95
232 95
233 95
234 95
235 95
236 95
237 95
238 95
239 95
240 95
241 96
242 96
243 97
244 97
245 98
246 98
247 99
248 100
249 100
250 101
251 102
252 103
253 103
254 104
255 105
256 106
257 107
258 108
259 108
260 109
261 110
262 111
263 111
264 112
265 112
266 113
267 113
268 114
269 114
270 115
271 115
272 115
273 115
274 115
275 115
276 115
277 115
278 115
279 115
280 115
281 114
282 114
283 114
284 113
285 113
286 112
287 112
288 111
289 111
290 110
291 110
292 109
293 109
294 108
295 107
296 107
297 106
298 105
299 105
300 104
301 103
302 103
303 102
304 101
305 100
306 100
307 99
308 98
309 97
310 97
311 96
312 95
313 94
314 94
315 93
316 92
317 91
318 91
319 90
320 89
321 88
322 88
323 87
324 86
325 86
326 85
327 84
328 84
329 83
330 82
331 82
332 81
333 80
334 80
335 79
336 79
337 78
338 77
339 77
340 76
341 76
342 75
343 75
344 74
345 74
346 73
347 73
348 72
349 72
350 71
351 71
352 71
353 70
354 70
355 69
356 69
357 69
358 68
359 68
360 68
361 67
362 67
363 67
364 67
365 67
366 66
367 66
368 66
369 66
370 66
371 66
372 66
373 66
374 66
375 66
376 66
377 66
378 66
379 66
380 66
381 66
382 66
383 66
384 67
385 67
386 67
387 67
388 68
389 68
390 68
391 69
392 69
393 70
394 70
395 70
396 71
397 71
398 72
399 72
400 73
401 73
402 74
403 75
404 75
405 76
406 76
407 77
408 78
409 78
410 79
411 79
412 80
413 81
414 81
415 82
416 82
417 83
418 84
419 84
420 85
421 86
422 86
423 87
424 87
425 88
426 89
427 89
428 90
429 91
430 91
431 92
432 93
433 93
434 94
435 94
436 95
437 96
438 96
439 97
440 98
441 98
442 99
443 100
444 100
445 101
446 102
447 102
448 103
449 104
450 104
451 105
452 106
453 106
454 107
455 108
456 108
457 109
458 110
459 110
460 111
461 112
462 113
463 113
464 114
465 115
466 115
467 116
468 117
469 118
470 118
471 119
472 120
473 121
474 122
475 122
476 123
477 124
478 125
479 125
480 126
481 127
482 127
483 128
484 129
485 129
486 130
487 131
488 131
489 132
490 132
491 133
492 133
493 134
494 135
495 135
496 136
497 136
498 137
499 137
500 138
501 138
502 139
503 139
504 140
505 140
506 141
507 142
508 142
509 143
510 143
511 144
512 144
513 145
514 145
515 146
516 146
517 147
518 147
519 148
520 148
521 149
522 149
523 150
524 150
525 151
526 151
527 152
528 152
529 153
530 153
531 154
532 154
533 154
534 155
535 155
536 156
537 156
538 156
539 157
540 157
541 157
542 158
543 158
544 158
545 159
546 159
547 159
548 160
549 160
550 160
551 161
