9 19
10 19
11 19
12 20
13 20
14 21
15 22
16 22
17 23
18 23
19 24
20 24
21 25
22 26
23 26
24 27
25 28
26 28
27 29
28 30
29 31
30 32
31 32
32 33
33 34
34 35
35 36
36 37
37 38
38 39
39 40
40 41
41 42
42 43
43 44
44 45
45 46
46 47
47 48
48 49
49 50
50 51
51 52
52 53
53 54
54 55
55 56
56 57
57 57
58 58
59 59
60 60
61 60
62 61
63 62
64 62
65 63
66 63
67 64
68 64
69 64
70 65
71 65
72 65
73 65
74 65
75 66
76 66
77 66
78 66
79 66
80 66
81 66
82 66
83 65
84 65
85 65
86 65
87 65
88 64
89 64
90 64
91 64
92 63
93 63
94 63
95 62
96 62
97 62
98 61
99 61
100 60
101 60
102 60
103 59
104 59
105 59
106 58
107 58
108 58
109 57
110 57
111 57
112 57
113 56
114 56
115 56
116 56
117 56
118 55
119 55
120 55
121 55
122 55
123 55
124 55
125 55
126 55
127 55
128 55
129 55
130 55
131 55
132 56
133 56
134 56
135 56
136 57
137 57
138 58
139 58
140 58
141 59
142 59
143 60
144 60
145 61
146 61
147 62
148 62
149 63
150 64
151 64
152 65
153 65
154 66
155 67
156 67
157 68
158 68
159 69
160 70
161 70
162 71
163 71
164 72
165 72
166 72
167 73
168 73
169 73
170 74
171 74
172 74
173 74
174 74
175 74
176 74
177 74
178 74
179 74
180 74
181 73
182 73
183 73
184 72
185 72
186 72
187 71
188 71
189 70
190 70
191 70
192 69
193 69
194 69
195 69
196 68
197 68
198 68
199 68
200 68
201 68
202 69
203 69
204 69
205 69
206 70
207 70
208 71
209 71
210 72
211 73
212 73
213 74
214 75
215 76
216 77
217 77
218 78
219 79
220 80
221 81
222 82
223 83
224 84
225 85
