15 44
16 45
17 46
17 47
18 48
19 49
20 50
20 51
21 52
22 53
22 54
23 55
24 56
25 57
25 58
26 59
27 60
28 61
29 62
30 63
30 64
31 65
32 66
33 67
34 68
35 69
36 70
37 71
38 72
39 73
40 74
41 75
42 76
42 77
43 78
44 79
45 80
46 81
47 82
47 83
48 84
49 85
50 86
51 87
51 88
52 89
53 90
54 91
54 92
55 93
56 94
57 95
57 96
58 97
59 98
60 99
60 100
61 101
62 102
63 103
63 104
64 105
65 106
66 107
67 108
68 109
69 110
70 111
71 112
72 113
73 114
74 115
75 116
76 117
77 118
78 119
79 119
80 120
81 121
82 122
83 122
84 123
85 123
86 124
87 124
88 125
89 125
90 126
91 126
92 127
93 127
94 127
95 128
96 128
97 128
98 128
99 128
100 128
101 128
102 128
103 128
104 128
105 128
106 127
107 127
108 127
109 126
110 126
111 125
112 125
113 124
114 124
115 123
116 123
117 122
118 121
119 121
120 120
121 119
122 119
123 118
124 117
125 116
126 116
127 115
128 114
129 114
130 113
131 112
132 112
133 111
134 111
135 110
136 110
137 109
138 109
139 108
140 108
141 107
142 107
143 107
144 107
145 106
146 106
147 106
148 106
149 106
150 105
151 105
152 105
153 105
154 105
155 105
156 105
157 105
158 105
159 105
160 105
161 105
162 105
163 105
164 106
165 106
166 106
167 106
168 106
169 106
170 106
171 106
172 106
173 106
174 107
175 107
176 107
177 107
178 107
179 107
180 107
181 107
182 107
183 107
184 107
185 107
186 107
187 107
188 106
189 106
190 106
191 106
192 105
193 105
194 105
195 104
196 104
197 104
198 103
199 103
200 103
201 102
202 102
203 101
204 101
205 101
206 100
207 100
208 100
209 99
210 99
211 99
212 98
213 98
214 98
215 97
216 97
217 97
218 97
219 96
220 96
221 96
222 96
223 96
224 96
225 96
226 96
227 96
228 96
229 96
230 96
231 96
232 96
233 96
234 96
235 96
236 96
237 96
238 97
239 97
240 97
241 97
242 98
243 98
244 99
245 99
246 99
247 100
248 100
249 101
250 101
251 102
252 102
253 103
254 103
255 104
256 105
257 105
258 106
259 106
260 107
261 108
262 108
263 109
264 110
265 110
266 111
267 112
268 112
