14 74
15 74
16 75
16 76
17 77
18 78
18 79
19 80
20 81
21 82
21 83
22 84
23 85
23 86
24 87
25 88
26 89
26 90
27 91
28 92
29 93
29 94
30 95
31 96
32 97
32 98
33 99
34 100
35 101
35 102
36 103
37 104
38 105
39 106
39 107
40 108
41 109
42 110
43 111
44 112
44 113
45 114
46 115
47 116
48 117
49 118
50 119
51 120
52 121
53 122
54 123
55 124
56 125
57 126
58 127
59 128
60 129
61 130
62 131
63 131
64 132
65 133
66 134
67 134
68 135
69 136
70 136
71 137
72 138
73 138
74 139
75 140
76 140
77 141
78 141
79 142
80 142
81 143
82 143
83 144
84 144
85 145
86 145
87 146
88 146
89 146
90 147
91 147
92 148
93 148
94 148
95 149
96 149
97 149
98 150
99 150
100 150
101 150
102 151
103 151
104 151
105 151
106 152
107 152
108 152
109 152
110 152
111 153
112 153
113 153
114 153
115 153
116 154
117 154
118 154
119 154
120 154
121 154
122 154
123 155
124 155
125 155
126 155
127 155
128 155
129 156
130 156
131 156
132 156
133 156
134 156
135 157
136 157
137 157
138 157
139 157
140 158
141 158
142 158
143 158
144 159
145 159
146 159
147 159
148 159
149 160
150 160
151 160
152 160
153 161
154 161
155 161
156 161
157 161
158 162
159 162
160 162
161 162
162 162
163 162
164 163
165 163
166 163
167 163
168 163
169 163
170 163
171 163
172 163
173 163
174 163
175 163
176 163
177 163
178 163
179 163
180 163
181 163
182 163
183 163
184 163
185 163
186 163
187 162
188 162
189 162
190 162
191 161
192 161
193 161
194 161
195 160
196 160
197 160
198 159
199 159
200 159
201 158
202 158
203 157
204 157
205 156
206 156
207 155
208 155
209 154
210 154
211 153
212 152
213 152
214 151
215 150
216 150
217 149
218 148
219 148
220 147
221 146
222 145
223 145
224 144
225 143
226 142
227 142
228 141
229 140
230 139
231 138
232 137
233 137
234 136
235 135
236 134
237 133
238 132
239 132
240 131
