44 88
44 89
45 90
45 91
46 92
46 93
46 94
47 95
47 96
48 97
48 98
49 99
49 100
49 101
50 102
50 103
51 104
51 105
52 106
52 107
52 108
53 109
53 110
54 111
54 112
55 113
55 114
56 115
56 116
56 117
57 118
57 119
58 120
58 121
59 122
59 123
59 124
60 125
60 126
61 127
61 128
62 129
62 130
62 131
63 132
63 133
64 134
64 135
65 136
65 137
65 138
66 139
66 140
67 141
67 142
68 143
68 144
69 145
69 146
70 147
70 148
71 149
71 150
72 151
72 152
73 153
73 154
74 155
74 156
75 157
76 158
76 159
77 160
77 161
78 162
79 163
79 164
80 165
81 166
82 167
83 168
84 169
85 170
86 171
87 172
88 173
89 174
90 175
91 175
92 176
93 177
94 177
95 178
96 178
97 178
98 179
99 179
100 179
101 179
102 179
103 180
104 180
105 180
106 179
107 179
108 179
109 179
110 179
111 179
112 178
113 178
114 178
115 177
116 177
117 176
118 176
119 176
120 175
121 175
122 174
123 174
124 173
125 173
126 172
127 172
128 171
129 171
130 170
131 170
132 169
133 169
134 168
135 167
136 167
137 166
138 166
139 165
140 165
141 164
142 164
143 163
144 163
145 162
146 162
147 161
148 161
149 160
150 160
151 159
152 159
153 159
154 158
155 158
156 157
157 157
158 157
159 156
160 156
161 156
162 156
163 155
164 155
165 155
166 155
167 155
168 155
169 155
170 155
171 155
172 155
173 155
174 155
175 155
176 155
177 155
178 155
179 155
180 156
181 156
182 156
183 157
184 157
185 157
186 158
187 158
188 159
189 159
190 160
191 160
192 161
193 161
194 162
195 162
196 163
197 164
198 164
199 165
200 165
201 166
202 166
203 167
204 168
205 168
206 168
207 169
208 169
209 170
210 170
211 170
212 170
213 170
214 170
215 170
216 170
217 170
218 170
219 169
220 169
221 169
222 168
223 168
224 167
225 167
226 166
227 166
228 165
229 164
230 164
231 163
232 162
233 162
234 161
235 160
236 159
237 159
238 158
239 157
240 156
241 155
242 154
243 154
244 153
245 152
246 151
247 150
248 149
249 148
250 148
251 147
252 146
253 145
254 144
255 143
256 142
257 141
258 141
259 140
260 139
261 138
262 137
263 136
264 136
265 135
266 134
267 133
268 132
269 132
270 131
271 130
272 129
273 128
274 128
275 127
276 126
277 126
278 125
279 124
280 123
281 123
282 122
283 122
284 121
285 120
286 120
287 119
288 119
289 118
290 118
291 117
292 117
293 117
294 116
295 116
296 115
297 115
298 115
299 114
300 114
301 114
302 114
303 114
304 113
305 113
306 113
307 113
308 113
309 113
310 113
311 113
312 113
313 113
314 113
315 113
316 113
317 113
318 113
319 113
320 114
321 114
322 114
323 114
324 114
325 115
326 115
327 115
328 116
329 116
330 116
331 117
332 117
333 117
334 118
335 118
336 119
337 119
338 120
339 120
340 121
341 121
342 122
343 123
344 123
345 124
346 125
347 125
348 126
349 127
350 128
351 129
352 129
353 130
354 131
355 132
356 133
357 134
358 135
359 136
360 137
361 138
362 139
363 140
364 141
365 142
366 143
366 144
367 145
368 146
369 147
370 148
371 149
372 150
373 151
374 152
375 153
376 154
377 155
378 156
379 157
380 158
381 159
382 159
383 160
384 161
385 162
386 163
387 163
388 164
389 165
390 165
391 166
392 167
393 167
394 168
395 169
396 169
397 170
398 170
399 171
400 171
401 172
402 172
403 172
404 173
405 173
406 174
407 174
408 174
409 174
410 175
411 175
412 175
413 176
414 176
415 176
416 176
417 176
418 177
419 177
420 177
421 177
422 177
423 178
424 178
425 178
426 178
427 178
428 178
429 178
430 179
431 179
432 179
433 179
434 179
435 179
