11 41
12 42
12 43
13 44
13 45
14 46
15 47
16 48
17 49
18 50
19 51
20 51
21 51
22 50
23 50
24 49
25 48
26 48
27 47
28 46
29 45
30 45
31 44
32 44
33 43
34 43
35 43
36 42
37 42
38 42
39 42
40 42
41 42
42 42
43 42
44 42
45 42
46 43
47 43
48 44
49 44
50 45
51 45
52 46
53 46
54 47
55 48
56 48
57 49
58 50
59 50
60 51
61 52
62 52
63 53
64 54
65 55
66 56
67 56
68 57
69 58
70 59
71 60
72 61
73 62
74 63
75 64
76 65
77 66
78 67
79 68
80 68
81 69
82 70
83 70
84 70
85 71
86 71
87 71
88 71
89 71
90 71
91 71
92 71
93 71
94 71
95 71
96 71
97 71
98 71
99 71
100 71
101 71
102 71
103 71
104 71
105 71
106 72
107 72
108 72
109 73
110 73
111 73
112 74
113 74
114 75
115 75
116 76
117 77
118 77
119 78
120 79
121 79
122 80
123 81
124 81
125 82
126 83
127 84
128 85
129 86
130 86
131 87
132 88
133 89
134 90
135 91
136 92
137 92
138 93
139 94
140 95
141 95
142 96
143 96
144 97
145 97
146 97
147 97
148 97
149 96
150 96
151 95
152 95
153 94
154 94
155 93
156 92
157 92
158 91
159 90
160 89
161 89
162 88
163 87
164 86
165 85
166 84
167 83
168 82
169 81
170 80
171 79
172 78
173 77
174 76
175 75
176 75
177 74
178 73
179 72
180 72
181 71
182 71
183 70
184 70
185 69
186 69
187 69
188 68
189 68
190 68
191 67
192 67
193 67
194 67
195 66
196 66
197 66
198 66
199 65
200 65
201 65
202 65
203 64
204 64
205 64
206 63
207 63
208 63
209 62
210 62
211 62
212 62
213 61
214 61
215 61
216 60
217 60
218 60
219 60
220 59
221 59
222 59
223 59
224 59
225 59
226 59
227 58
228 58
229 58
230 58
231 58
232 58
233 58
234 58
235 58
236 58
237 58
238 58
239 58
240 58
241 58
242 58
243 58
244 58
245 57
246 57
247 57
248 56
249 56
250 56
251 55
252 55
253 54
254 54
255 54
256 53
257 53
