8 29
9 30
9 31
10 32
10 33
11 34
12 35
12 36
13 37
13 38
14 39
15 40
15 41
16 42
16 43
17 44
17 45
18 46
18 47
19 48
19 49
20 50
20 51
21 52
21 53
22 54
22 55
23 56
23 57
24 58
24 59
25 60
25 61
26 62
26 63
27 64
28 65
28 66
29 67
30 68
30 69
31 70
32 71
33 72
34 72
35 73
36 73
37 74
38 74
39 74
40 74
41 73
42 73
43 73
44 73
45 72
46 72
47 72
48 72
49 72
50 71
51 71
52 71
53 71
54 72
55 72
56 72
57 72
58 72
59 72
60 72
61 72
62 73
63 73
64 73
65 73
66 74
67 74
68 74
69 74
70 75
71 75
72 75
73 75
74 76
75 76
76 76
77 77
78 77
79 77
80 78
81 78
82 78
83 79
84 79
85 80
86 80
87 80
88 81
89 81
90 81
91 82
92 82
93 82
94 82
95 83
96 83
97 83
98 83
99 83
100 82
101 82
102 82
103 81
104 81
105 81
106 80
107 80
108 79
109 79
110 78
111 78
112 77
113 77
114 76
115 76
116 75
117 75
118 74
119 74
120 73
121 73
122 72
123 71
124 71
125 70
126 70
127 69
128 68
129 68
130 67
131 66
132 65
133 65
134 64
135 63
136 62
137 61
138 61
139 60
140 59
141 58
142 57
143 56
144 55
145 54
146 53
147 52
147 51
148 50
149 49
150 48
151 47
152 46
152 45
153 44
154 43
155 42
155 41
156 40
157 39
158 38
159 37
160 36
161 35
162 35
163 35
164 35
165 35
166 36
167 37
168 38
169 39
169 40
170 41
171 42
171 43
172 44
172 45
173 46
174 47
174 48
175 49
176 50
176 51
177 52
178 53
179 54
180 55
180 56
181 57
182 58
183 59
184 60
185 61
186 62
187 63
188 64
189 65
190 66
191 67
192 68
193 69
194 70
195 71
196 72
197 73
198 74
199 75
200 76
201 77
202 78
202 79
203 80
204 81
205 82
206 83
207 84
208 85
208 86
209 87
210 88
211 89
212 90
213 91
213 92
214 93
215 94
216 94
217 95
218 96
219 96
220 96
221 96
222 96
223 95
224 95
225 94
226 93
227 92
228 91
229 90
230 89
231 88
232 87
232 86
233 85
234 84
235 83
236 82
236 81
237 80
238 79
239 78
240 77
240 76
241 75
242 74
243 73
244 72
245 71
246 70
247 69
248 68
249 67
250 67
251 66
252 66
253 65
254 65
255 65
256 65
257 65
258 65
259 66
260 66
261 67
262 67
263 68
264 69
265 70
266 70
267 71
268 72
269 73
270 73
271 74
272 74
273 75
274 75
275 75
276 75
277 75
278 75
279 75
280 74
281 74
282 74
283 73
284 73
285 72
286 72
287 71
288 71
289 70
290 69
291 69
292 68
293 67
294 66
295 66
296 65
297 64
298 64
299 63
300 63
301 62
302 61
303 61
304 60
305 60
306 59
307 58
308 58
309 57
310 56
311 56
312 55
313 54
314 53
315 52
316 51
317 51
318 50
319 49
320 48
321 48
