29 105
30 106
30 107
31 108
32 109
32 110
33 111
33 112
34 113
35 114
35 115
36 116
37 117
37 118
38 119
39 120
39 121
40 122
41 123
42 124
43 125
44 126
45 127
46 127
47 128
48 128
49 129
50 129
51 129
52 129
53 128
54 128
55 128
56 127
57 127
58 126
59 126
60 125
61 125
62 124
63 123
64 123
65 122
66 121
67 120
68 120
69 119
70 118
71 118
72 117
73 116
74 115
75 115
76 114
77 114
78 113
79 112
80 112
81 111
82 111
83 110
84 110
85 109
86 109
87 109
88 108
89 108
90 108
91 108
92 107
93 107
94 107
95 107
96 107
97 106
98 106
99 106
100 106
101 106
102 106
103 106
104 106
105 106
106 106
107 106
108 107
109 107
110 107
111 107
112 107
113 108
114 108
115 108
116 108
117 109
118 109
119 110
120 110
121 110
122 111
123 111
124 112
125 112
126 113
127 114
128 114
129 115
130 115
131 116
132 117
133 117
134 118
135 119
136 119
137 120
138 121
139 121
140 122
141 123
142 123
143 124
144 125
145 125
146 126
147 127
148 127
149 128
150 129
151 129
152 130
153 131
154 131
155 132
156 133
157 134
158 134
159 135
160 136
161 136
162 137
163 138
164 139
165 140
166 141
167 141
168 142
169 143
170 144
171 145
172 146
173 147
174 148
175 149
176 150
177 151
178 152
179 153
180 154
181 155
182 156
183 157
184 158
185 159
186 160
187 161
188 162
189 163
190 164
191 165
192 166
193 167
194 168
195 169
196 169
197 170
198 171
199 172
200 172
201 173
202 173
203 174
204 175
205 175
206 176
207 176
208 177
209 177
210 177
211 178
212 178
213 178
214 179
215 179
216 179
217 179
218 179
219 180
220 180
221 180
222 180
223 180
224 180
225 180
226 180
227 180
228 180
229 180
230 180
231 180
232 180
233 179
234 179
235 179
236 179
237 179
238 179
239 179
240 179
241 179
242 179
243 179
244 179
245 179
246 179
247 179
248 178
249 178
250 178
251 178
252 179
253 179
254 179
255 179
256 179
257 179
258 179
259 179
260 179
261 179
262 180
263 180
264 180
265 180
266 181
267 181
268 181
269 181
270 182
271 182
272 182
273 183
274 183
275 184
276 184
277 184
278 185
279 185
280 186
281 186
282 187
283 187
284 188
285 188
286 189
287 189
288 190
289 190
290 191
291 192
292 192
293 193
294 193
295 194
296 195
297 195
298 196
299 197
300 197
301 198
302 199
303 199
304 200
305 201
306 202
307 202
308 203
309 204
310 205
311 205
312 206
313 207
314 208
315 209
316 209
317 210
318 211
319 212
320 213
321 214
322 214
323 215
324 216
325 217
326 218
327 219
328 219
329 220
330 221
331 222
332 223
333 224
334 225
335 226
336 226
337 227
338 228
339 229
340 230
341 231
342 232
343 233
344 233
345 234
346 235
347 236
348 236
349 237
350 238
351 239
352 239
353 240
354 240
355 241
356 241
357 242
358 242
359 243
360 243
361 243
362 244
363 244
364 244
365 244
366 244
367 244
368 244
369 244
370 244
371 243
372 243
373 243
374 242
375 242
376 242
377 241
378 241
379 240
380 240
381 239
382 239
383 238
384 238
385 237
386 237
387 236
388 235
389 235
390 234
391 233
392 233
393 232
394 231
395 231
396 230
397 229
398 228
399 228
400 227
401 226
402 225
403 224
404 224
405 223
406 222
407 221
408 220
409 219
410 219
411 218
412 217
413 216
414 215
415 214
416 213
417 212
418 211
419 210
420 209
421 208
422 207
423 206
424 205
425 204
426 203
427 202
428 201
429 200
430 199
431 198
432 197
433 196
434 195
435 194
436 193
437 192
438 191
439 191
440 190
441 189
442 188
443 187
444 186
445 186
446 185
447 184
448 183
449 183
450 182
451 181
452 181
453 180
454 180
455 179
456 179
457 178
458 178
459 177
460 177
461 176
462 176
463 175
464 175
465 175
466 174
467 174
468 173
469 173
470 173
471 172
472 172
473 172
474 172
475 171
476 171
477 171
478 170
479 170
480 170
481 170
482 169
483 169
484 169
485 169
486 168
487 168
488 168
489 168
490 167
491 167
492 167
493 167
494 166
495 166
496 166
497 166
498 165
499 165
500 165
501 165
502 164
503 164
504 164
505 164
506 163
507 163
508 163
509 163
510 162
511 162
512 162
513 161
514 161
515 161
516 160
517 160
518 160
519 160
520 159
521 159
522 159
523 158
524 158
525 158
526 157
527 157
528 157
529 156
530 156
531 156
532 155
533 155
534 155
535 154
536 154
537 154
538 154
539 153
540 153
541 153
542 152
543 152
544 152
545 152
546 151
547 151
548 151
549 151
550 150
551 150
552 150
553 150
554 150
555 149
556 149
557 149
558 149
559 149
560 149
561 148
562 148
563 148
564 148
565 148
566 148
567 148
568 148
569 148
570 148
571 148
572 147
573 147
574 147
575 147
576 147
577 147
578 147
579 147
580 147
581 147
582 147
583 147
584 147
585 147
586 147
587 147
588 147
589 147
590 147
591 147
592 147
593 147
594 147
595 147
596 147
597 147
598 147
599 147
600 147
601 147
602 147
603 147
604 147
605 146
606 146
607 146
608 146
609 146
610 146
611 146
612 145
613 145
614 145
615 145
616 145
617 144
618 144
619 144
620 143
621 143
622 143
623 142
624 142
625 142
626 141
627 141
628 141
629 140
630 140
631 139
632 139
633 138
634 138
635 138
636 137
637 137
638 136
639 136
640 135
641 135
642 134
643 134
644 133
