17 5
18 6
18 7
19 8
19 9
20 10
20 11
21 12
21 13
22 14
23 15
23 16
24 17
24 18
25 19
25 20
26 21
27 22
27 23
28 24
28 25
29 26
30 27
30 28
31 29
31 30
32 31
33 32
33 33
34 34
35 35
35 36
36 37
37 38
37 39
38 40
39 41
40 42
40 43
41 44
42 45
43 46
43 47
44 48
45 49
46 50
46 51
47 52
48 53
49 54
49 55
50 56
51 57
52 58
52 59
53 60
54 61
55 62
55 63
56 64
57 65
57 66
58 67
59 68
59 69
60 70
61 71
61 72
62 73
63 74
63 75
64 76
64 77
65 78
66 79
66 80
67 81
67 82
68 83
68 84
69 85
69 86
70 87
70 88
71 89
72 90
72 91
73 92
73 93
74 94
74 95
75 96
75 97
76 98
76 99
77 100
77 101
78 102
78 103
79 104
79 105
80 106
80 107
81 108
82 109
82 110
83 111
84 112
85 113
86 114
87 115
88 116
89 116
90 117
91 117
92 117
93 117
94 117
95 116
96 116
97 116
98 115
99 115
100 114
101 113
102 113
103 112
104 111
105 110
106 109
107 108
108 107
109 106
110 105
111 104
112 103
113 102
114 101
115 100
116 99
117 98
118 97
119 96
120 95
121 94
122 94
123 93
124 92
125 91
126 90
127 89
128 89
129 88
130 87
131 86
132 86
133 85
134 85
135 84
136 84
137 83
138 83
139 82
140 82
141 82
142 81
143 81
144 81
145 80
146 80
147 80
148 80
149 79
150 79
151 79
152 79
153 78
154 78
155 78
156 78
157 77
158 77
159 77
160 76
161 76
162 75
163 75
164 74
165 74
166 73
167 72
168 72
169 71
170 70
171 69
172 69
173 68
174 67
175 66
176 65
177 65
178 64
