15 14
16 15
16 16
17 17
17 18
18 19
18 20
19 21
19 22
20 23
21 24
21 25
22 26
22 27
23 28
24 29
24 30
25 31
26 32
26 33
27 34
28 35
29 36
29 37
30 38
31 39
32 40
32 41
33 42
34 43
35 44
35 45
36 46
36 47
37 48
38 49
38 50
39 51
39 52
40 53
41 54
41 55
42 56
42 57
43 58
44 59
44 60
45 61
45 62
46 63
47 64
48 65
48 66
49 67
50 68
51 68
52 69
53 69
54 68
55 68
56 67
57 66
58 65
58 64
59 63
60 62
61 61
62 60
63 59
64 59
65 58
66 58
67 58
68 57
69 57
70 57
71 58
72 58
73 58
74 58
75 59
76 59
77 59
78 60
79 60
80 61
81 62
82 62
83 63
84 64
85 64
86 65
87 66
88 67
89 68
90 69
91 70
92 71
93 72
93 73
94 74
95 75
96 76
96 77
97 78
98 79
98 80
99 81
100 82
100 83
101 84
102 85
103 86
104 87
105 88
106 89
107 90
108 90
109 91
110 91
111 92
112 92
113 92
114 92
115 92
116 92
117 92
118 91
119 91
120 91
121 90
122 89
123 89
124 88
125 87
126 86
127 86
128 85
129 84
130 83
131 82
132 81
133 80
134 79
135 79
136 78
137 77
138 76
139 75
140 74
141 73
142 72
143 71
144 70
144 69
145 68
146 67
146 66
147 65
148 64
149 63
149 62
150 61
151 61
152 60
153 59
154 59
