11 19
11 20
12 21
12 22
13 23
13 24
14 25
14 26
15 27
15 28
15 29
16 30
16 31
17 32
17 33
18 34
18 35
19 36
19 37
20 38
20 39
21 40
21 41
22 42
22 43
23 44
24 45
24 46
25 47
25 48
26 49
26 50
27 51
28 52
28 53
29 54
30 55
30 56
31 57
32 58
32 59
33 60
34 61
34 62
35 63
36 64
36 65
37 66
38 67
39 68
39 69
40 70
41 71
41 72
42 73
43 74
44 75
44 76
45 77
46 78
47 79
48 80
48 81
49 82
50 83
51 84
52 85
52 86
53 87
54 88
55 89
56 90
56 91
57 92
58 93
59 94
60 95
61 96
62 97
62 98
63 99
64 100
65 101
66 102
67 103
68 104
69 105
70 106
71 107
72 108
73 109
73 110
74 111
75 112
76 113
77 114
78 115
79 116
80 116
81 117
82 118
83 119
84 120
85 121
86 122
87 123
88 124
89 124
90 125
91 126
92 127
93 128
94 128
95 129
96 130
97 130
98 131
99 131
100 132
101 133
102 133
103 133
104 134
105 134
106 135
107 135
108 135
109 136
110 136
111 136
112 136
113 137
114 137
115 137
116 137
117 137
118 137
119 137
120 137
121 137
122 137
123 138
124 138
125 138
126 138
127 138
128 138
129 138
130 138
131 138
132 138
133 138
134 139
135 139
136 139
137 139
138 139
139 139
140 140
141 140
142 140
143 140
144 141
145 141
146 141
147 141
148 142
149 142
150 142
151 143
152 143
153 143
154 143
155 144
156 144
157 144
158 145
159 145
160 145
161 146
162 146
163 147
