12 8
13 8
14 9
15 9
16 10
17 11
18 12
19 12
20 13
21 14
22 14
23 15
24 16
25 17
26 17
27 18
28 19
29 20
30 20
31 21
32 22
33 23
34 24
35 25
36 26
37 27
38 28
39 29
40 30
41 31
42 32
42 33
43 34
44 35
45 36
45 37
46 38
47 39
48 40
49 41
50 42
51 43
52 44
53 44
54 45
55 45
56 45
57 46
58 46
59 46
60 46
61 46
62 46
63 46
64 46
65 46
66 46
67 47
68 47
69 47
70 47
71 47
72 47
73 47
74 48
75 48
76 48
77 48
78 48
79 48
80 49
81 49
82 49
83 50
84 50
85 50
86 51
87 51
88 52
89 52
90 53
91 53
92 53
93 54
94 54
95 54
96 54
97 54
98 54
99 54
100 54
101 54
102 55
103 55
104 55
105 55
106 55
107 55
108 55
109 55
110 56
111 56
112 56
113 57
114 57
115 58
116 59
117 59
118 60
119 61
120 61
121 62
122 63
123 64
124 65
125 65
126 66
127 67
128 68
129 68
130 69
131 69
132 70
133 70
134 70
135 70
136 71
137 71
138 71
139 70
140 70
141 70
142 69
143 69
144 68
145 68
146 67
147 66
148 65
149 64
150 63
151 62
151 61
152 60
153 59
153 58
154 57
154 56
155 55
156 54
156 53
157 52
157 51
158 50
158 49
159 48
159 47
160 46
160 45
161 44
161 43
162 42
