16 23
17 24
18 25
19 26
20 27
21 28
22 29
23 30
24 31
25 32
26 33
27 34
28 35
29 36
30 37
30 38
31 39
32 40
33 41
34 42
35 43
35 44
36 45
37 46
38 47
38 48
39 49
40 50
40 51
41 52
41 53
42 54
43 55
43 56
44 57
44 58
45 59
46 60
46 61
47 62
48 63
49 64
50 65
50 66
51 67
52 68
53 69
54 70
55 71
56 72
57 73
58 74
59 75
60 75
61 76
62 77
63 78
64 78
65 79
66 80
67 81
68 81
69 82
70 83
71 83
72 84
73 85
74 85
75 86
76 87
77 87
78 88
79 89
80 89
81 90
82 91
83 91
84 92
85 92
86 93
87 93
88 94
89 94
90 94
91 95
92 95
93 95
94 95
95 95
96 95
97 95
98 94
99 94
100 94
101 93
102 93
103 93
104 92
105 92
106 91
107 91
108 91
109 90
110 90
111 90
112 89
113 89
114 89
115 89
116 89
117 88
118 88
119 88
120 88
121 88
122 88
123 88
124 88
125 89
126 89
127 89
128 89
129 89
130 89
131 89
132 89
133 90
134 90
135 90
136 90
137 90
138 90
139 90
140 90
141 90
142 90
143 90
144 90
145 90
146 90
147 90
148 90
149 90
150 90
151 90
152 90
153 89
154 89
155 89
156 89
157 89
158 88
159 88
160 88
161 88
162 87
163 87
164 87
165 86
166 86
167 86
168 85
169 85
170 85
171 84
172 84
173 83
174 83
175 82
176 82
177 81
178 81
179 80
180 79
181 79
182 78
183 78
184 77
185 77
186 76
187 76
188 75
189 75
190 74
191 74
192 73
193 72
194 71
195 71
196 70
197 69
198 68
199 67
200 66
201 65
201 64
202 63
203 62
204 61
205 60
205 59
206 58
207 57
207 56
208 55
209 54
209 53
210 52
211 51
211 50
212 49
213 48
