29 22
29 23
29 24
30 25
30 26
30 27
31 28
31 29
31 30
31 31
32 32
32 33
32 34
33 35
33 36
33 37
34 38
34 39
34 40
35 41
35 42
35 43
36 44
36 45
36 46
36 47
37 48
37 49
37 50
38 51
38 52
38 53
39 54
39 55
39 56
40 57
40 58
41 59
41 60
41 61
42 62
42 63
42 64
43 65
43 66
43 67
44 68
44 69
45 70
45 71
45 72
46 73
46 74
47 75
47 76
47 77
48 78
48 79
49 80
49 81
50 82
50 83
51 84
51 85
52 86
52 87
53 88
53 89
54 90
54 91
55 92
55 93
56 94
56 95
57 96
58 97
58 98
59 99
59 100
60 101
61 102
61 103
62 104
63 105
63 106
64 107
65 108
65 109
66 110
67 111
68 112
68 113
69 114
70 115
71 116
72 117
72 118
73 119
74 120
75 121
76 122
76 123
77 124
78 125
79 126
80 127
81 128
82 129
83 130
83 131
84 132
85 133
86 134
87 135
88 136
89 137
90 138
91 139
92 140
93 141
94 142
94 143
95 144
96 145
97 146
98 147
99 148
100 149
101 150
102 151
103 152
104 153
105 154
106 155
107 156
108 157
109 158
109 159
110 160
111 161
112 162
113 163
114 164
115 165
116 166
117 167
118 168
119 169
119 170
120 171
121 172
122 173
123 174
124 175
125 176
126 177
126 178
127 179
128 180
129 181
130 182
131 183
131 184
132 185
133 186
134 187
135 188
135 189
136 190
137 191
138 192
139 193
139 194
140 195
141 196
142 197
143 198
143 199
144 200
145 201
146 202
147 203
148 204
148 205
149 206
150 207
151 208
152 209
153 210
154 211
155 212
156 213
157 214
158 215
159 216
160 217
161 218
162 218
163 219
164 220
165 221
166 221
167 222
168 223
169 223
170 224
171 224
172 225
173 225
174 226
175 226
176 226
177 227
178 227
179 227
180 228
181 228
182 228
183 228
184 228
185 229
186 229
187 229
188 229
189 229
190 229
191 229
192 229
193 229
194 229
195 229
196 229
197 229
198 229
199 229
200 229
201 229
202 229
203 228
204 228
205 228
206 228
207 228
208 228
209 228
210 228
211 228
212 227
213 227
214 227
215 227
216 227
217 227
218 227
219 227
220 227
221 226
222 226
223 226
224 226
225 226
226 226
227 226
228 225
229 225
230 225
231 225
232 225
233 224
234 224
235 224
236 224
237 224
238 223
239 223
240 223
241 222
242 222
243 222
244 221
245 221
246 221
247 220
248 220
249 219
250 219
251 219
252 218
253 218
254 218
255 217
256 217
257 217
258 216
259 216
260 216
261 215
262 215
263 215
264 215
265 215
266 214
267 214
268 214
269 214
270 214
271 214
272 214
273 214
274 215
275 215
276 215
277 215
278 216
279 216
280 216
281 217
282 217
283 218
284 218
285 219
286 220
287 221
288 221
289 222
290 223
291 224
292 225
293 225
294 226
295 227
296 228
297 229
298 230
299 231
300 232
301 233
302 234
303 235
304 236
305 237
306 238
307 239
308 240
309 241
310 242
311 243
312 244
313 245
314 246
315 246
316 247
317 248
318 249
319 250
320 251
321 251
322 252
323 253
324 253
325 254
326 254
327 255
328 256
329 256
330 256
331 257
332 257
333 257
334 258
335 258
336 258
337 258
338 258
339 258
340 258
341 258
342 258
343 258
344 257
345 257
346 257
347 256
348 256
349 255
350 255
351 254
352 253
353 253
354 252
355 251
356 250
357 249
358 248
359 247
360 246
361 245
362 244
363 243
364 242
365 241
366 240
367 239
367 238
368 237
369 236
370 235
371 234
372 233
372 232
373 231
374 230
375 229
376 228
376 227
377 226
378 225
379 224
380 223
381 222
382 221
382 220
383 219
384 218
385 217
386 216
387 215
388 214
389 213
390 212
391 211
392 210
393 209
394 208
395 208
396 207
397 206
398 205
399 204
400 203
401 203
402 202
403 201
404 200
405 199
406 199
407 198
408 197
409 196
410 196
411 195
412 194
413 193
414 192
415 192
416 191
417 190
418 189
419 188
420 187
421 186
422 186
423 185
424 184
425 183
426 182
427 181
428 180
429 179
429 178
430 177
431 176
432 175
433 174
434 173
435 172
435 171
436 170
437 169
438 168
438 167
439 166
440 165
440 164
441 163
442 162
443 161
443 160
444 159
445 158
445 157
446 156
447 155
447 154
448 153
448 152
449 151
450 150
450 149
451 148
452 147
452 146
453 145
453 144
454 143
455 142
455 141
456 140
456 139
457 138
458 137
458 136
459 135
459 134
460 133
