34 15
35 16
36 17
37 18
38 19
39 19
40 20
41 21
42 22
43 23
44 24
45 25
46 25
47 26
48 27
49 28
50 29
51 30
52 31
53 32
54 33
55 34
56 35
57 36
58 37
59 38
60 39
61 40
62 41
63 42
63 43
64 44
65 45
66 46
67 47
68 48
68 49
69 50
70 51
71 52
72 53
73 54
73 55
74 56
75 57
76 58
76 59
77 60
78 61
79 62
80 63
80 64
81 65
82 66
83 67
83 68
84 69
85 70
86 71
86 72
87 73
88 74
89 75
89 76
90 77
91 78
92 79
92 80
93 81
94 82
95 83
95 84
96 85
97 86
98 87
98 88
99 89
100 90
101 91
101 92
102 93
103 94
104 95
104 96
105 97
106 98
106 99
107 100
108 101
109 102
109 103
110 104
111 105
112 106
112 107
113 108
114 109
115 110
115 111
116 112
117 113
118 114
118 115
119 116
120 117
120 118
121 119
122 120
123 121
123 122
124 123
125 124
126 125
126 126
127 127
128 128
129 129
129 130
130 131
131 132
132 133
132 134
133 135
134 136
135 137
135 138
136 139
137 140
138 141
138 142
139 143
140 144
141 145
142 146
142 147
143 148
144 149
145 150
146 151
146 152
147 153
148 154
149 155
150 156
151 157
152 158
153 159
153 160
154 161
155 162
156 163
157 164
158 165
159 166
160 166
161 167
162 168
163 169
164 170
165 171
166 171
167 172
168 173
169 174
170 174
171 175
172 176
173 176
174 177
175 177
176 178
177 179
178 179
179 180
180 180
181 181
182 181
183 182
184 182
185 183
186 183
187 184
188 184
189 185
190 185
191 185
192 186
193 186
194 187
195 187
196 188
197 188
198 189
199 189
200 189
201 190
202 190
203 191
204 191
205 191
206 192
207 192
208 193
209 193
210 193
211 194
212 194
213 194
214 194
215 195
216 195
217 195
218 195
219 195
220 196
221 196
222 196
223 196
224 196
225 196
226 196
227 196
228 196
229 196
230 195
231 195
232 195
233 195
234 194
235 194
236 193
237 193
238 192
239 192
240 191
241 190
242 189
243 189
244 188
245 187
246 186
247 185
248 184
249 184
250 183
251 182
252 181
253 181
254 180
255 180
256 179
257 179
258 178
259 178
260 178
261 177
262 177
263 176
264 176
265 175
266 175
267 174
268 173
269 172
270 171
271 171
272 170
273 169
274 168
275 167
276 166
277 165
278 164
279 163
279 162
280 161
281 160
282 160
283 159
284 158
285 157
286 156
287 155
288 154
289 153
290 152
291 152
292 151
293 150
294 149
295 148
296 147
297 146
298 145
299 144
299 143
300 142
301 141
302 140
303 139
303 138
304 137
305 136
305 135
306 134
307 133
307 132
308 131
309 130
309 129
310 128
311 127
311 126
312 125
313 124
313 123
314 122
315 121
315 120
316 119
316 118
317 117
318 116
318 115
319 114
320 113
320 112
321 111
321 110
322 109
