17 9
18 9
19 10
20 11
21 12
22 12
23 13
24 14
25 15
26 15
27 16
28 17
29 18
30 19
31 19
32 20
33 21
34 22
35 23
36 24
37 25
38 26
39 27
40 28
41 29
41 30
42 31
43 32
44 33
45 34
45 35
46 36
47 37
47 38
48 39
49 40
49 41
50 42
51 43
51 44
52 45
52 46
53 47
54 48
54 49
55 50
55 51
56 52
56 53
57 54
57 55
58 56
58 57
59 58
59 59
60 60
60 61
60 62
61 63
61 64
62 65
62 66
63 67
63 68
63 69
64 70
64 71
65 72
65 73
65 74
66 75
66 76
67 77
67 78
67 79
68 80
68 81
68 82
69 83
69 84
70 85
70 86
70 87
71 88
71 89
72 90
72 91
72 92
73 93
73 94
74 95
74 96
75 97
75 98
75 99
76 100
76 101
77 102
77 103
78 104
78 105
79 106
79 107
80 108
81 109
81 110
82 111
82 112
83 113
84 114
85 115
85 116
86 117
87 118
88 119
89 120
89 121
90 122
91 123
92 123
93 124
94 125
95 126
96 127
97 127
98 128
99 128
100 128
101 129
102 129
103 129
104 129
105 129
106 129
107 129
108 129
109 129
110 129
111 128
112 128
113 128
114 127
115 127
116 126
117 125
118 125
119 124
120 123
121 122
122 121
123 120
124 120
125 119
126 118
127 117
128 116
129 116
130 115
131 114
132 114
133 113
134 113
135 113
136 113
137 113
138 113
139 113
140 113
141 113
142 113
143 114
144 114
145 115
146 115
147 116
148 116
149 117
150 118
151 118
152 119
153 120
154 120
155 121
156 122
157 123
158 124
159 124
160 125
160 126
