18 53
19 54
20 55
21 56
22 57
22 58
23 59
24 60
24 61
25 62
26 63
26 64
27 65
28 66
29 67
29 68
30 69
31 70
32 71
33 72
33 73
34 74
35 75
36 76
37 77
38 78
39 79
40 80
41 81
42 82
42 83
43 84
44 85
45 86
46 87
47 88
48 89
49 90
50 91
51 92
52 93
52 94
53 95
54 96
55 97
56 98
57 99
57 100
58 101
59 102
60 103
60 104
61 105
62 106
63 107
63 108
64 109
65 110
66 111
66 112
67 113
68 114
69 115
69 116
70 117
71 118
72 119
73 120
73 121
74 122
75 123
76 124
77 125
77 126
78 127
79 128
80 129
81 130
82 131
83 132
84 133
85 134
86 135
87 136
88 137
89 138
90 139
91 140
92 141
93 142
94 142
95 143
96 144
97 144
98 145
99 146
100 146
101 147
102 147
103 148
104 149
105 149
106 150
107 150
108 150
109 151
110 151
111 151
112 152
113 152
114 152
115 153
116 153
117 153
118 153
119 153
120 153
121 153
122 153
123 153
124 153
125 152
126 152
127 152
128 151
129 151
130 151
131 150
132 150
133 149
134 149
135 148
136 148
137 147
138 146
139 146
140 145
141 144
142 144
143 143
144 142
145 142
146 141
147 140
148 140
149 139
150 138
151 137
152 137
153 136
154 135
155 135
156 134
157 134
158 133
159 132
160 132
161 131
162 131
163 130
164 130
165 129
166 129
167 129
168 128
169 128
170 128
171 127
172 127
173 127
174 127
175 126
176 126
177 126
178 126
179 126
180 126
181 126
182 126
183 125
184 125
185 125
186 125
187 125
188 125
189 125
190 125
191 126
192 126
193 126
194 126
195 126
196 126
197 126
198 126
199 126
200 126
201 126
202 126
203 127
204 127
205 127
206 127
207 127
208 127
209 127
210 127
211 127
212 127
213 127
214 128
215 128
216 128
217 128
218 128
219 128
220 127
221 127
222 127
223 127
224 127
225 127
226 127
227 126
228 126
229 126
230 125
231 125
232 125
233 124
234 124
235 124
236 123
237 123
238 122
239 122
240 122
241 121
242 121
243 121
244 120
245 120
246 119
247 119
248 119
249 118
250 118
251 118
252 117
253 117
254 117
255 116
256 116
257 116
258 116
259 115
260 115
261 115
262 115
263 115
264 115
265 114
266 114
267 114
268 114
269 114
270 114
271 114
272 114
273 114
274 114
275 114
276 114
277 114
278 114
279 114
280 115
281 115
282 115
283 115
284 115
285 116
286 116
287 116
288 117
289 117
290 117
291 118
292 118
293 118
294 119
295 119
296 120
297 120
298 121
299 121
300 122
301 122
302 123
303 124
304 124
305 125
306 125
307 126
308 127
309 127
310 128
311 129
312 129
313 130
314 130
315 131
316 132
317 132
318 133
319 134
