4 20
5 21
5 22
6 23
6 24
6 25
7 26
7 27
8 28
8 29
8 30
9 31
9 32
10 33
10 34
11 35
11 36
12 37
12 38
13 39
14 40
15 41
15 42
16 43
17 44
18 45
19 46
19 47
20 48
21 49
22 50
23 51
23 52
24 53
25 54
26 55
26 56
27 57
28 58
29 59
30 60
31 61
32 62
33 63
34 64
35 65
36 66
37 67
38 68
39 68
40 69
41 70
42 70
43 71
44 71
45 72
46 72
47 73
48 73
49 73
50 73
51 73
52 73
53 73
54 73
55 73
56 73
57 73
58 73
59 73
60 73
61 72
62 72
63 72
64 72
65 71
66 71
67 71
68 70
69 70
70 69
71 69
72 68
73 68
74 67
75 67
76 66
77 65
78 65
79 64
80 63
81 63
82 62
83 61
84 60
85 60
86 59
87 58
88 57
89 57
90 56
91 55
92 54
93 54
94 53
95 53
96 52
97 52
98 52
99 52
100 52
101 52
102 52
103 53
104 54
105 55
106 56
107 57
107 58
108 59
109 60
109 61
110 62
110 63
111 64
112 65
112 66
113 67
114 68
114 69
115 70
116 71
117 72
117 73
118 74
119 75
120 76
120 77
121 78
122 79
123 80
124 81
125 82
126 83
126 84
127 85
128 86
129 87
130 88
131 89
132 90
133 91
134 92
134 93
