24 27
24 28
25 29
25 30
26 31
26 32
27 33
28 34
28 35
29 36
29 37
30 38
30 39
31 40
31 41
32 42
32 43
33 44
33 45
34 46
34 47
35 48
36 49
36 50
37 51
37 52
38 53
38 54
39 55
39 56
40 57
40 58
41 59
42 60
42 61
43 62
43 63
44 64
44 65
45 66
45 67
46 68
47 69
47 70
48 71
48 72
49 73
50 74
50 75
51 76
51 77
52 78
53 79
53 80
54 81
54 82
55 83
56 84
56 85
57 86
58 87
58 88
59 89
60 90
61 91
61 92
62 93
63 94
64 95
65 96
66 97
67 98
68 99
69 100
70 101
71 101
72 102
73 103
74 103
75 103
76 104
77 104
78 105
79 105
80 105
81 105
82 105
83 106
84 106
85 106
86 106
87 106
88 106
89 107
90 107
91 107
92 107
93 108
94 108
95 108
96 109
97 109
98 109
99 110
100 110
101 111
102 112
103 112
104 113
105 114
106 115
107 116
108 117
109 118
110 118
111 119
112 120
113 121
113 122
114 123
115 124
116 125
117 126
118 127
119 128
120 129
121 130
122 131
123 132
124 133
125 134
126 135
127 136
128 137
129 138
130 139
131 140
132 141
133 142
134 143
135 144
136 144
137 145
138 146
139 147
140 147
141 148
142 148
143 148
144 149
145 149
146 149
147 149
148 149
149 149
150 149
151 149
152 149
153 149
154 148
155 148
156 148
157 148
158 148
159 147
160 147
161 147
162 147
163 147
164 147
165 147
166 147
167 147
168 147
169 146
170 146
171 146
172 146
173 146
174 146
175 146
176 146
177 146
178 146
179 146
180 146
181 146
182 146
183 146
184 146
185 146
186 146
187 147
188 147
189 147
190 147
191 148
192 148
193 148
194 149
195 149
196 149
197 150
198 150
199 150
200 151
201 151
202 151
203 152
204 152
205 152
206 153
207 153
208 153
209 153
210 153
211 154
212 154
213 154
214 154
215 154
216 154
217 154
218 154
219 154
220 154
221 154
222 154
223 154
224 154
225 153
226 153
227 153
228 153
229 152
230 152
231 152
232 151
233 151
234 151
235 150
236 150
237 149
238 149
239 149
240 148
241 148
