33 94
34 95
35 95
36 96
37 97
38 98
39 98
40 99
41 100
42 101
43 101
44 102
45 103
46 103
47 104
48 105
49 106
50 106
51 107
52 108
53 108
54 109
55 109
56 110
57 111
58 111
59 112
60 112
61 113
62 113
63 114
64 114
65 114
66 115
67 115
68 115
69 116
70 116
71 116
72 116
73 116
74 117
75 117
76 117
77 117
78 117
79 117
80 117
81 117
82 117
83 117
84 117
85 118
86 118
87 118
88 118
89 119
90 119
91 120
92 120
93 121
94 122
95 123
96 124
97 125
98 126
99 127
100 128
100 129
101 130
102 131
103 132
103 133
104 134
105 135
105 136
106 137
107 138
107 139
108 140
109 141
109 142
110 143
111 144
112 145
112 146
113 147
114 148
115 149
115 150
116 151
117 152
118 153
119 154
120 155
121 156
122 157
123 158
124 158
125 159
126 160
127 161
128 161
129 162
130 162
131 163
132 163
133 164
134 164
135 165
136 165
137 166
138 166
139 166
140 167
141 167
142 167
143 167
144 168
145 168
146 168
147 168
148 168
149 169
150 169
151 169
152 169
153 169
154 169
155 169
156 169
157 169
158 169
159 169
160 170
161 170
162 170
163 170
164 170
165 170
166 169
167 169
168 169
169 169
170 169
171 169
172 169
173 169
174 169
175 169
176 169
177 169
178 169
179 169
180 169
181 169
182 169
183 169
184 169
185 169
186 169
187 169
188 169
189 169
190 169
191 170
192 170
193 170
194 170
195 170
196 170
197 171
198 171
199 171
200 171
201 172
202 172
203 173
204 173
205 173
206 174
207 174
208 175
209 175
210 176
211 177
212 177
213 178
214 179
215 179
216 180
217 181
218 182
219 182
220 183
221 184
222 185
223 186
224 187
225 187
226 188
227 189
228 190
229 191
230 192
231 192
232 193
233 194
234 195
235 195
236 196
237 197
238 197
239 198
240 199
241 199
242 200
243 200
244 201
245 201
246 202
247 202
248 202
249 203
250 203
251 204
252 204
253 204
254 204
255 205
256 205
257 205
258 205
259 206
260 206
261 206
262 206
263 206
264 207
265 207
266 207
267 207
268 207
269 207
270 208
271 208
272 208
273 208
274 208
275 208
276 208
277 208
278 208
279 208
280 208
281 209
282 209
283 209
284 209
285 209
286 209
287 209
288 208
289 208
290 208
291 208
292 208
293 208
294 208
295 207
296 207
297 207
298 206
299 206
300 206
301 205
302 205
303 204
304 203
305 203
306 202
307 201
308 200
309 199
310 199
311 198
312 197
313 196
314 195
314 194
315 193
316 192
317 191
318 190
319 189
320 188
320 187
321 186
322 185
323 184
324 183
324 182
325 181
326 180
327 179
327 178
328 177
329 176
330 175
331 174
331 173
332 172
333 171
334 170
335 169
335 168
336 167
337 166
338 165
339 164
340 163
341 162
341 161
342 160
343 159
344 158
345 157
346 156
347 155
348 154
349 153
350 152
351 151
352 150
353 149
354 148
355 147
356 146
357 145
358 144
359 143
360 142
361 141
362 141
363 140
364 139
365 138
366 137
367 137
368 136
369 135
370 134
371 134
372 133
373 132
374 132
375 131
376 130
377 130
378 129
379 128
380 128
381 127
382 126
383 126
384 125
385 125
386 124
387 124
388 123
389 122
390 122
391 121
392 121
393 120
394 120
395 119
396 118
