39 31
40 31
41 31
42 31
43 32
44 32
45 32
46 32
47 32
48 33
49 33
50 33
51 33
52 33
53 33
54 34
55 34
56 34
57 34
58 34
59 35
60 35
61 35
62 35
63 35
64 35
65 36
66 36
67 36
68 36
69 36
70 37
71 37
72 37
73 37
74 37
75 38
76 38
77 38
78 38
79 38
80 39
81 39
82 39
83 39
84 39
85 40
86 40
87 40
88 40
89 40
90 41
91 41
92 41
93 41
94 41
95 42
96 42
97 42
98 42
99 43
100 43
101 43
102 43
103 44
104 44
105 44
106 44
107 45
108 45
109 45
110 45
111 46
112 46
113 46
114 46
115 47
116 47
117 47
118 48
119 48
120 48
121 48
122 49
123 49
124 49
125 50
126 50
127 50
128 51
129 51
130 52
131 52
132 52
133 53
134 53
135 54
136 54
137 54
138 55
139 55
140 56
141 56
142 57
143 57
144 58
145 58
146 59
147 60
148 60
149 61
150 61
151 62
152 63
153 63
154 64
155 65
156 65
157 66
158 67
159 67
160 68
161 69
162 70
163 71
164 71
165 72
166 73
167 74
168 75
169 76
170 77
171 78
172 79
173 79
174 80
175 81
176 82
177 83
178 84
179 85
180 86
181 87
182 88
183 89
184 90
185 91
186 92
187 93
188 94
189 95
190 96
191 97
192 98
193 99
194 100
195 100
196 101
197 102
198 103
199 104
200 105
201 106
202 107
203 107
204 108
205 109
206 110
207 110
208 111
209 112
210 112
211 113
212 114
213 114
214 115
215 115
216 116
217 116
218 117
219 117
220 118
221 118
222 119
223 119
224 120
225 120
226 120
227 121
228 121
229 122
230 122
231 122
232 123
233 123
234 123
235 124
236 124
237 125
238 125
239 125
240 126
241 126
242 127
243 127
244 128
245 128
246 129
247 129
248 129
249 130
250 130
251 131
252 131
253 132
254 132
255 133
256 133
257 134
258 134
259 135
260 136
261 136
262 137
263 137
264 138
265 138
266 139
267 139
268 140
269 140
270 141
271 141
272 142
273 143
274 143
275 144
276 144
277 145
278 146
279 146
280 147
281 147
282 148
283 149
284 149
285 150
286 150
287 150
288 151
289 151
290 152
291 152
292 152
293 152
294 153
295 153
296 153
297 153
298 153
299 153
300 153
301 153
302 153
303 153
304 153
305 153
306 153
307 153
308 153
309 153
310 153
311 152
312 152
313 152
314 152
315 152
316 152
317 152
318 151
319 151
320 151
321 151
322 151
323 150
324 150
325 150
326 150
327 150
328 149
329 149
330 149
331 149
332 149
333 148
334 148
335 148
336 148
337 147
338 147
339 147
340 147
341 146
342 146
343 146
344 146
345 145
346 145
347 145
348 145
349 144
350 144
351 144
352 144
353 143
354 143
355 143
356 142
357 142
358 142
359 142
360 141
361 141
362 141
363 141
364 141
365 140
366 140
367 140
368 140
369 140
370 139
371 139
372 139
373 139
374 139
375 139
376 138
377 138
378 138
379 138
380 138
381 138
382 138
383 138
384 138
385 137
386 137
387 137
388 137
389 137
390 137
391 137
392 137
393 137
394 137
395 137
396 137
397 137
398 137
399 137
400 137
401 137
402 137
403 137
404 137
405 137
406 137
407 137
408 137
409 137
410 137
411 137
412 137
413 137
414 138
415 138
416 138
417 138
418 138
419 138
420 138
421 138
422 138
423 138
424 138
425 138
426 138
427 138
428 138
429 138
430 138
431 138
432 137
433 137
434 137
435 137
436 137
437 137
438 137
439 136
440 136
441 136
442 136
443 136
444 135
445 135
446 135
447 135
448 134
449 134
450 134
451 133
452 133
453 133
454 132
455 132
456 132
457 131
458 131
459 131
460 130
461 130
462 129
463 129
464 129
465 128
466 128
467 127
468 127
469 127
470 126
471 126
472 125
473 125
