38 31
39 32
39 33
40 34
40 35
41 36
41 37
42 38
42 39
43 40
43 41
44 42
45 43
45 44
46 45
46 46
47 47
47 48
48 49
48 50
49 51
50 52
50 53
51 54
51 55
52 56
52 57
53 58
54 59
54 60
55 61
56 62
56 63
57 64
57 65
58 66
59 67
59 68
60 69
61 70
61 71
62 72
63 73
63 74
64 75
65 76
65 77
66 78
67 79
68 80
68 81
69 82
70 83
71 84
71 85
72 86
73 87
74 88
75 89
76 90
76 91
77 92
78 93
79 94
80 95
81 96
82 97
83 98
83 99
84 100
85 101
86 102
87 103
88 103
89 104
90 105
91 106
92 107
93 108
94 109
95 109
96 110
97 111
98 112
99 112
100 113
101 113
102 114
103 114
104 115
105 115
106 116
107 116
108 117
109 117
110 117
111 117
112 117
113 118
114 118
115 118
116 118
117 118
118 118
119 118
120 118
121 118
122 118
123 118
124 118
125 118
126 118
127 119
128 119
129 119
130 119
131 119
132 120
133 120
134 121
135 121
136 122
137 123
138 123
139 124
140 125
141 126
142 127
143 128
144 129
144 130
145 131
146 132
147 133
147 134
148 135
149 136
149 137
150 138
151 139
151 140
152 141
153 142
153 143
154 144
155 145
155 146
156 147
157 148
157 149
158 150
159 151
159 152
160 153
161 154
162 155
162 156
163 157
164 158
164 159
165 160
166 161
167 162
167 163
168 164
169 165
170 166
171 167
171 168
172 169
173 170
174 171
175 172
175 173
176 174
177 175
178 176
179 177
180 178
180 179
181 180
182 181
183 182
184 183
185 184
186 185
187 186
187 187
188 188
189 189
190 190
191 191
192 192
193 193
194 194
195 195
196 196
197 197
198 198
199 199
200 200
201 201
202 201
203 202
204 203
205 204
206 205
207 205
208 206
209 207
210 208
211 208
212 209
213 210
214 210
215 211
216 211
217 212
218 212
219 213
220 213
221 214
222 214
223 214
224 215
225 215
226 215
227 216
228 216
229 216
230 216
231 216
232 216
233 216
234 216
235 216
236 216
237 216
238 216
239 215
240 215
241 215
242 214
243 214
244 213
245 213
246 212
247 211
248 211
249 210
250 209
251 208
252 208
253 207
254 206
255 205
256 204
257 203
257 202
258 201
259 200
260 199
261 198
262 197
263 196
263 195
264 194
265 193
266 192
267 191
268 190
269 189
270 188
271 187
272 186
273 185
274 184
275 183
276 183
277 182
278 182
279 181
280 181
281 181
282 180
283 180
284 180
285 180
286 179
287 179
288 179
289 179
290 179
291 178
292 178
293 178
294 178
295 177
296 177
297 177
298 176
299 176
300 176
301 175
302 175
303 174
304 174
305 173
306 173
307 172
308 172
309 171
310 170
311 170
312 169
313 168
314 167
315 167
316 166
317 165
318 164
319 163
320 162
321 161
322 161
323 160
324 159
325 158
326 157
327 156
328 155
329 154
330 153
331 152
332 151
333 150
334 150
335 149
336 148
337 147
338 146
339 146
340 145
341 144
342 144
343 143
344 142
345 142
346 141
347 141
348 141
349 141
350 140
351 140
352 140
353 140
354 140
355 140
356 140
357 141
358 141
359 141
360 142
361 142
362 142
363 143
364 143
365 144
366 145
367 145
368 146
369 146
370 147
371 148
372 149
373 149
374 150
375 151
376 151
377 152
378 153
379 154
380 155
381 155
382 156
383 157
384 158
385 158
386 159
387 160
388 161
389 162
390 163
