16 4
17 5
18 6
18 7
19 8
19 9
20 10
21 11
21 12
22 13
22 14
23 15
23 16
24 17
25 18
25 19
26 20
26 21
27 22
28 23
28 24
29 25
29 26
30 27
31 28
31 29
32 30
33 31
34 32
34 33
35 34
36 35
37 36
38 36
39 37
40 38
41 39
42 39
43 39
44 40
45 40
46 40
47 40
48 41
49 41
50 41
51 40
52 40
53 40
54 40
55 40
56 40
57 39
58 39
59 39
60 38
61 38
62 37
63 37
64 37
65 36
66 36
67 35
68 35
69 35
70 34
71 34
72 33
73 33
74 33
75 33
76 32
77 32
78 32
79 32
80 31
81 31
82 31
83 31
84 31
85 31
86 31
87 31
88 31
89 31
90 32
91 32
92 32
93 33
94 33
95 33
96 34
97 35
98 35
99 36
100 37
101 38
102 38
103 39
104 40
105 41
105 42
106 43
107 44
108 45
109 46
110 47
111 48
111 49
112 50
113 51
114 52
114 53
115 54
116 55
117 56
118 57
119 58
119 59
120 60
121 61
122 62
123 63
124 64
125 65
126 66
127 67
128 68
129 69
130 70
131 71
132 72
133 73
134 74
135 75
136 76
137 77
138 78
139 79
140 80
141 81
142 82
143 82
144 83
145 84
146 85
147 85
148 86
149 87
150 87
151 88
152 88
153 89
154 89
155 89
156 90
157 90
158 90
159 89
160 89
161 89
162 88
163 87
164 87
165 86
166 85
167 85
168 84
169 83
170 82
171 81
172 80
173 79
174 78
174 77
175 76
176 75
177 74
178 73
179 72
180 71
181 70
182 69
183 68
184 67
185 66
186 65
187 64
188 64
189 63
190 62
191 62
192 61
193 61
194 60
195 60
196 59
197 59
198 59
199 58
200 58
201 58
202 57
203 57
204 57
205 57
206 56
207 56
208 56
209 56
210 55
211 55
212 55
213 54
214 54
215 54
216 54
217 53
218 53
219 53
220 52
221 52
222 52
223 51
224 51
225 51
226 50
227 50
228 50
229 49
230 49
231 49
232 49
233 48
234 48
235 48
236 48
237 47
238 47
239 47
240 47
241 47
242 47
243 47
244 47
245 47
246 47
247 48
248 48
249 48
250 49
251 50
252 50
253 51
254 52
255 53
256 54
257 55
257 56
258 57
259 58
260 59
261 60
262 61
263 61
264 62
265 62
266 63
267 62
268 62
269 61
270 60
271 60
272 59
273 58
274 57
275 57
276 56
277 56
278 56
279 55
280 55
281 55
282 55
283 56
284 56
285 56
286 57
287 57
288 58
289 59
290 59
291 60
292 61
293 62
294 63
295 63
296 64
297 65
298 66
299 67
300 68
301 69
302 70
303 71
304 72
305 72
306 73
307 74
308 75
309 76
310 76
311 77
312 78
313 79
314 79
315 80
316 80
317 81
318 81
319 82
320 82
321 83
322 83
323 83
324 83
325 83
326 83
327 83
328 83
329 83
330 82
331 82
332 81
333 81
334 80
335 79
336 79
337 78
338 77
339 76
340 75
340 74
341 73
342 72
342 71
343 70
344 69
344 68
345 67
345 66
346 65
346 64
347 63
347 62
348 61
348 60
348 59
349 58
349 57
350 56
350 55
350 54
351 53
