7 22
8 23
8 24
9 25
9 26
9 27
10 28
10 29
10 30
11 31
11 32
11 33
12 34
12 35
13 36
13 37
13 38
14 39
14 40
15 41
15 42
16 43
16 44
17 45
17 46
18 47
18 48
19 49
19 50
20 51
21 52
22 53
23 54
24 55
25 56
26 57
27 57
28 58
29 58
30 59
31 59
32 59
33 60
34 60
35 60
36 61
37 61
38 61
39 61
40 62
41 62
42 62
43 62
44 63
45 63
46 63
47 63
48 64
49 64
50 64
51 64
52 65
53 65
54 65
55 65
56 65
57 65
58 65
59 66
60 66
61 66
62 66
63 66
64 66
65 66
66 65
67 65
68 65
69 65
70 65
71 64
72 64
73 64
74 64
75 63
76 63
77 63
78 62
79 62
80 62
81 62
82 62
83 62
84 62
85 62
86 62
87 62
88 62
89 62
90 62
91 62
92 62
93 63
94 63
95 63
96 63
97 64
98 64
99 65
100 65
101 65
102 66
103 66
104 67
105 68
106 68
107 69
108 69
109 70
110 71
111 71
112 72
113 73
114 74
115 74
116 75
117 76
118 77
119 78
120 79
121 80
122 80
123 81
124 82
125 83
126 84
127 85
128 86
129 87
130 88
131 89
132 90
133 91
134 91
135 92
136 93
137 94
138 95
139 96
140 96
141 97
142 98
143 98
144 99
145 99
146 100
147 100
148 101
149 101
150 101
151 102
152 102
153 102
154 102
155 102
156 102
157 102
158 102
159 101
160 101
161 101
162 101
163 100
164 100
165 100
166 100
167 99
168 99
169 98
170 98
171 98
172 97
173 97
174 96
175 96
176 96
177 95
178 95
179 94
180 94
181 93
182 93
183 92
184 92
185 91
186 91
187 90
188 90
189 90
190 89
191 89
192 88
193 88
194 87
195 87
196 86
197 86
198 85
199 85
200 84
201 84
202 83
203 83
204 82
205 82
206 81
207 81
208 80
209 80
210 79
211 79
212 78
213 78
214 77
215 77
216 76
217 76
218 75
219 75
220 74
221 73
222 73
223 72
224 72
225 71
226 70
227 70
228 69
229 68
230 67
231 67
232 66
233 65
234 64
235 63
236 62
237 61
238 60
239 60
240 59
241 58
242 57
243 56
244 55
245 55
246 54
247 53
248 53
249 52
250 52
251 51
252 51
253 50
254 50
255 50
256 50
257 50
258 50
259 50
260 50
261 50
262 50
263 50
264 50
265 50
266 50
267 51
268 51
269 51
270 52
271 52
272 52
273 53
274 53
275 54
276 55
277 55
278 56
279 57
280 57
281 58
282 59
283 60
284 61
285 62
286 63
286 64
287 65
288 66
289 67
290 68
290 69
291 70
292 71
293 72
294 73
294 74
295 75
296 76
297 77
298 78
299 79
300 80
301 81
302 82
303 83
304 84
305 85
306 86
307 87
308 88
309 88
310 89
311 90
312 91
313 91
314 92
315 93
316 94
317 95
318 95
319 96
320 97
321 98
322 98
323 99
324 100
325 101
326 101
327 102
328 103
329 104
330 105
331 105
332 106
333 107
334 108
335 109
336 109
337 110
338 111
339 112
340 113
341 113
342 114
343 115
344 116
345 117
346 117
347 118
347 119
