20 45
21 45
22 46
23 46
24 46
25 47
26 47
27 47
28 48
29 48
30 48
31 49
32 49
33 50
34 50
35 51
36 52
37 52
38 53
39 54
40 55
41 56
42 57
43 58
44 59
45 60
46 61
47 62
48 63
49 64
50 64
51 65
52 66
53 67
54 68
55 68
56 69
57 70
58 71
59 72
60 73
60 74
61 75
62 76
63 77
64 78
65 79
65 80
66 81
67 82
68 83
69 84
69 85
70 86
71 87
72 88
73 89
74 90
74 91
75 92
76 93
77 94
78 95
79 96
80 97
81 98
82 99
83 100
84 101
85 102
86 103
87 103
88 104
89 105
90 106
91 107
92 107
93 108
94 108
95 109
96 110
97 110
98 110
99 111
100 111
101 111
102 111
103 111
104 111
105 110
106 110
107 110
108 110
109 109
110 109
111 109
112 109
113 109
114 109
115 109
116 109
117 109
118 109
119 109
120 109
121 109
122 109
123 109
124 109
125 108
126 108
127 108
128 108
129 108
130 107
131 107
132 107
133 106
134 106
135 106
136 105
137 105
138 104
139 104
140 103
141 103
142 102
143 102
144 101
145 101
146 100
147 100
148 99
149 99
150 98
151 98
152 97
153 97
154 97
155 96
156 96
157 96
158 96
159 95
160 95
161 95
162 95
163 95
164 96
165 96
166 96
167 97
168 97
169 97
170 98
171 99
172 99
173 100
174 100
175 101
176 102
177 103
178 103
179 104
180 105
181 106
182 106
183 107
184 108
185 108
186 109
187 109
188 110
189 111
190 111
191 111
192 112
193 112
194 112
195 112
196 113
197 113
198 113
199 113
200 113
201 113
202 113
203 112
204 112
205 112
206 112
207 112
208 112
209 112
210 111
211 111
212 111
213 111
214 111
215 110
216 110
217 110
218 110
219 109
220 109
221 109
222 108
223 108
224 107
225 107
226 106
227 106
228 105
229 105
230 104
231 103
232 102
233 101
234 100
235 99
236 98
237 97
238 96
239 95
239 94
240 93
241 92
242 91
242 90
243 89
244 88
244 87
245 86
246 85
246 84
247 83
248 82
248 81
249 80
250 79
251 78
251 77
252 76
253 75
254 74
254 73
255 72
256 71
257 70
258 69
259 68
260 67
261 66
262 65
263 64
264 63
265 62
266 61
267 61
268 60
269 59
270 59
271 58
272 58
273 57
274 57
275 56
276 56
277 56
278 55
279 55
280 55
281 55
282 55
283 54
284 54
285 54
286 54
287 54
288 54
289 54
290 55
291 55
292 55
293 55
294 55
295 56
296 56
297 56
298 56
299 57
300 57
301 58
302 58
303 58
304 59
305 59
306 60
307 60
308 61
309 62
310 62
311 63
312 64
313 64
314 65
315 66
316 66
317 67
318 68
319 69
320 69
321 70
322 71
323 72
324 73
325 74
326 74
327 75
328 76
329 77
330 78
331 79
332 80
333 80
334 81
335 82
336 83
337 83
338 84
339 85
340 86
341 86
342 87
343 88
344 88
345 89
346 89
347 90
348 90
349 91
350 91
351 92
352 92
353 93
354 93
355 93
356 94
357 94
358 95
359 95
360 95
361 96
362 96
363 96
364 96
365 97
366 97
367 97
368 98
369 98
370 98
371 98
372 98
373 99
374 99
375 99
376 99
377 100
378 100
379 100
380 100
381 100
382 101
383 101
384 101
385 101
386 102
387 102
388 102
389 102
390 103
391 103
392 104
393 104
394 104
395 105
396 105
397 106
398 106
399 107
400 107
401 108
402 109
403 109
404 110
405 110
406 111
407 112
408 112
409 113
410 114
411 114
412 115
413 115
414 115
415 116
416 116
417 115
418 115
419 114
420 113
421 112
422 111
423 110
423 109
424 108
425 107
425 106
426 105
426 104
427 103
427 102
428 101
428 100
429 99
429 98
430 97
431 96
431 95
432 94
433 93
433 92
434 91
435 90
436 89
437 88
438 87
439 86
440 85
441 85
442 84
443 84
444 84
445 83
446 83
447 83
448 83
449 83
450 83
451 83
452 83
453 83
454 83
455 83
456 83
457 83
458 83
459 84
460 84
461 84
462 84
463 84
464 84
465 84
466 84
467 84
468 85
469 85
470 85
471 85
472 85
473 85
474 85
