7 57
8 58
8 59
9 60
9 61
9 62
10 63
10 64
11 65
11 66
12 67
12 68
13 69
13 70
14 71
14 72
15 73
15 74
16 75
17 76
17 77
18 78
18 79
19 80
19 81
20 82
21 83
21 84
22 85
23 86
23 87
24 88
25 89
26 90
26 91
27 92
28 93
29 94
30 95
31 96
32 97
33 98
34 99
35 99
36 100
37 101
38 102
39 102
40 103
41 103
42 104
43 104
44 105
45 105
46 105
47 106
48 106
49 106
50 106
51 106
52 106
53 106
54 106
55 106
56 106
57 106
58 106
59 106
60 106
61 105
62 105
63 105
64 104
65 104
66 103
67 103
68 103
69 102
70 101
71 101
72 100
73 100
74 99
75 99
76 98
77 97
78 97
79 96
80 96
81 95
82 95
83 94
84 94
85 93
86 93
87 92
88 92
89 92
90 92
91 91
92 91
93 91
94 91
95 90
96 90
97 90
98 90
99 89
100 89
101 89
102 88
103 88
104 87
105 87
106 86
107 86
108 85
109 84
110 83
111 82
112 82
113 81
114 80
115 79
116 78
117 77
118 76
119 75
120 74
121 73
122 72
123 72
124 71
125 70
126 69
127 68
128 67
129 67
130 66
131 65
132 64
133 64
134 63
135 62
136 62
137 61
138 61
139 60
140 60
141 60
142 59
143 59
144 59
145 59
146 58
147 58
148 58
149 58
150 58
151 58
152 58
153 59
154 59
155 59
156 59
157 59
158 60
159 60
160 61
161 61
162 62
163 62
164 63
165 63
166 64
167 65
168 66
169 67
170 68
171 69
172 70
173 71
174 72
175 73
176 74
177 75
178 76
179 77
179 78
180 79
181 80
182 81
183 82
184 83
185 84
186 85
187 86
188 87
189 88
190 89
191 90
192 91
193 92
194 93
195 94
196 95
197 96
198 96
199 97
200 98
201 99
202 100
203 101
204 102
205 103
206 104
207 105
208 105
209 106
210 107
211 108
212 109
213 110
214 110
215 111
216 112
217 112
218 113
219 113
220 114
221 114
222 114
223 115
224 115
225 116
226 116
227 117
228 117
229 118
230 119
231 119
232 120
233 120
234 121
235 121
236 122
237 122
238 123
239 123
240 123
241 124
242 124
243 124
244 125
245 125
246 125
247 125
248 126
249 126
250 126
251 126
252 126
253 126
254 126
255 126
256 126
257 126
258 126
259 126
260 126
261 126
262 125
263 125
264 124
265 124
266 123
267 122
268 121
269 120
270 119
271 118
271 117
272 116
273 115
273 114
274 113
275 112
275 111
276 110
277 109
277 108
278 107
278 106
279 105
280 104
280 103
281 102
282 101
282 100
283 99
284 98
285 97
286 96
287 95
288 94
289 94
290 94
291 93
292 93
293 93
294 93
295 92
296 92
297 91
298 91
299 90
300 90
301 89
302 88
303 87
304 87
305 86
306 85
307 84
308 83
309 82
310 81
311 81
312 80
313 79
314 78
315 77
316 77
317 76
318 75
319 75
320 74
321 74
322 73
323 72
324 72
325 72
326 71
327 71
328 70
329 70
330 70
331 69
332 69
333 69
334 69
335 69
336 68
337 68
338 68
339 68
340 68
341 68
342 67
343 67
344 67
345 67
346 67
347 67
348 67
349 67
350 67
351 67
352 67
353 67
354 67
355 67
356 67
357 66
358 66
359 66
360 66
361 66
362 66
363 66
364 66
365 66
366 66
367 66
368 66
369 66
370 66
371 66
372 66
373 66
374 66
375 66
376 66
377 66
378 66
379 66
380 66
381 66
382 66
383 66
384 66
385 65
386 65
387 65
388 65
389 64
390 64
391 64
392 64
393 63
394 63
395 63
396 62
397 62
398 62
399 61
400 61
