10 26
11 27
12 28
12 29
13 30
13 31
14 32
15 33
15 34
16 35
17 36
17 37
18 38
18 39
19 40
20 41
20 42
21 43
22 44
22 45
23 46
23 47
24 48
25 49
25 50
26 51
27 52
27 53
28 54
29 55
29 56
30 57
30 58
31 59
32 60
32 61
33 62
34 63
34 64
35 65
35 66
36 67
37 68
37 69
38 70
39 71
39 72
40 73
41 74
41 75
42 76
42 77
43 78
44 79
44 80
45 81
46 82
46 83
47 84
47 85
48 86
49 87
49 88
50 89
51 90
51 91
52 92
53 93
53 94
54 95
55 96
56 97
57 98
58 99
59 100
60 101
61 101
62 102
63 102
64 102
65 102
66 102
67 101
68 101
69 101
70 100
71 100
72 100
73 99
74 99
75 98
76 98
77 97
78 97
79 96
80 96
81 95
82 95
83 94
84 94
85 93
86 93
87 92
88 92
89 91
90 91
91 91
92 90
93 90
94 89
95 89
96 89
97 88
98 88
99 88
100 88
101 88
102 87
103 87
104 87
105 87
106 87
107 87
108 87
109 87
110 87
111 87
112 87
113 87
114 88
115 88
116 88
117 88
118 89
119 89
120 89
121 90
122 90
123 90
124 91
125 91
126 92
127 93
128 93
129 94
130 94
131 95
132 96
133 96
134 97
135 98
136 98
137 99
138 100
139 100
140 101
141 102
142 102
143 103
144 103
145 104
146 104
147 105
148 105
149 106
150 106
151 107
152 107
153 108
154 108
155 109
156 109
157 109
158 110
159 110
160 111
161 111
162 111
163 112
164 112
165 113
166 113
167 114
168 114
169 115
170 115
171 116
172 116
173 117
174 117
175 118
176 118
177 119
178 119
179 120
180 120
181 120
182 121
183 121
184 121
185 121
186 121
187 121
188 120
189 120
190 119
191 119
192 118
193 117
194 116
194 115
195 114
196 113
196 112
197 111
197 110
198 109
199 108
199 107
200 106
200 105
201 104
202 103
202 102
203 101
204 100
205 100
206 99
207 98
208 98
209 98
210 98
211 97
212 97
213 97
214 97
215 97
216 97
217 97
218 97
219 97
220 97
221 97
222 97
223 97
224 97
225 97
226 97
227 96
228 96
229 96
230 96
231 95
232 95
233 95
234 94
235 94
236 94
237 93
238 93
239 93
240 92
241 92
242 91
243 91
244 91
245 90
246 90
247 89
248 89
249 88
250 88
251 88
252 87
253 87
254 87
255 86
256 86
257 86
258 86
259 86
260 86
261 85
262 85
263 85
264 86
265 86
266 86
267 86
268 86
269 87
270 87
271 88
272 88
273 89
274 90
275 90
276 91
277 92
278 93
279 94
280 95
281 96
282 97
283 98
284 99
284 100
285 101
286 102
287 103
287 104
288 105
289 106
290 107
290 108
291 109
292 110
292 111
293 112
294 113
294 114
295 115
296 116
296 117
297 118
298 119
298 120
299 121
300 122
300 123
301 124
302 125
302 126
303 127
304 128
304 129
305 130
306 131
306 132
307 133
308 134
309 135
309 136
310 137
311 138
312 139
312 140
313 141
314 142
315 143
316 144
317 145
318 146
319 147
320 148
321 149
322 150
323 151
324 152
325 153
326 154
327 155
328 155
329 156
330 157
331 158
332 158
333 159
334 160
335 160
336 161
337 162
338 163
