5 28
6 29
7 30
8 31
8 32
9 33
10 34
11 35
11 36
12 37
13 38
14 39
15 40
16 41
17 42
18 43
19 44
20 44
21 45
22 46
23 46
24 47
25 47
26 48
27 49
28 49
29 50
30 51
30 52
31 53
32 54
32 55
33 56
33 57
34 58
34 59
35 60
35 61
36 62
36 63
36 64
37 65
37 66
38 67
38 68
39 69
39 70
40 71
40 72
41 73
41 74
42 75
43 76
44 77
45 78
46 78
47 78
48 78
49 77
50 76
51 75
52 75
53 74
54 74
55 74
56 74
57 74
58 74
59 75
60 75
61 76
62 76
63 77
64 78
65 78
66 79
67 80
68 81
69 81
70 82
71 83
72 83
73 84
74 85
75 85
76 86
77 86
78 87
79 88
80 88
81 88
82 89
83 89
84 89
85 90
86 90
87 90
88 90
89 89
90 89
91 89
92 89
93 88
94 88
95 87
96 87
97 86
98 86
99 85
100 85
101 84
102 83
103 83
104 82
105 81
106 81
107 80
108 79
109 79
110 78
111 77
112 77
113 76
