23 44
24 45
24 46
25 47
26 48
27 49
27 50
28 51
29 52
29 53
30 54
31 55
31 56
32 57
33 58
34 59
34 60
35 61
36 62
37 63
37 64
38 65
39 66
40 67
41 68
42 69
43 70
44 71
44 72
45 73
46 74
47 75
48 76
49 76
50 77
51 78
52 79
53 80
54 81
55 82
56 83
57 84
58 84
59 85
60 86
61 87
62 88
63 88
64 89
65 90
66 91
67 91
68 92
69 93
70 93
71 94
72 95
73 96
74 96
75 97
76 98
77 98
78 99
79 100
80 100
81 101
82 102
83 103
84 103
85 104
86 105
87 105
88 106
89 107
90 107
91 108
92 109
93 110
94 110
95 111
96 112
97 112
98 113
99 114
100 114
101 115
102 115
103 116
104 116
105 117
106 117
107 118
108 118
109 118
110 119
111 119
112 119
113 119
114 119
115 119
116 119
117 119
118 118
119 118
120 118
121 117
122 117
123 116
124 115
125 115
126 114
127 113
128 112
129 111
130 110
131 109
132 108
132 107
133 106
134 105
135 104
135 103
136 102
137 101
138 100
138 99
139 98
140 97
141 96
141 95
142 94
143 93
144 92
144 91
145 90
146 89
147 88
148 87
149 86
150 85
151 84
152 83
153 82
154 81
155 81
156 80
157 79
158 79
159 78
160 78
161 77
162 77
163 76
164 76
165 76
166 75
167 75
168 75
169 75
170 75
171 75
172 75
173 75
174 75
175 75
176 75
177 75
178 75
179 75
180 75
181 76
182 76
183 76
184 77
185 77
186 78
187 78
188 79
189 79
190 80
191 80
192 81
193 82
194 83
195 83
196 84
197 85
198 86
199 87
200 88
201 89
202 89
203 90
204 91
205 92
205 93
206 94
207 95
208 96
209 96
210 97
211 98
212 99
213 100
214 100
215 101
216 101
217 102
218 102
219 102
220 102
221 102
222 102
223 102
224 102
225 102
226 101
227 101
228 101
229 101
230 100
231 100
232 100
233 99
234 99
235 99
236 98
237 98
238 98
239 97
240 97
241 97
242 96
243 96
244 96
245 95
246 95
247 95
248 94
249 94
250 94
251 94
252 93
253 93
254 93
255 92
256 92
257 92
258 91
259 91
260 90
261 90
262 89
263 89
264 88
265 87
266 87
267 86
268 85
269 84
270 83
271 82
272 81
273 80
274 79
274 78
275 77
276 76
277 75
277 74
278 73
279 72
280 71
280 70
281 69
282 68
282 67
283 66
284 65
285 64
286 63
286 62
287 61
288 60
289 59
290 59
291 58
292 57
293 57
294 56
295 56
296 55
297 55
298 55
299 55
300 54
301 54
302 54
303 54
304 54
305 54
306 54
307 54
308 54
309 54
310 54
311 54
312 54
313 54
314 54
315 54
316 54
317 54
318 54
319 54
320 54
321 55
322 55
323 55
324 56
325 56
326 57
327 57
328 58
329 59
330 59
331 60
332 61
333 61
334 62
335 63
336 63
337 64
338 64
339 65
340 65
341 66
342 66
343 66
344 66
345 67
346 67
347 67
348 67
349 67
350 67
351 67
352 67
353 67
354 67
355 67
356 67
357 67
358 67
359 67
360 67
361 67
362 67
363 68
364 68
365 68
366 69
367 69
368 69
369 70
370 70
371 71
372 72
373 72
374 73
375 74
376 74
377 75
378 76
379 77
380 78
381 79
382 80
383 81
384 82
385 83
386 84
387 85
388 86
389 86
390 87
391 88
392 89
393 90
394 91
395 91
396 92
397 93
398 93
399 94
400 94
401 94
402 95
403 95
404 95
405 95
406 95
407 96
408 96
409 96
410 96
411 96
412 96
413 96
414 96
415 96
416 96
417 96
418 96
419 96
