17 41
17 42
17 43
18 44
18 45
19 46
19 47
19 48
20 49
20 50
20 51
21 52
21 53
21 54
22 55
22 56
22 57
23 58
23 59
24 60
24 61
24 62
25 63
25 64
25 65
26 66
26 67
27 68
27 69
27 70
28 71
28 72
28 73
29 74
29 75
30 76
30 77
30 78
31 79
31 80
32 81
32 82
32 83
33 84
33 85
34 86
34 87
34 88
35 89
35 90
36 91
36 92
37 93
37 94
38 95
38 96
38 97
39 98
39 99
40 100
40 101
41 102
41 103
42 104
42 105
43 106
43 107
44 108
44 109
45 110
45 111
46 112
46 113
47 114
48 115
48 116
49 117
49 118
50 119
50 120
51 121
52 122
52 123
53 124
53 125
54 126
55 127
55 128
56 129
57 130
57 131
58 132
59 133
59 134
60 135
61 136
61 137
62 138
63 139
64 140
64 141
65 142
66 143
67 144
67 145
68 146
69 147
70 148
71 149
72 150
72 151
73 152
74 153
75 154
76 155
77 156
78 157
79 158
80 159
81 160
82 161
83 162
84 163
85 164
86 165
87 166
88 167
89 168
90 168
91 169
92 170
93 171
94 172
95 172
96 173
97 174
98 175
99 175
100 176
101 177
102 177
103 178
104 179
105 179
106 180
107 180
108 181
109 182
110 182
111 183
112 183
113 184
114 184
115 185
116 185
117 186
118 186
119 186
120 187
121 187
122 188
123 188
124 188
125 189
126 189
127 190
128 190
129 190
130 191
131 191
132 192
133 192
134 192
135 193
136 193
137 193
138 194
139 194
140 195
141 195
142 195
143 196
144 196
145 196
146 197
147 197
148 197
149 198
150 198
151 198
152 199
153 199
154 199
155 199
156 200
157 200
158 200
159 200
160 201
161 201
162 201
163 201
164 201
165 201
166 202
167 202
168 202
169 202
170 202
171 202
172 202
173 202
174 202
175 202
176 202
177 202
178 202
179 202
180 202
181 202
182 202
183 202
184 202
185 202
186 202
187 202
188 202
189 202
190 202
191 202
192 202
193 202
194 202
195 202
196 202
197 202
198 202
199 202
200 202
201 202
202 202
203 202
204 201
205 201
206 201
207 201
208 201
209 201
210 201
211 201
212 201
213 201
214 201
215 201
216 201
217 201
218 201
219 201
220 201
221 201
222 201
223 201
224 201
225 201
226 201
227 201
228 201
229 201
230 201
231 201
232 201
233 201
234 201
235 201
236 201
237 201
238 201
239 201
240 201
241 201
242 201
243 201
244 201
245 201
246 201
247 201
248 201
249 201
250 201
251 201
252 201
253 201
254 201
255 201
256 201
257 201
258 201
259 201
260 201
261 201
262 201
263 201
264 201
265 201
266 201
267 202
268 202
269 202
270 202
271 202
272 202
273 202
274 202
275 202
276 202
277 202
278 202
279 202
280 203
281 203
282 203
283 203
284 203
285 203
286 203
287 203
288 203
289 203
290 203
291 203
292 203
293 203
294 203
295 203
296 203
297 203
298 203
299 203
300 203
301 203
302 203
303 203
304 203
305 203
306 203
307 203
308 203
309 203
310 203
311 203
312 203
313 203
314 203
315 203
316 203
317 203
318 203
319 203
