28 89
29 89
30 88
31 88
32 87
33 87
34 87
35 86
36 86
37 85
38 85
39 85
40 84
41 84
42 83
43 83
44 83
45 82
46 82
47 81
48 81
49 81
50 80
51 80
52 80
53 79
54 79
55 79
56 78
57 78
58 78
59 77
60 77
61 77
62 76
63 76
64 76
65 76
66 75
67 75
68 75
69 75
70 74
71 74
72 74
73 74
74 73
75 73
76 73
77 73
78 73
79 73
80 72
81 72
82 72
83 72
84 72
85 72
86 72
87 72
88 72
89 72
90 72
91 72
92 72
93 72
94 72
95 72
96 72
97 72
98 72
99 72
100 72
101 72
102 73
103 73
104 73
105 73
106 73
107 74
108 74
109 74
110 74
111 75
112 75
113 75
114 76
115 76
116 77
117 77
118 77
119 78
120 78
121 79
122 79
123 80
124 80
125 81
126 81
127 82
128 83
129 83
130 84
131 85
132 85
133 86
134 87
135 87
136 88
137 89
138 90
139 91
140 91
141 92
142 93
143 94
144 95
145 96
146 97
147 98
148 99
149 99
150 100
151 101
152 102
153 103
154 104
155 105
156 106
157 107
158 108
159 108
160 109
161 110
162 111
163 112
164 112
165 113
166 114
167 115
168 116
169 116
170 117
171 118
172 119
173 120
174 120
175 121
176 122
177 123
178 123
179 124
180 125
181 126
182 126
183 127
184 128
185 128
186 129
187 130
188 131
189 131
190 132
191 133
192 133
193 134
194 134
195 135
196 135
197 136
198 136
199 137
200 137
201 138
202 138
203 139
204 139
205 139
206 140
207 140
208 140
209 140
210 141
211 141
212 141
213 141
214 141
215 141
216 142
217 142
218 142
219 142
220 142
221 142
222 142
223 142
224 142
225 142
226 142
227 142
228 142
229 141
230 141
231 141
232 141
233 141
234 141
235 141
236 141
237 141
238 141
239 141
240 140
241 140
242 140
243 140
244 140
245 140
246 140
247 140
248 140
249 140
250 140
251 140
252 139
253 139
254 139
255 139
256 139
257 139
258 139
259 139
260 139
261 139
262 139
263 139
264 139
265 139
266 139
267 139
268 139
269 139
270 139
271 139
272 139
273 139
274 139
275 139
276 139
277 140
278 140
279 140
280 140
281 140
282 140
283 140
284 140
285 140
286 140
287 140
288 140
289 141
290 141
291 141
292 141
293 141
294 141
295 141
296 142
297 142
298 142
299 142
300 142
301 142
302 143
303 143
304 143
305 143
306 143
307 144
308 144
309 144
310 144
311 144
312 145
313 145
314 145
315 145
316 145
317 145
318 146
319 146
320 146
321 146
322 146
323 147
324 147
325 147
326 147
327 147
328 147
329 147
330 148
331 148
332 148
333 148
334 148
335 148
336 148
337 148
338 148
339 148
340 148
341 147
342 147
343 147
344 147
345 147
346 147
347 146
348 146
349 146
350 146
351 145
352 145
353 145
354 144
355 144
356 144
357 143
358 143
359 142
360 142
361 142
362 141
363 141
364 140
365 140
366 139
367 139
368 138
369 138
370 137
371 137
372 136
373 136
374 135
375 135
376 134
377 134
378 133
379 133
380 133
381 132
382 132
383 131
384 131
385 131
386 130
387 130
388 130
389 129
390 129
391 129
392 129
393 128
394 128
395 128
396 128
397 128
398 128
399 128
400 128
401 128
402 127
403 127
404 127
405 127
406 127
407 127
408 127
409 127
410 127
411 127
412 127
413 127
414 127
415 127
416 127
417 127
418 127
419 127
420 127
421 127
422 127
423 127
424 127
425 127
426 127
427 127
428 127
429 128
430 128
431 128
432 128
433 128
434 128
435 128
436 128
437 128
438 128
439 128
440 128
441 128
442 129
443 129
444 129
445 129
446 129
447 130
448 130
449 130
450 131
451 131
452 131
453 132
454 132
455 132
456 133
457 133
458 134
459 134
460 134
461 135
462 135
463 136
464 136
465 137
466 137
467 138
468 138
469 138
470 139
471 139
472 140
473 140
474 141
475 141
476 142
477 142
478 143
479 143
480 144
481 144
482 145
483 146
484 146
485 147
486 147
487 148
488 149
489 150
490 150
491 151
492 152
493 153
494 154
495 155
496 156
497 157
498 158
499 159
500 160
501 161
502 162
503 163
504 164
505 165
506 166
506 167
507 168
508 169
509 170
510 171
510 172
511 173
511 174
