31 75
32 74
33 74
34 73
35 73
36 72
37 72
38 71
39 71
40 70
41 70
42 69
43 69
44 68
45 68
46 68
47 67
48 67
49 66
50 66
51 66
52 65
53 65
54 65
55 64
56 64
57 64
58 63
59 63
60 63
61 63
62 62
63 62
64 62
65 62
66 61
67 61
68 61
69 61
70 61
71 60
72 60
73 60
74 60
75 60
76 60
77 59
78 59
79 59
80 59
81 59
82 59
83 59
84 59
85 58
86 58
87 58
88 58
89 58
90 58
91 58
92 58
93 58
94 58
95 58
96 58
97 58
98 58
99 58
100 58
101 58
102 58
103 58
104 59
105 59
106 59
107 59
108 59
109 60
110 60
111 60
112 61
113 61
114 61
115 62
116 62
117 63
118 63
119 64
120 64
121 65
122 66
123 66
124 67
125 68
126 68
127 69
128 70
129 71
130 72
131 72
132 73
133 74
134 75
135 76
136 77
137 78
138 79
139 80
140 81
141 82
142 83
143 84
144 85
145 86
146 87
147 88
148 89
149 90
150 91
151 92
152 93
153 94
154 95
155 95
156 96
157 97
158 98
159 99
160 99
161 100
162 101
163 102
164 102
165 103
166 103
167 104
168 105
169 105
170 106
171 106
172 107
173 107
174 108
175 108
176 109
177 109
178 110
179 110
180 111
181 111
182 111
183 112
184 112
185 113
186 113
187 114
188 114
189 114
190 115
191 115
192 116
193 116
194 117
195 117
196 118
197 118
198 119
199 119
200 120
201 120
202 121
203 121
204 122
205 123
206 123
207 124
208 125
209 125
210 126
211 126
212 127
213 128
214 128
215 129
216 129
217 130
218 130
219 131
220 131
221 132
222 132
223 132
224 133
225 133
226 134
227 134
228 134
229 134
230 134
231 135
232 135
233 135
234 135
235 135
236 135
237 135
238 135
239 135
240 135
241 135
242 135
243 135
244 135
245 135
246 135
247 134
248 134
249 134
250 134
251 134
252 134
253 133
254 133
255 133
256 133
257 132
258 132
259 132
260 132
261 132
262 131
263 131
264 131
265 131
266 131
