9 0
10 1
11 2
11 3
12 4
13 5
14 6
14 7
15 8
15 9
16 10
17 11
17 12
18 13
18 14
19 15
19 16
20 17
20 18
21 19
21 20
21 21
22 22
22 23
23 24
23 25
24 26
24 27
25 28
25 29
26 30
26 31
27 32
27 33
28 34
28 35
29 36
29 37
30 38
30 39
31 40
32 41
33 42
34 43
35 43
36 44
37 44
38 44
39 43
40 43
41 43
42 43
43 43
44 43
45 43
46 43
47 43
48 44
49 44
50 44
51 44
52 44
53 44
54 45
55 45
56 45
57 46
58 46
59 46
60 46
61 47
62 47
63 47
64 48
65 48
66 49
67 49
68 49
69 50
70 51
71 51
72 52
73 53
74 53
75 54
76 55
77 56
78 57
79 58
80 59
81 60
82 61
83 62
84 63
84 64
85 65
86 66
87 67
88 68
89 69
90 70
91 71
92 72
93 73
94 74
95 75
96 76
97 77
98 78
99 79
100 80
101 80
102 81
103 82
104 83
105 83
106 84
107 85
108 85
109 86
110 86
111 87
112 88
113 88
114 89
115 89
116 89
117 90
118 90
119 91
120 91
121 91
122 92
123 92
124 92
125 92
126 92
127 93
128 93
129 93
130 93
131 93
132 93
133 93
134 93
135 93
136 93
137 93
138 93
139 94
140 94
141 94
142 94
143 93
144 93
145 93
146 93
147 93
148 93
149 93
150 93
151 93
152 93
153 92
154 92
155 91
156 91
157 90
158 89
159 88
159 87
160 86
161 85
162 84
163 83
163 82
164 81
165 80
165 79
166 78
167 77
168 76
168 75
169 74
170 73
171 72
172 71
173 71
174 70
175 69
176 68
177 68
178 68
179 67
180 67
181 67
182 67
183 67
184 67
185 67
186 68
187 68
188 68
189 69
190 69
191 70
192 70
193 70
194 71
195 71
196 71
197 72
198 72
199 72
200 72
201 72
202 73
203 73
204 73
205 73
206 73
207 74
208 74
209 74
210 74
211 74
212 75
213 75
214 75
215 75
216 75
217 75
218 76
219 76
220 76
221 76
222 76
223 77
224 77
225 77
226 77
227 78
228 78
229 78
230 79
231 79
232 79
233 80
234 80
235 81
236 81
237 82
238 82
239 83
240 83
241 84
242 84
243 85
244 85
245 86
246 86
247 87
248 87
249 88
250 88
251 89
252 89
253 90
254 90
255 90
256 90
257 90
258 90
259 90
260 90
261 90
262 89
263 88
264 87
265 86
266 85
267 84
267 83
268 82
269 81
269 80
270 79
271 78
271 77
272 76
273 75
273 74
274 73
275 72
276 71
277 71
278 70
279 70
280 70
281 70
282 70
283 70
284 70
285 70
286 70
287 69
288 69
289 68
290 68
291 68
292 67
293 67
294 66
295 66
296 66
297 66
298 66
299 65
300 65
301 65
302 65
303 65
304 64
305 64
306 63
307 63
308 62
309 62
310 61
311 60
312 59
313 58
314 57
315 56
316 56
