5 36
6 37
7 38
8 39
9 40
10 41
11 42
12 43
13 44
14 45
15 46
16 47
17 48
18 48
19 49
20 50
21 50
22 51
23 51
24 52
25 52
26 52
27 52
28 51
29 51
30 51
31 50
32 50
33 49
34 49
35 48
36 48
37 48
38 48
39 47
40 47
41 47
42 47
43 47
44 47
45 47
46 47
47 47
48 47
49 47
50 48
51 48
52 48
53 48
54 48
55 48
56 48
57 48
58 48
59 48
60 48
61 48
62 49
63 49
64 49
65 49
66 49
67 49
68 50
69 50
70 50
71 51
72 51
73 51
74 52
75 52
76 52
77 53
78 53
79 54
80 54
81 54
82 55
83 55
84 56
85 56
86 57
87 58
88 58
89 59
90 60
91 61
92 62
93 62
94 63
95 64
96 65
97 66
98 67
99 68
100 68
101 69
102 69
103 69
104 69
105 69
106 69
107 68
108 68
109 67
110 67
111 66
112 66
113 65
114 65
115 64
116 64
117 63
118 63
119 63
120 62
121 62
122 61
123 61
124 61
125 61
126 60
127 60
128 60
129 60
130 60
131 60
132 60
133 60
134 60
135 60
136 61
137 61
138 61
139 62
140 62
141 63
142 63
143 64
144 65
145 66
146 66
147 67
148 68
149 68
150 68
151 69
152 69
153 69
154 69
155 69
156 69
157 69
158 68
159 68
160 68
161 68
162 68
163 68
164 68
165 68
166 68
167 68
168 69
169 69
170 69
171 69
172 69
173 69
174 69
175 70
176 70
177 70
178 70
179 71
180 71
181 71
182 72
183 72
184 72
185 72
186 73
187 73
188 73
189 73
190 74
191 74
192 74
193 74
194 74
195 74
196 74
197 74
198 74
199 74
200 74
201 74
202 74
203 74
204 74
205 74
206 74
207 74
208 74
209 74
210 74
211 73
212 73
213 73
214 73
215 73
216 73
217 73
218 73
219 72
220 72
221 72
222 72
223 72
224 71
225 71
226 71
227 70
228 70
229 69
230 69
231 68
232 68
233 67
234 67
235 66
236 66
237 65
238 65
239 64
240 64
241 63
242 62
243 62
244 61
245 61
246 61
247 60
248 60
249 60
250 59
251 59
252 59
253 59
254 59
255 59
256 59
257 59
258 60
259 60
260 60
261 60
262 61
263 61
264 61
265 62
266 62
267 62
268 62
269 63
270 63
271 63
272 63
273 64
274 64
275 64
276 64
277 65
278 65
279 66
280 66
