8 30
9 31
9 32
10 33
11 34
12 35
12 36
13 37
14 38
15 39
15 40
16 41
17 42
18 43
18 44
19 45
20 46
21 47
22 48
22 49
23 50
24 51
25 52
26 53
26 54
27 55
28 56
29 57
30 58
30 59
31 60
32 61
33 62
34 63
35 64
35 65
36 66
37 67
38 68
39 69
40 70
41 71
42 72
43 73
43 74
44 75
45 76
46 77
47 78
48 79
49 80
50 81
51 82
52 83
53 84
54 85
55 86
56 87
57 88
58 89
59 90
60 91
61 92
62 93
63 94
64 95
65 96
66 97
67 97
68 98
69 99
70 100
71 101
72 102
73 103
74 104
75 105
76 105
77 106
78 107
79 108
80 109
81 109
82 110
83 111
84 112
85 113
86 113
87 114
88 115
89 115
90 116
91 117
92 118
93 118
94 119
95 120
96 120
97 121
98 122
99 122
100 123
101 123
102 124
103 124
104 125
105 125
106 126
107 126
108 127
109 127
110 128
111 128
112 129
113 129
114 130
115 130
116 130
117 131
118 131
119 131
120 132
121 132
122 132
123 133
124 133
125 133
126 134
127 134
128 134
129 135
130 135
131 135
132 136
133 136
134 136
135 137
136 137
137 138
138 138
139 139
140 139
141 140
142 140
143 141
144 142
145 142
146 143
147 143
148 144
149 145
150 146
151 146
152 147
153 148
154 148
155 149
156 150
157 151
158 152
159 152
160 153
161 154
162 155
163 156
164 157
165 157
166 158
167 159
168 160
169 161
170 162
171 163
172 164
173 165
174 166
175 167
176 168
177 169
178 170
179 171
180 172
181 173
181 174
182 175
183 176
184 177
184 178
185 179
186 180
187 181
187 182
188 183
189 184
190 185
190 186
191 187
192 188
193 189
193 190
194 191
195 192
196 193
196 194
197 195
198 196
199 197
199 198
200 199
201 200
202 201
203 202
204 203
204 204
205 205
206 206
207 207
208 208
209 209
210 210
211 211
212 212
213 213
214 214
215 215
216 216
217 217
218 218
219 219
220 220
221 221
222 222
