19 4
20 4
21 5
22 5
23 6
24 6
25 7
26 8
27 8
28 9
29 9
30 10
31 11
32 11
33 12
34 13
35 13
36 14
37 15
38 16
39 16
40 17
41 18
42 19
43 20
44 21
45 22
46 23
47 24
48 25
49 26
50 27
51 28
52 29
53 30
54 31
55 32
55 33
56 34
57 35
58 36
59 37
59 38
60 39
61 40
61 41
62 42
63 43
64 44
64 45
65 46
66 47
66 48
67 49
68 50
68 51
69 52
69 53
70 54
71 55
71 56
72 57
72 58
73 59
73 60
74 61
74 62
75 63
76 64
76 65
77 66
77 67
78 68
78 69
79 70
79 71
80 72
80 73
81 74
81 75
82 76
82 77
83 78
83 79
84 80
84 81
85 82
85 83
86 84
86 85
87 86
87 87
88 88
88 89
89 90
89 91
89 92
90 93
90 94
91 95
91 96
92 97
92 98
93 99
93 100
94 101
94 102
95 103
95 104
96 105
96 106
97 107
97 108
98 109
99 110
99 111
100 112
100 113
101 114
101 115
102 116
102 117
103 118
104 119
104 120
105 121
106 122
106 123
107 124
108 125
108 126
109 127
110 128
111 129
111 130
112 131
113 132
114 133
115 134
116 135
116 136
117 137
118 138
119 139
120 139
121 140
122 141
123 142
124 142
125 143
126 143
127 144
128 144
129 144
130 143
131 143
132 142
133 142
134 141
134 140
135 139
136 138
137 137
138 136
138 135
139 134
140 133
140 132
141 131
142 130
142 129
143 128
143 127
144 126
145 125
146 124
146 123
147 122
148 121
149 120
150 119
151 118
152 118
153 117
154 117
155 117
156 117
157 117
158 117
159 117
160 117
161 117
162 118
163 118
164 118
165 118
166 119
167 119
168 119
169 120
170 120
171 120
172 120
173 120
174 120
175 120
176 120
177 120
178 120
179 120
180 120
181 120
182 120
183 120
184 120
185 119
186 119
187 119
188 119
189 119
190 118
191 118
192 118
193 118
194 117
195 117
196 117
197 117
198 116
199 116
200 116
201 116
202 115
203 115
204 115
205 115
206 115
207 115
208 114
209 114
210 114
211 114
212 114
213 114
214 114
215 114
216 114
217 115
218 115
219 115
220 115
221 116
222 116
223 116
224 117
225 117
226 118
227 118
228 119
229 120
230 120
231 121
232 122
233 123
234 124
235 124
236 125
237 126
238 127
239 128
240 129
241 130
241 131
242 132
243 133
244 134
245 135
246 136
247 137
247 138
248 139
249 140
250 141
251 142
251 143
252 144
253 145
254 146
255 147
255 148
256 149
257 150
258 151
259 152
259 153
260 154
261 155
262 156
263 157
264 158
265 159
266 160
267 161
268 162
269 163
270 164
271 165
272 165
273 166
274 166
275 167
276 167
277 167
278 168
279 168
280 168
281 168
282 167
283 167
284 167
285 166
286 166
287 165
288 165
289 164
290 164
291 163
292 162
293 161
294 161
295 160
296 159
297 158
298 157
299 156
300 156
301 155
302 154
303 153
304 152
305 151
306 150
307 150
308 149
309 148
310 147
311 146
312 145
313 145
314 144
315 143
316 142
317 142
318 141
319 140
320 139
321 139
322 138
323 137
324 137
325 136
326 135
327 135
328 134
329 134
330 133
331 132
332 132
333 131
334 131
335 130
336 130
337 129
338 129
339 128
340 128
341 127
342 127
343 126
344 126
345 126
346 125
347 125
348 124
349 124
350 123
351 123
