5 34
5 33
6 32
7 32
8 31
9 30
10 29
11 29
12 28
13 28
14 28
15 28
16 28
17 28
18 29
19 29
20 29
21 30
22 30
23 30
24 31
25 31
26 31
27 32
28 32
29 32
30 33
31 33
32 33
33 33
34 34
35 34
36 34
37 34
38 34
39 35
40 35
41 35
42 35
43 36
44 36
45 36
46 37
47 37
48 37
49 38
50 38
51 39
52 39
53 40
54 40
55 41
56 42
57 42
58 43
59 44
60 45
61 45
62 46
63 47
64 48
65 49
66 50
67 50
68 51
69 52
70 53
71 54
72 55
73 55
74 56
75 57
76 58
77 58
78 59
79 59
80 60
81 60
82 61
83 61
84 61
85 61
86 61
87 61
88 61
89 60
90 60
91 60
92 59
93 59
94 59
95 58
96 58
97 57
98 57
99 56
100 56
101 55
102 55
103 55
104 55
105 54
106 54
107 54
108 54
109 54
110 53
111 53
112 53
113 53
114 52
115 52
116 52
117 51
118 51
119 51
120 51
121 51
122 51
123 50
124 50
125 50
126 50
127 50
128 50
129 51
130 51
131 51
132 51
133 51
134 52
135 52
136 52
137 53
138 53
139 54
140 54
141 55
142 55
143 56
144 56
145 57
146 57
147 58
148 59
149 59
150 60
151 61
152 61
153 62
154 63
155 64
156 64
157 65
158 65
159 66
160 67
161 67
162 68
163 68
164 69
165 69
166 69
167 69
168 69
169 69
170 69
171 68
172 67
173 67
174 66
175 65
176 64
177 64
178 63
179 63
180 62
181 62
182 62
183 62
184 62
185 62
186 62
187 62
188 62
189 63
190 63
191 63
192 63
193 63
194 64
195 64
196 64
197 65
198 65
199 66
200 66
201 67
202 67
203 68
204 68
205 69
206 69
207 70
