6 35
7 36
7 37
8 38
9 39
9 40
10 41
10 42
11 43
12 44
12 45
13 46
13 47
14 48
15 49
15 50
16 51
17 52
17 53
18 54
19 55
19 56
20 57
21 58
22 59
23 60
23 61
24 62
25 63
26 63
27 64
28 65
29 65
30 66
31 66
32 66
33 66
34 66
35 66
36 66
37 65
38 65
39 65
40 64
41 64
42 64
43 64
44 64
45 64
46 64
47 64
48 64
49 64
50 64
51 64
52 65
53 65
54 66
55 66
56 67
57 68
58 69
59 70
60 71
61 72
62 73
63 74
64 75
65 76
66 77
67 78
68 79
69 80
70 81
71 82
72 83
73 83
74 84
75 85
76 86
77 87
78 87
79 88
80 88
81 89
82 89
83 89
84 89
85 89
86 89
87 88
88 88
89 87
90 86
91 85
92 84
93 83
94 82
95 81
95 80
96 79
97 78
97 77
98 76
99 75
100 74
101 73
102 72
103 71
104 70
105 69
106 69
107 69
108 68
109 68
110 68
111 68
112 68
113 68
114 68
115 68
116 69
117 69
118 69
119 69
120 69
121 69
122 69
123 69
124 69
125 69
126 69
127 69
128 70
129 70
130 70
131 70
132 70
133 69
134 69
135 69
136 69
137 69
138 69
139 69
140 69
141 69
142 68
143 68
144 68
145 68
146 67
147 67
148 67
149 66
150 66
151 65
152 64
153 64
154 63
155 62
156 62
157 61
158 60
159 59
160 58
161 57
162 57
