8 50
9 51
9 52
9 53
10 54
10 55
11 56
11 57
12 58
12 59
12 60
13 61
13 62
14 63
14 64
15 65
15 66
16 67
16 68
16 69
17 70
17 71
18 72
18 73
19 74
19 75
20 76
20 77
21 78
21 79
22 80
22 81
23 82
23 83
24 84
24 85
25 86
25 87
26 88
26 89
27 90
27 91
28 92
28 93
29 94
29 95
30 96
30 97
31 98
32 99
32 100
33 101
33 102
34 103
34 104
35 105
36 106
36 107
37 108
38 109
39 110
39 111
40 112
41 113
42 114
43 115
44 115
45 116
46 116
47 117
48 117
49 117
50 116
51 116
52 116
53 115
54 115
55 115
56 114
57 114
58 114
59 114
60 114
61 114
62 114
63 114
64 114
65 114
66 114
67 114
68 114
69 114
70 115
71 115
72 115
73 115
74 115
75 115
76 115
77 115
78 115
79 115
80 115
81 115
82 115
83 115
84 115
85 115
86 115
87 115
88 115
89 115
90 115
91 115
92 115
93 115
94 115
95 115
96 115
97 115
98 115
99 115
100 115
101 116
102 116
103 116
104 116
105 117
106 117
107 117
108 117
109 118
110 118
111 119
112 119
113 119
114 120
115 120
116 121
117 121
118 122
119 122
120 123
121 123
122 124
123 124
124 125
125 125
126 125
127 126
128 126
129 126
130 126
131 126
132 126
133 126
134 126
135 126
136 126
137 126
138 125
139 125
140 125
141 124
142 123
143 123
144 122
145 122
146 121
147 120
148 119
149 118
150 117
151 117
152 116
153 115
154 114
155 113
156 112
157 111
158 110
159 109
160 108
161 107
162 106
163 105
164 104
165 103
166 102
167 101
168 100
169 100
170 99
171 98
172 97
173 97
174 96
175 95
176 95
177 94
178 94
179 94
180 93
181 93
182 93
183 92
184 92
185 92
186 92
187 92
188 92
189 92
190 92
191 92
192 92
193 93
194 93
195 93
196 93
197 93
198 94
199 94
200 94
201 95
202 95
203 95
204 96
205 96
206 96
207 97
208 97
209 98
210 98
211 99
212 99
213 99
214 100
215 100
216 101
217 101
218 102
219 102
220 103
221 103
222 104
223 104
224 105
225 105
226 106
227 106
228 107
229 107
230 108
231 108
232 109
233 109
234 110
235 110
236 111
237 111
238 112
239 112
240 113
241 113
242 114
243 114
244 115
245 116
246 116
247 117
248 117
249 118
250 118
251 119
252 119
253 120
254 120
255 121
256 121
257 122
258 122
259 122
260 123
261 123
262 124
263 124
264 124
265 125
266 125
267 125
268 126
269 126
270 126
271 126
272 127
273 127
274 127
275 127
276 128
277 128
278 128
279 128
280 128
281 129
282 129
283 129
284 129
285 130
286 130
287 130
288 130
289 131
290 131
291 131
292 132
293 132
294 132
295 133
296 133
297 133
298 134
299 134
300 134
301 135
302 135
303 135
304 136
305 136
306 136
307 137
308 137
309 137
310 138
311 138
312 138
313 139
314 139
315 139
316 140
317 140
318 140
319 141
320 141
321 141
322 141
323 142
324 142
325 142
326 142
327 143
328 143
329 143
330 143
331 143
332 144
333 144
334 144
335 144
336 144
337 145
338 145
339 145
340 145
341 145
342 145
343 146
344 146
345 146
346 146
347 146
