18 4
19 5
19 6
20 7
20 8
21 9
21 10
22 11
22 12
23 13
24 14
24 15
25 16
25 17
26 18
26 19
27 20
28 21
28 22
29 23
29 24
30 25
30 26
31 27
31 28
32 29
33 30
33 31
34 32
34 33
35 34
35 35
36 36
36 37
37 38
38 39
38 40
39 41
39 42
40 43
40 44
41 45
41 46
42 47
43 48
43 49
44 50
44 51
45 52
45 53
46 54
46 55
47 56
47 57
48 58
48 59
49 60
50 61
50 62
51 63
51 64
52 65
52 66
53 67
53 68
54 69
54 70
55 71
55 72
56 73
56 74
57 75
57 76
58 77
59 78
59 79
60 80
60 81
61 82
61 83
62 84
62 85
63 86
63 87
64 88
64 89
65 90
65 91
66 92
66 93
67 94
68 95
68 96
69 97
69 98
70 99
70 100
71 101
71 102
72 103
73 104
73 105
74 106
74 107
75 108
76 109
76 110
77 111
78 112
78 113
79 114
80 115
80 116
81 117
82 118
82 119
83 120
84 121
85 122
85 123
86 124
87 125
88 126
88 127
89 128
90 129
91 130
92 131
93 132
94 133
94 134
95 135
96 136
97 137
98 138
99 139
100 139
101 140
102 141
103 142
104 143
105 144
106 144
107 145
108 146
109 146
110 147
111 148
112 148
113 149
114 149
115 150
116 150
117 151
118 151
119 151
120 152
121 152
122 152
123 153
124 153
125 153
126 153
127 153
128 153
129 154
130 154
131 154
132 154
133 154
134 154
135 154
136 153
137 153
138 153
139 153
140 153
141 152
142 152
143 152
144 151
145 151
146 150
147 150
148 149
149 148
150 148
151 147
152 146
153 145
154 144
155 143
156 142
157 141
158 140
159 139
160 138
161 137
161 136
162 135
163 134
163 133
164 132
165 131
166 130
166 129
167 128
167 127
168 126
169 125
169 124
170 123
170 122
171 121
172 120
172 119
173 118
173 117
174 116
174 115
175 114
176 113
176 112
177 111
177 110
178 109
178 108
179 107
180 106
180 105
181 104
181 103
182 102
182 101
183 100
184 99
184 98
185 97
186 96
186 95
187 94
188 93
188 92
189 91
190 90
191 89
192 88
193 87
194 86
195 86
196 85
197 84
198 84
199 83
200 83
201 83
202 82
203 82
204 82
205 82
206 82
207 82
208 82
209 82
210 82
211 82
212 82
213 82
214 82
215 82
216 82
217 82
218 82
219 82
220 82
221 83
222 83
223 83
224 83
225 83
226 83
227 83
228 84
229 84
230 84
231 84
232 84
233 84
234 84
235 84
236 85
237 85
238 85
239 85
240 85
241 85
242 85
243 85
244 85
245 86
246 86
247 86
248 86
249 86
250 86
251 86
252 86
253 86
254 86
255 87
256 87
257 87
258 87
259 87
260 87
261 87
262 87
263 87
264 87
265 87
266 87
267 87
268 87
269 87
270 87
271 88
272 88
273 88
274 88
275 88
276 88
277 88
278 88
279 88
280 88
281 88
282 88
283 88
284 89
285 89
286 89
287 89
288 89
289 89
290 89
291 89
292 90
293 90
294 90
295 90
296 90
297 90
298 91
299 91
300 91
301 91
302 91
303 91
304 92
305 92
306 92
307 92
308 92
309 93
310 93
311 93
312 93
313 93
314 93
315 94
316 94
317 94
318 94
319 95
320 95
321 95
322 95
323 96
324 96
325 96
326 96
327 97
328 97
329 97
330 98
331 98
332 99
333 99
334 100
335 100
336 101
337 101
338 102
339 102
340 103
341 104
342 105
343 105
344 106
345 107
346 108
347 109
348 110
349 111
350 112
351 113
352 114
352 115
353 116
354 117
355 118
356 119
356 120
357 121
358 122
358 123
359 124
360 125
360 126
361 127
362 128
362 129
363 130
364 131
364 132
365 133
366 134
366 135
367 136
367 137
368 138
369 139
369 140
370 141
370 142
371 143
372 144
372 145
373 146
374 147
374 148
375 149
376 150
376 151
377 152
378 153
378 154
379 155
380 156
381 157
381 158
382 159
383 160
384 161
385 162
386 163
387 163
388 164
389 165
390 165
391 165
392 166
393 166
394 166
395 166
396 166
397 166
398 166
399 165
400 165
401 165
402 164
403 164
404 163
405 163
406 162
407 161
408 161
409 160
410 159
411 158
412 157
413 157
414 156
415 155
416 154
417 153
418 152
419 152
420 151
421 150
422 150
423 149
424 149
425 148
426 148
427 147
428 147
429 147
430 146
431 146
432 146
433 146
434 146
435 146
436 146
437 146
438 146
439 147
440 147
441 147
442 147
443 147
444 147
445 148
446 148
447 148
448 148
449 149
450 149
451 149
452 150
453 150
454 150
455 150
456 151
457 151
458 151
459 151
460 152
461 152
462 152
463 152
464 153
465 153
466 153
467 153
468 153
469 153
470 154
471 154
472 154
473 154
474 154
475 154
476 154
477 154
478 154
479 154
480 154
481 154
482 154
483 154
484 154
485 154
486 154
487 154
488 154
489 154
490 154
491 154
492 153
493 153
494 153
495 153
496 152
497 152
498 152
499 151
500 151
501 151
502 150
503 150
504 150
505 150
506 149
507 149
508 149
509 148
510 148
511 148
512 148
513 148
514 147
515 147
516 147
517 147
518 147
519 147
520 147
521 147
522 147
523 147
524 148
525 148
526 148
527 148
528 148
529 148
530 149
531 149
532 149
533 149
534 150
535 150
536 150
537 150
538 151
539 151
540 151
541 152
542 152
543 152
544 152
545 153
546 153
547 153
548 153
549 154
550 154
551 154
552 154
553 154
554 154
555 155
556 155
557 155
558 155
559 155
560 155
561 155
562 155
563 155
564 155
565 155
566 156
567 156
568 156
569 156
570 156
571 156
572 156
573 156
574 156
575 157
576 157
577 157
578 157
579 157
580 158
581 158
582 158
583 159
584 159
585 159
586 160
587 160
588 160
589 161
590 161
591 161
592 161
593 161
594 162
595 162
596 162
597 162
598 162
599 162
600 162
601 162
602 162
603 161
604 161
605 161
606 161
607 161
608 161
609 161
610 161
611 161
612 161
613 161
614 160
615 160
616 160
617 160
618 160
619 160
620 160
621 160
622 160
623 160
624 160
625 160
626 159
627 159
628 159
629 159
630 159
631 159
632 159
633 159
634 159
635 159
636 159
637 158
638 158
639 158
640 158
641 158
642 158
643 158
644 158
645 157
646 157
647 157
648 157
649 157
650 157
651 157
652 156
653 156
654 156
655 156
656 156
657 156
658 156
659 155
660 155
661 155
662 155
663 155
664 154
665 154
666 154
667 154
668 154
669 154
670 153
671 153
672 153
673 153
674 152
675 152
676 152
677 152
678 152
679 151
680 151
681 151
682 151
683 150
684 150
685 150
686 149
687 149
688 149
689 148
690 148
691 148
692 147
693 147
694 147
695 146
696 146
697 145
698 145
699 145
700 144
701 144
702 143
703 143
704 142
705 142
706 141
707 141
708 140
709 140
710 139
711 138
712 138
713 137
714 137
715 136
716 136
717 135
718 134
719 134
720 133
721 132
722 132
723 131
724 130
725 130
726 129
727 129
728 128
729 127
730 127
731 126
732 125
733 125
