13 70
14 70
15 70
16 70
17 70
18 70
19 70
20 70
21 70
22 70
23 70
24 70
25 70
26 70
27 71
28 71
29 71
30 71
31 71
32 72
33 72
34 72
35 73
36 73
37 74
38 74
39 75
40 76
41 76
42 77
43 78
44 78
45 79
46 80
47 81
48 81
49 82
50 83
51 84
52 85
53 85
54 86
55 87
56 88
57 89
58 89
59 90
60 91
61 91
62 92
63 93
64 93
65 94
66 94
67 95
68 96
69 96
70 97
71 97
72 98
73 98
74 99
75 99
76 100
77 100
78 101
79 101
80 102
81 102
82 103
83 103
84 104
85 104
86 104
87 105
88 105
89 106
90 106
91 107
92 107
93 107
94 108
95 108
96 109
97 109
98 109
99 110
100 110
101 111
102 111
103 111
104 112
105 112
106 113
107 113
108 113
109 114
110 114
111 115
112 115
113 115
114 116
115 116
116 117
117 117
118 117
119 118
120 118
121 119
122 119
123 120
124 120
125 121
126 121
127 122
128 122
129 123
130 123
131 124
132 124
133 125
134 126
135 126
136 127
137 128
138 129
139 129
140 130
141 131
142 132
143 133
144 134
145 134
146 135
147 136
148 137
149 138
150 139
151 140
152 141
153 142
154 143
155 144
156 145
157 146
158 147
159 148
160 149
161 150
162 151
163 152
164 153
165 154
166 155
167 156
168 157
169 158
170 159
171 160
172 160
173 161
174 162
175 162
176 163
177 163
178 164
179 164
180 164
181 165
182 165
183 165
184 165
185 165
186 165
187 165
188 164
189 164
190 164
191 163
192 163
193 163
194 162
195 162
196 161
197 161
198 160
199 160
200 159
201 158
202 158
203 157
204 157
205 156
206 155
207 155
208 154
209 154
210 153
211 152
212 152
213 151
214 151
215 150
216 149
217 149
218 148
219 148
220 147
221 147
222 146
223 145
224 145
225 144
226 144
227 144
228 143
229 143
230 142
231 142
232 141
233 141
234 141
235 140
236 140
237 140
238 140
239 139
240 139
241 139
242 139
243 138
244 138
245 138
246 138
247 138
248 138
249 138
250 138
251 137
252 137
253 137
254 137
255 137
256 137
257 137
258 137
259 137
260 137
261 137
262 138
263 138
264 138
265 138
266 138
267 138
268 138
269 138
270 139
271 139
272 139
273 139
274 139
275 140
276 140
277 140
278 140
279 141
280 141
281 141
282 142
283 142
284 142
285 143
286 143
287 143
288 144
289 144
290 144
291 145
292 145
293 145
294 146
295 146
296 146
297 147
298 147
299 147
300 148
301 148
302 148
303 149
304 149
305 149
306 150
307 150
308 150
309 150
310 151
311 151
312 151
313 151
314 151
315 152
316 152
317 152
318 152
319 152
320 152
321 152
322 152
323 152
324 152
325 152
326 152
327 152
328 152
329 152
330 152
331 151
332 151
333 151
334 151
335 150
336 150
337 150
338 149
339 149
340 148
341 148
342 148
343 147
344 146
345 146
346 145
347 145
348 144
349 143
350 142
351 142
352 141
353 140
354 139
355 139
356 138
357 137
358 136
359 135
360 134
361 133
362 132
363 131
364 130
365 129
366 128
367 127
368 126
369 125
370 124
371 123
372 122
373 121
374 120
375 119
375 118
376 117
377 116
378 115
379 114
380 113
381 112
382 111
383 110
384 109
385 109
386 108
387 107
388 106
389 105
390 104
391 103
392 103
393 102
394 101
395 101
396 100
397 99
398 99
399 98
400 97
401 97
402 96
403 96
404 95
405 95
406 94
407 94
408 94
409 93
410 93
411 93
412 92
413 92
414 92
415 91
416 91
417 91
418 91
419 90
420 90
421 90
422 90
423 90
424 89
425 89
426 89
427 89
428 89
429 89
430 88
431 88
432 88
433 88
434 88
435 88
436 88
437 87
438 87
439 87
440 87
441 87
442 87
443 87
444 87
445 87
446 87
447 87
448 86
449 86
450 86
451 86
452 86
453 86
454 86
455 86
456 86
457 86
458 86
459 86
460 86
461 86
462 86
463 86
464 86
465 86
466 86
467 86
468 86
469 86
470 86
471 86
472 86
473 86
474 86
475 86
476 86
477 86
478 86
479 86
480 86
481 86
482 86
483 86
484 86
485 86
486 86
487 85
488 85
489 85
490 85
491 85
492 85
493 85
494 84
495 84
496 84
497 83
498 83
499 82
500 82
501 82
502 81
503 81
504 80
505 80
506 79
507 78
508 78
509 77
510 77
511 76
512 76
513 75
514 75
515 75
516 74
517 74
518 74
519 74
520 74
521 74
522 74
523 74
524 74
525 75
526 75
527 76
528 77
529 78
530 79
531 80
532 81
532 82
533 83
534 84
534 85
535 86
536 87
536 88
537 89
537 90
538 91
538 92
539 93
539 94
540 95
541 96
541 97
541 98
