17 56
18 57
19 58
20 59
20 60
21 61
22 62
22 63
23 64
24 65
24 66
25 67
26 68
26 69
27 70
28 71
28 72
29 73
30 74
30 75
31 76
32 77
32 78
33 79
33 80
34 81
35 82
35 83
36 84
37 85
37 86
38 87
39 88
39 89
40 90
41 91
42 92
42 93
43 94
44 95
45 96
45 97
46 98
47 99
48 100
49 101
50 102
51 103
52 104
53 105
54 106
55 107
56 108
57 109
58 110
59 110
60 111
61 112
62 112
63 113
64 114
65 114
66 115
67 115
68 116
69 116
70 116
71 116
72 117
73 117
74 117
75 117
76 117
77 117
78 117
79 117
80 117
81 117
82 116
83 116
84 116
85 116
86 116
87 115
88 115
89 115
90 115
91 114
92 114
93 114
94 114
95 113
96 113
97 113
98 112
99 112
100 111
101 111
102 110
103 110
104 109
105 109
106 108
107 108
108 107
109 106
110 106
111 105
112 105
113 104
114 104
115 103
116 103
117 102
118 102
119 102
120 101
121 101
122 101
123 101
124 101
125 101
126 101
127 101
128 101
129 101
130 101
131 102
132 102
133 102
134 102
135 102
136 103
137 103
138 103
139 104
140 104
141 104
142 105
143 105
144 105
145 106
146 106
147 106
148 107
149 107
150 107
151 108
152 108
153 108
154 109
155 109
156 109
157 110
158 110
159 110
160 110
161 110
162 111
163 111
164 111
165 111
166 111
167 111
168 111
169 111
170 110
171 110
172 110
173 109
174 109
175 109
176 108
177 108
178 107
179 107
180 107
181 107
182 107
183 107
184 107
185 107
186 107
187 108
188 108
189 109
190 110
191 111
192 112
193 113
194 114
195 115
195 116
196 117
197 118
198 119
199 120
199 121
200 122
201 123
202 124
203 125
204 126
205 127
206 128
207 129
208 130
209 131
210 132
211 132
212 133
213 133
214 134
215 134
216 134
217 134
218 133
219 133
220 133
221 132
222 132
223 132
224 132
225 131
226 131
227 131
228 131
229 131
230 131
231 131
232 131
233 131
234 131
235 131
236 131
237 131
238 131
239 131
240 131
241 131
242 131
243 131
244 131
245 130
246 130
247 130
248 130
249 129
250 129
251 129
252 128
253 128
254 127
255 127
256 127
257 126
258 126
259 125
260 125
261 124
262 124
263 123
264 122
265 122
266 121
267 120
268 120
269 119
270 118
271 118
272 117
273 116
274 115
275 114
276 114
277 113
278 112
279 111
280 111
281 110
282 109
283 108
284 107
285 107
286 106
287 105
288 104
289 104
290 103
291 102
292 101
293 101
294 100
295 100
296 99
297 99
298 98
299 98
300 97
301 97
302 97
303 97
304 96
305 96
306 96
307 96
308 97
309 97
310 97
311 97
312 98
313 98
314 99
315 99
316 100
317 100
318 101
319 102
320 103
321 103
322 104
323 105
324 105
325 106
326 107
327 107
328 108
329 108
330 108
331 108
332 107
333 107
334 106
335 105
336 104
337 103
337 102
338 101
339 100
340 99
340 98
341 97
342 96
343 95
344 94
345 93
346 92
347 91
348 90
349 89
350 89
351 88
352 88
353 87
354 87
355 87
356 87
357 87
358 87
359 87
360 87
361 87
362 88
363 88
364 89
365 90
366 91
366 92
367 93
368 94
369 95
369 96
370 97
370 98
371 99
372 100
372 101
373 102
