11 9
12 10
13 10
14 11
15 11
16 11
17 12
18 12
19 13
20 13
21 14
22 15
23 15
24 16
25 16
26 17
27 18
28 18
29 19
30 19
31 20
32 20
33 20
34 21
35 21
36 21
37 22
38 22
39 22
40 23
41 23
42 24
43 24
44 25
45 25
46 26
47 26
48 27
49 28
50 29
51 30
52 30
53 31
54 32
55 33
56 34
57 35
58 36
58 37
59 38
60 39
61 40
62 41
63 42
64 43
65 44
65 45
66 46
67 47
68 48
69 49
70 50
71 51
71 52
72 53
73 54
74 55
75 56
76 57
76 58
77 59
78 60
79 61
80 62
81 63
81 64
82 65
83 66
84 67
85 68
86 69
87 70
88 71
89 72
90 73
91 74
92 75
93 76
94 77
95 78
96 79
97 80
98 81
99 82
100 82
101 83
102 84
103 84
104 85
105 86
106 86
107 87
108 87
109 88
110 88
111 89
112 89
113 90
114 90
115 90
116 91
117 91
118 91
119 91
120 91
121 90
122 90
123 89
124 89
125 88
126 87
127 86
128 85
129 84
130 83
130 82
131 81
132 80
133 79
133 78
134 77
135 76
135 75
136 74
137 73
138 72
139 71
140 70
141 69
142 68
143 67
144 67
145 66
146 65
147 65
148 64
149 64
