12 21
13 21
14 22
15 23
16 24
16 25
17 26
18 27
19 28
20 29
21 30
22 31
23 32
24 33
25 34
25 35
26 36
27 37
28 38
29 39
30 40
31 41
32 42
33 43
34 44
35 45
36 46
37 47
38 48
39 49
40 50
41 51
42 51
43 52
44 53
45 54
46 55
47 56
48 57
49 57
50 58
51 59
52 60
53 61
54 62
55 62
56 63
57 64
58 65
59 66
60 67
61 67
62 68
63 69
64 70
65 71
66 72
67 73
68 74
69 75
70 76
71 77
72 78
73 79
74 80
75 81
76 82
77 83
78 84
79 85
80 86
80 87
81 88
82 89
83 90
84 91
84 92
85 93
86 94
86 95
87 96
88 97
88 98
89 99
90 100
90 101
91 102
92 103
92 104
93 105
93 106
94 107
95 108
95 109
96 110
96 111
97 112
98 113
98 114
99 115
100 116
100 117
101 118
101 119
102 120
103 121
103 122
104 123
105 124
106 125
106 126
107 127
108 128
109 129
110 130
111 131
112 132
113 133
114 134
115 135
116 136
117 137
118 137
119 138
120 139
121 139
122 140
123 140
124 141
125 141
126 142
127 142
128 143
129 143
130 143
131 144
132 144
133 144
134 144
135 145
136 145
137 145
138 145
139 145
140 145
141 145
142 145
143 145
144 146
145 146
146 146
147 146
148 145
149 145
150 145
151 145
152 145
153 145
154 145
155 145
156 145
157 145
158 145
159 144
160 144
161 144
162 144
163 144
164 143
165 143
166 143
167 143
168 142
169 142
170 142
171 141
172 141
173 141
174 140
175 140
176 140
177 139
178 139
179 138
180 138
181 137
182 137
183 136
184 136
185 135
186 135
187 134
188 134
189 133
190 133
191 132
192 132
193 131
194 131
195 130
196 130
197 129
198 129
199 128
200 128
201 127
202 127
203 127
204 126
205 126
206 125
207 125
208 124
209 124
210 124
211 123
212 123
213 123
214 122
215 122
216 122
217 122
218 121
219 121
220 121
221 121
222 120
223 120
224 120
225 120
226 120
227 120
228 120
229 119
230 119
231 119
232 119
233 119
234 119
235 119
236 119
237 119
238 119
239 119
240 119
241 119
242 119
243 119
244 120
245 120
246 120
247 120
248 120
249 120
250 121
251 121
252 121
253 121
254 122
255 122
256 122
257 123
258 123
259 123
260 124
261 124
262 124
263 125
264 125
265 126
266 126
267 127
268 127
269 128
270 128
271 129
272 129
273 130
274 130
275 131
276 131
277 132
278 132
279 133
280 133
281 134
282 134
283 135
284 135
285 136
286 136
287 137
288 137
289 138
290 138
291 139
292 139
293 140
294 140
295 141
296 141
297 141
298 142
299 142
300 142
301 143
302 143
303 143
304 143
305 143
306 143
307 143
308 143
309 143
310 142
311 142
312 142
313 142
314 141
315 141
316 140
317 140
318 139
319 139
320 139
321 138
