10 49
11 50
12 51
12 52
13 53
13 54
14 55
15 56
15 57
16 58
17 59
17 60
18 61
19 62
19 63
20 64
21 65
21 66
22 67
23 68
23 69
24 70
25 71
25 72
26 73
27 74
27 75
28 76
29 77
30 78
31 79
31 80
32 81
33 82
34 83
35 84
36 85
37 86
38 87
39 88
40 89
41 90
42 91
43 91
44 92
45 93
46 94
47 94
48 95
49 96
50 96
51 97
52 97
53 98
54 98
55 99
56 99
57 100
58 100
59 101
60 101
61 102
62 102
63 103
64 103
65 103
66 104
67 104
68 105
69 105
70 105
71 106
72 106
73 107
74 107
75 108
76 108
77 109
78 110
79 110
80 111
81 111
82 112
83 113
84 113
85 114
86 114
87 115
88 115
89 116
90 116
91 117
92 117
93 117
94 118
95 118
96 118
97 118
98 118
99 119
100 119
101 119
102 119
103 119
104 119
105 119
106 119
107 118
108 118
109 118
110 118
111 118
112 117
113 117
114 117
115 116
116 116
117 116
118 115
119 115
120 115
121 114
122 114
123 114
124 113
125 113
126 112
127 112
128 112
129 111
130 111
131 110
132 110
133 110
134 109
135 109
136 109
137 108
138 108
139 108
140 107
141 107
142 106
143 106
144 105
145 105
146 104
147 104
148 103
149 103
150 102
151 101
152 101
153 100
154 99
155 98
156 97
157 96
158 95
159 94
160 94
161 93
162 92
163 91
164 90
165 89
