10 39
11 40
11 41
12 42
13 43
13 44
14 45
14 46
15 47
16 48
16 49
17 50
18 51
18 52
19 53
20 54
20 55
21 56
22 57
22 58
23 59
24 60
25 61
25 62
26 63
27 64
28 65
28 66
29 67
30 68
31 69
32 70
33 71
34 72
35 73
36 74
37 75
38 76
39 77
40 77
41 78
42 79
43 80
44 80
45 81
46 82
47 82
48 83
49 83
50 84
51 84
52 85
53 85
54 86
55 86
56 87
57 87
58 87
59 88
60 88
61 88
62 88
63 89
64 89
65 89
66 89
67 90
68 90
69 90
70 90
71 90
72 90
73 90
74 91
75 91
76 91
77 91
78 91
79 91
80 91
81 91
82 91
83 91
84 91
85 91
86 91
87 91
88 90
89 90
90 90
91 90
92 90
93 90
94 90
95 90
96 90
97 90
98 90
99 90
100 90
101 90
102 90
103 90
104 90
105 90
106 90
107 90
108 90
109 90
110 90
111 90
112 90
113 90
114 90
115 90
116 90
117 90
118 90
119 90
120 91
121 91
122 91
123 91
124 91
125 92
126 92
127 92
128 93
129 93
130 93
131 94
132 94
133 94
134 95
135 95
136 96
137 96
138 97
139 98
140 98
141 99
142 100
143 100
144 101
145 102
146 103
147 104
148 105
149 106
150 107
151 108
152 109
153 110
154 111
155 112
155 113
156 114
157 115
158 116
158 117
159 118
160 119
160 120
161 121
162 122
162 123
163 124
164 125
164 126
165 127
166 128
166 129
167 130
168 131
168 132
169 133
169 134
170 135
171 136
171 137
172 138
173 139
173 140
174 141
175 142
175 143
176 144
176 145
177 146
178 147
179 148
179 149
180 150
181 151
181 152
182 153
183 154
183 155
184 156
185 157
186 158
186 159
187 160
188 161
189 162
190 163
190 164
191 165
192 166
193 167
194 168
195 169
196 170
197 171
198 172
199 173
200 174
201 174
202 175
203 176
204 177
205 177
206 178
207 178
208 179
209 179
210 180
211 180
212 180
213 181
214 181
215 181
216 181
217 181
218 182
219 182
220 182
221 182
222 181
223 181
224 181
225 181
226 181
227 180
228 180
229 180
230 179
231 179
232 179
233 178
234 178
235 177
236 177
237 176
238 176
239 175
240 175
241 174
242 173
243 173
244 172
245 171
246 171
247 170
248 169
249 169
250 168
251 167
252 166
253 166
254 165
255 164
256 163
257 163
258 162
259 161
260 160
261 159
262 158
263 157
264 157
265 156
266 155
267 154
268 153
269 152
270 151
271 150
272 149
273 149
274 148
275 147
276 146
277 145
278 144
279 143
280 143
281 142
282 141
283 140
284 139
285 139
286 138
287 137
288 137
289 136
290 135
291 135
292 134
293 134
294 133
295 132
296 132
297 131
298 131
299 130
300 130
301 130
302 129
303 129
304 128
305 128
306 127
307 127
308 126
309 126
310 125
311 125
312 125
313 124
314 124
315 123
316 123
317 122
318 122
319 121
320 121
321 120
322 120
323 119
324 119
325 118
326 118
327 117
328 116
329 116
330 115
331 115
332 114
333 114
334 113
335 112
336 112
337 111
338 111
339 110
340 110
341 109
342 108
343 108
344 107
345 107
346 106
347 106
348 105
349 105
350 104
351 103
352 103
353 102
354 102
355 102
356 101
357 101
358 100
359 100
360 99
361 99
362 98
363 98
364 98
365 97
366 97
367 96
368 96
369 96
370 95
371 95
372 95
373 95
374 94
375 94
376 94
377 94
378 93
379 93
380 93
381 93
382 93
383 93
384 92
385 92
386 92
387 92
388 92
389 92
390 92
391 92
392 92
393 92
394 92
395 92
396 92
397 93
398 93
399 93
400 93
401 93
402 94
403 94
404 94
405 95
406 95
407 95
408 96
409 96
410 97
411 97
412 98
413 98
414 99
415 99
416 100
417 100
