22 8
22 9
22 10
22 11
23 12
23 13
23 14
23 15
23 16
24 17
24 18
24 19
24 20
24 21
25 22
25 23
25 24
25 25
25 26
26 27
26 28
26 29
26 30
26 31
27 32
27 33
27 34
27 35
27 36
28 37
28 38
28 39
28 40
29 41
29 42
29 43
29 44
29 45
30 46
30 47
30 48
30 49
30 50
31 51
31 52
31 53
31 54
32 55
32 56
32 57
32 58
33 59
33 60
33 61
33 62
33 63
34 64
34 65
34 66
35 67
35 68
35 69
35 70
36 71
36 72
36 73
36 74
37 75
37 76
37 77
37 78
38 79
38 80
38 81
39 82
39 83
39 84
40 85
40 86
40 87
41 88
41 89
41 90
42 91
42 92
43 93
43 94
43 95
44 96
44 97
45 98
45 99
46 100
47 101
47 102
48 103
48 104
49 105
50 106
50 107
51 108
51 109
52 110
53 111
53 112
54 113
54 114
55 115
56 116
56 117
57 118
57 119
58 120
58 121
59 122
59 123
60 124
60 125
61 126
61 127
62 128
63 129
63 130
64 131
64 132
65 133
65 134
66 135
66 136
67 137
67 138
68 139
69 140
69 141
70 142
70 143
71 144
72 145
72 146
73 147
73 148
74 149
75 150
76 151
76 152
77 153
78 154
78 155
79 156
80 157
81 158
81 159
82 160
83 161
84 162
85 163
86 164
87 165
88 166
89 167
90 168
91 169
92 169
93 170
94 171
95 171
96 172
97 172
98 172
99 173
100 173
101 173
102 173
103 173
104 172
105 172
106 172
107 171
108 171
109 170
110 169
111 168
112 168
113 167
114 166
115 165
116 164
117 163
117 162
118 161
119 160
120 159
121 158
122 157
122 156
123 155
124 154
124 153
125 152
126 151
126 150
127 149
128 148
128 147
129 146
130 145
130 144
131 143
131 142
132 141
132 140
133 139
134 138
134 137
135 136
135 135
136 134
136 133
137 132
137 131
138 130
138 129
139 128
139 127
140 126
140 125
141 124
141 123
142 122
142 121
143 120
143 119
144 118
144 117
145 116
145 115
146 114
146 113
147 112
147 111
148 110
148 109
149 108
149 107
150 106
150 105
151 104
152 103
152 102
153 101
153 100
154 99
155 98
155 97
156 96
157 95
158 94
159 93
159 92
160 91
161 90
162 89
163 89
164 88
165 87
166 87
167 86
168 85
169 85
170 85
171 84
172 84
173 84
174 83
175 83
176 83
177 83
178 83
179 82
180 82
181 82
182 82
183 82
184 82
185 82
186 82
187 82
188 82
189 82
190 82
191 82
192 82
193 82
194 82
195 83
196 83
197 83
198 83
199 83
200 83
201 84
202 84
203 84
204 84
205 85
206 85
207 85
208 86
209 86
210 87
211 87
212 88
213 88
214 89
215 89
216 90
217 90
218 91
219 91
220 92
221 92
222 93
223 93
224 94
225 94
226 94
227 95
228 95
229 95
230 96
231 96
232 96
233 96
234 96
235 96
236 96
237 96
238 97
239 97
240 97
241 97
242 97
243 96
244 96
245 96
246 96
247 96
248 96
249 96
250 96
251 96
252 96
253 96
254 95
255 95
256 95
257 95
258 95
259 95
260 95
261 95
262 95
263 94
264 94
265 94
266 94
267 94
268 94
269 94
270 93
271 93
272 93
273 93
274 93
275 93
276 92
277 92
278 92
279 92
280 92
281 92
282 91
283 91
284 91
285 91
286 91
287 91
288 90
289 90
290 90
291 90
292 90
293 90
294 90
295 90
296 90
297 90
298 90
299 90
300 90
301 90
302 90
303 90
304 90
305 91
306 91
307 91
308 92
309 92
310 93
311 93
312 94
313 95
314 95
315 96
316 97
317 97
318 98
319 99
320 100
321 100
322 101
323 102
324 102
325 102
326 103
327 103
328 103
329 103
330 102
331 102
332 101
333 100
334 99
335 99
336 98
337 97
338 96
338 95
339 94
340 93
341 92
342 91
343 90
344 89
345 88
345 87
346 86
347 85
348 84
349 83
350 82
351 82
352 81
353 80
354 79
355 79
356 78
357 78
358 78
359 78
360 78
361 78
362 78
363 78
364 78
365 79
366 79
367 80
368 80
369 81
370 82
371 83
372 84
373 85
374 86
375 87
376 88
377 89
378 90
379 91
379 92
380 93
381 94
382 95
383 96
384 97
385 97
386 98
387 99
388 100
389 101
390 101
391 102
392 103
393 103
394 104
395 105
396 105
397 106
398 107
399 108
400 109
401 110
402 111
403 112
404 113
405 114
406 115
407 116
408 117
409 118
409 119
410 120
411 121
412 122
413 123
413 124
414 125
415 126
416 127
416 128
417 129
