45 13
46 14
47 15
48 16
49 17
49 18
50 19
51 20
52 21
53 22
54 23
55 24
56 25
57 26
57 27
58 28
59 29
60 30
61 31
62 32
63 33
63 34
64 35
65 36
66 37
67 38
68 39
68 40
69 41
70 42
71 43
72 44
73 45
73 46
74 47
75 48
76 49
76 50
77 51
78 52
79 53
79 54
80 55
81 56
82 57
82 58
83 59
84 60
85 61
85 62
86 63
87 64
87 65
88 66
89 67
89 68
90 69
91 70
91 71
92 72
93 73
93 74
94 75
94 76
95 77
96 78
96 79
97 80
98 81
98 82
99 83
99 84
100 85
101 86
101 87
102 88
102 89
103 90
103 91
104 92
105 93
105 94
106 95
106 96
107 97
107 98
108 99
109 100
109 101
110 102
110 103
111 104
111 105
112 106
113 107
113 108
114 109
114 110
115 111
115 112
116 113
116 114
117 115
118 116
118 117
119 118
119 119
120 120
120 121
121 122
121 123
122 124
122 125
123 126
123 127
124 128
125 129
125 130
126 131
126 132
127 133
127 134
128 135
129 136
129 137
130 138
130 139
131 140
132 141
132 142
133 143
134 144
134 145
135 146
136 147
137 148
137 149
138 150
139 151
140 152
141 153
142 153
143 154
144 154
145 155
146 155
147 155
148 156
149 156
150 156
151 156
152 155
153 155
154 155
155 155
156 155
157 154
158 154
159 154
160 154
161 154
162 154
163 154
164 154
165 153
166 153
167 153
168 153
169 154
170 154
171 154
172 154
173 154
174 154
175 155
176 155
177 156
178 156
179 157
180 157
181 158
182 159
183 159
184 160
185 161
186 162
187 163
188 163
189 164
190 165
191 166
192 167
193 168
194 169
195 170
196 170
197 171
198 172
199 173
200 173
201 174
202 174
203 175
204 175
205 175
206 176
207 176
208 176
209 175
210 175
211 175
212 174
213 173
214 172
215 171
216 170
217 169
218 168
219 167
219 166
220 165
221 164
221 163
222 162
223 161
223 160
224 159
225 158
225 157
226 156
226 155
227 154
228 153
228 152
229 151
229 150
230 149
231 148
231 147
232 146
233 145
233 144
234 143
235 142
235 141
236 140
237 139
237 138
238 137
239 136
240 135
240 134
241 133
242 132
243 131
244 130
245 129
246 128
247 127
248 126
249 125
250 124
251 123
252 122
253 121
254 121
255 120
256 119
257 118
258 118
259 117
260 116
261 116
262 115
263 115
264 114
265 114
266 113
267 113
268 112
269 112
270 112
271 111
272 111
273 111
274 110
275 110
276 110
277 110
278 109
279 109
280 109
281 109
282 109
283 108
284 108
285 108
286 108
287 108
288 108
289 108
290 108
291 108
292 108
293 108
294 108
295 108
296 109
297 109
298 109
299 109
300 109
301 109
302 110
303 110
304 110
305 110
306 111
307 111
308 111
309 112
310 112
311 112
312 113
313 113
314 114
315 114
316 115
317 115
318 116
319 116
320 117
321 117
322 118
323 118
324 119
325 119
326 120
327 121
328 121
329 122
330 122
331 123
332 124
333 124
334 125
335 126
336 126
337 127
338 128
339 128
340 129
341 130
342 131
343 131
344 132
345 133
346 134
347 134
348 135
349 136
350 137
351 137
352 138
353 139
354 140
355 140
356 141
357 142
358 143
359 143
360 144
361 145
362 146
363 146
364 147
365 148
366 149
367 149
368 150
369 151
370 152
371 152
372 153
373 154
374 155
375 155
376 156
377 157
378 157
379 158
380 159
381 159
382 160
383 160
384 161
385 162
386 162
387 163
388 163
389 163
390 164
391 164
392 165
393 165
394 165
395 165
396 166
397 166
398 166
399 166
400 166
401 166
402 166
403 167
404 167
405 167
406 166
407 166
408 166
409 166
410 166
411 166
412 166
413 166
414 166
415 166
416 165
417 165
418 165
419 165
420 164
421 164
422 164
423 163
424 163
425 163
426 162
427 162
428 161
429 161
430 161
431 160
432 160
433 159
434 159
435 158
436 158
437 157
438 157
439 156
440 156
441 155
442 155
443 154
444 153
445 153
446 152
447 152
448 151
449 151
450 151
451 150
452 150
453 149
454 149
455 148
456 148
457 148
458 147
459 147
460 146
461 146
462 146
463 145
464 145
465 145
466 145
467 144
468 144
469 144
470 144
471 144
472 143
473 143
474 143
475 143
476 143
477 143
478 143
479 143
480 143
481 143
482 143
483 143
484 143
485 143
486 143
487 144
488 144
489 144
490 144
491 144
492 145
493 145
494 145
495 146
496 146
497 147
498 147
499 147
500 148
501 149
502 149
503 150
504 150
505 151
506 152
507 152
508 153
509 154
510 155
511 155
512 156
513 157
514 158
515 159
516 160
517 161
518 162
519 163
520 164
521 165
522 166
523 167
524 168
525 169
526 170
527 171
528 172
529 173
530 174
531 175
531 176
532 177
533 178
534 179
535 180
536 181
537 182
538 183
539 184
540 185
541 186
541 187
542 188
543 189
544 190
545 191
546 192
547 193
548 194
549 195
550 196
551 197
552 198
553 198
554 199
555 200
556 201
557 202
558 203
559 203
560 204
561 205
562 206
563 206
564 207
565 208
566 208
567 209
568 210
569 210
570 211
571 211
572 212
573 212
574 213
575 213
576 213
577 214
578 214
579 214
580 214
581 214
582 214
583 214
584 214
585 214
586 213
587 213
588 212
589 212
590 211
591 210
592 210
593 209
594 208
595 207
596 206
597 205
598 204
599 203
600 202
601 201
602 200
603 199
604 198
605 198
