23 12
24 12
25 12
26 12
27 12
28 12
29 12
30 13
31 13
32 13
33 13
34 13
35 14
36 14
37 14
38 14
39 14
40 15
41 15
42 15
43 15
44 15
45 16
46 16
47 16
48 16
49 17
50 17
51 17
52 17
53 17
54 18
55 18
56 18
57 19
58 19
59 19
60 19
61 20
62 20
63 20
64 21
65 21
66 21
67 22
68 22
69 22
70 23
71 23
72 23
73 24
74 24
75 24
76 25
77 25
78 26
79 26
80 26
81 27
82 27
83 28
84 28
85 29
86 29
87 30
88 30
89 30
90 31
91 31
92 32
93 32
94 33
95 34
96 34
97 35
98 35
99 36
100 36
101 37
102 37
103 38
104 39
105 39
106 40
107 41
108 41
109 42
110 43
111 43
112 44
113 45
114 45
115 46
116 47
117 48
118 49
119 49
120 50
121 51
122 52
123 53
124 54
125 55
126 56
127 57
128 58
129 59
130 60
131 61
132 62
133 63
134 64
135 65
136 66
137 67
138 68
138 69
139 70
140 71
141 72
142 73
143 74
143 75
144 76
145 77
146 78
146 79
147 80
148 81
149 82
149 83
150 84
151 85
152 86
152 87
153 88
154 89
155 90
155 91
156 92
157 93
158 94
158 95
159 96
160 97
161 98
161 99
162 100
163 101
164 102
164 103
165 104
166 105
167 106
167 107
168 108
169 109
170 110
171 111
171 112
172 113
173 114
174 115
175 116
176 117
177 118
178 119
179 120
180 121
181 122
182 123
183 124
184 125
185 126
186 127
187 127
188 128
189 129
190 129
191 130
192 130
193 131
194 131
195 131
196 132
197 132
198 132
199 132
200 132
201 132
202 132
203 132
204 132
205 132
206 132
207 131
208 131
209 131
210 130
211 130
212 130
213 129
214 129
215 129
216 128
217 128
218 127
219 127
220 126
221 126
222 125
223 125
224 124
225 124
226 123
227 123
228 122
229 122
230 121
231 120
232 120
233 119
234 118
235 117
236 117
237 116
238 115
239 114
240 113
241 112
242 111
243 110
244 109
245 108
246 107
247 106
248 105
249 104
250 104
251 103
252 102
253 102
254 101
255 101
256 100
257 100
258 100
259 100
260 100
261 100
262 100
263 100
264 100
265 100
266 100
267 101
268 101
269 102
270 102
271 103
272 103
273 104
274 105
275 105
276 106
277 107
278 108
279 108
280 109
281 110
282 111
283 112
284 113
285 114
286 115
287 116
288 117
289 118
290 119
291 120
292 121
293 122
294 123
295 124
296 125
297 126
298 127
299 128
300 128
301 129
302 130
303 131
304 132
305 133
306 134
307 135
308 136
309 136
310 137
311 138
312 139
313 139
314 140
315 141
316 141
317 142
318 143
319 143
320 144
321 144
322 145
323 145
324 145
325 146
326 146
327 146
328 147
329 147
330 147
331 147
332 148
333 148
334 148
335 148
336 148
337 148
338 148
339 148
340 148
341 148
342 148
343 148
344 148
345 148
346 148
347 148
348 148
349 148
350 148
351 148
352 148
353 148
354 148
355 148
356 149
357 149
358 149
359 149
360 149
361 149
362 149
363 150
364 150
365 150
366 150
367 151
368 151
369 151
370 152
371 152
372 152
373 153
374 153
375 154
376 154
377 155
378 155
379 155
380 156
381 156
382 157
383 157
384 158
385 158
386 159
387 159
388 160
389 160
390 161
391 161
392 162
393 162
394 163
395 164
396 164
397 165
398 165
399 166
400 166
401 167
402 167
403 168
404 168
405 169
406 169
407 170
408 170
409 171
410 171
411 171
412 172
413 172
414 173
415 173
416 174
417 174
418 175
419 175
420 175
421 176
422 176
423 177
424 177
425 177
426 178
427 178
428 178
429 179
430 179
431 179
432 179
433 180
434 180
435 180
436 181
437 181
438 181
439 181
440 182
441 182
442 182
443 182
444 183
445 183
446 183
447 183
448 184
449 184
450 184
451 184
452 184
453 185
454 185
455 185
456 185
457 185
458 185
459 185
460 185
461 185
462 185
463 185
464 184
465 184
466 184
467 184
468 183
469 183
470 182
471 182
472 181
473 181
474 180
475 180
476 179
477 178
478 178
479 177
480 177
481 176
482 175
483 175
484 174
485 173
486 173
487 172
488 171
489 171
490 170
491 169
492 169
493 168
494 167
495 167
496 166
497 166
498 165
499 164
500 164
501 163
502 162
503 162
504 161
505 160
506 160
507 159
508 159
509 158
510 157
511 157
512 156
513 155
514 155
515 154
516 154
517 153
518 152
519 152
520 151
521 150
522 150
523 149
524 148
525 147
526 147
527 146
528 145
529 144
530 143
531 142
532 141
533 140
534 139
535 138
536 137
537 136
537 135
538 134
539 133
539 132
540 131
541 130
542 129
542 128
543 127
544 126
544 125
545 124
546 123
546 122
547 121
548 120
549 119
550 118
551 117
551 116
552 115
553 114
554 114
555 113
556 112
557 111
558 110
559 110
560 109
561 109
562 108
563 108
564 107
565 107
566 106
567 106
568 106
569 105
570 105
571 105
572 105
573 105
574 105
575 105
576 105
577 105
578 105
579 105
580 105
581 105
582 105
583 105
584 106
585 106
586 106
587 107
588 107
589 108
590 108
591 109
592 110
593 110
594 111
595 112
596 113
597 114
598 115
599 116
600 117
601 118
602 119
603 120
604 121
605 122
606 123
606 124
607 125
608 126
609 127
610 128
611 129
612 130
612 131
613 132
614 133
615 134
616 135
617 136
618 137
618 138
619 139
620 140
621 141
622 142
623 143
623 144
624 145
625 146
626 147
627 148
628 149
629 150
629 151
630 152
630 153
