9 43
10 44
10 45
11 46
11 47
12 48
12 49
13 50
14 51
14 52
15 53
15 54
16 55
16 56
17 57
17 58
18 59
18 60
19 61
20 62
20 63
21 64
21 65
22 66
22 67
23 68
24 69
24 70
25 71
26 72
26 73
27 74
27 75
28 76
29 77
30 78
30 79
31 80
32 81
32 82
33 83
34 84
35 85
36 86
37 87
38 88
39 89
40 90
41 91
42 92
43 93
44 94
45 94
46 95
47 96
48 96
49 97
50 97
51 98
52 98
53 99
54 99
55 100
56 100
57 101
58 101
59 101
60 102
61 102
62 103
63 103
64 103
65 104
66 104
67 104
68 105
69 105
70 105
71 105
72 106
73 106
74 106
75 106
76 106
77 106
78 107
79 107
80 107
81 106
82 106
83 106
84 106
85 105
86 105
87 105
88 104
89 103
90 103
91 102
92 102
93 101
94 100
95 99
96 99
97 98
98 97
99 97
100 96
101 96
102 95
103 94
104 94
105 94
106 93
107 93
108 93
109 92
110 92
111 92
112 91
113 91
114 91
115 90
116 90
117 90
118 90
119 89
120 89
121 89
122 89
123 90
124 90
125 90
126 91
127 92
128 93
129 94
130 95
131 96
131 97
132 98
133 99
133 100
