28 29
29 30
30 31
31 32
31 33
32 34
33 35
33 36
34 37
35 38
36 39
36 40
37 41
38 42
38 43
39 44
40 45
41 46
41 47
42 48
43 49
43 50
44 51
45 52
46 53
46 54
47 55
48 56
49 57
49 58
50 59
51 60
52 61
52 62
53 63
54 64
55 65
56 66
56 67
57 68
58 69
59 70
60 71
60 72
61 73
62 74
63 75
64 76
65 77
65 78
66 79
67 80
68 81
69 82
70 83
71 84
72 85
73 86
74 87
75 88
76 89
77 90
78 91
79 92
80 93
81 94
82 95
83 96
84 96
85 97
86 98
87 99
88 100
89 100
90 101
91 102
92 102
93 103
94 104
95 104
96 105
97 105
98 106
99 106
100 107
101 107
102 108
103 108
104 108
105 109
106 109
107 109
108 110
109 110
110 110
111 110
112 110
113 111
114 111
115 111
116 111
117 111
118 111
119 111
120 111
121 111
122 111
123 111
124 111
125 110
126 110
127 110
128 110
129 110
130 110
131 109
132 109
133 109
134 109
135 108
136 108
137 108
138 108
139 107
140 107
141 107
142 106
143 106
144 106
145 105
146 105
147 105
148 104
149 104
150 104
151 103
152 103
153 103
154 102
155 102
156 102
157 101
158 101
159 101
160 101
161 100
162 100
163 100
164 100
165 99
166 99
167 99
168 99
169 99
170 99
171 98
172 98
173 98
174 98
175 98
176 98
177 98
178 98
179 98
180 98
181 98
182 99
183 99
184 99
185 99
186 99
187 100
188 100
189 100
190 101
191 101
192 101
193 102
194 102
195 103
196 103
197 104
198 105
199 106
200 106
201 107
202 108
203 109
204 110
205 111
206 112
207 113
208 114
208 115
209 116
210 117
211 118
212 119
212 120
213 121
214 122
215 123
215 124
216 125
217 126
217 127
218 128
219 129
220 130
220 131
221 132
222 133
222 134
223 135
224 136
225 137
225 138
226 139
227 140
228 141
228 142
229 143
230 144
231 145
232 146
233 147
234 148
234 149
235 150
236 151
237 152
238 153
239 154
240 155
241 156
242 157
243 158
244 159
245 160
246 161
247 162
248 162
249 163
250 164
251 165
252 166
253 167
254 168
255 168
256 169
257 170
258 171
259 172
260 172
261 173
262 174
263 175
264 176
265 176
266 177
267 178
268 179
269 179
270 180
271 181
272 181
273 182
274 182
275 183
276 184
277 184
278 185
279 185
280 186
281 186
282 186
283 187
284 187
285 187
286 188
287 188
288 188
289 188
290 188
291 188
292 189
293 188
294 188
295 188
296 188
297 188
298 188
299 188
300 187
301 187
302 187
303 186
304 186
305 186
306 186
307 185
308 185
309 185
310 184
311 184
312 184
313 184
314 184
315 183
316 183
317 183
318 183
319 183
320 183
321 183
322 183
323 183
324 183
325 183
326 183
327 183
328 183
329 183
330 183
331 183
332 183
333 183
334 183
335 184
336 184
337 184
338 184
339 184
340 185
341 185
342 185
343 185
344 186
345 186
346 186
347 186
348 187
349 187
350 187
351 188
352 188
353 188
354 189
355 189
356 189
357 190
358 190
359 190
360 191
361 191
362 191
363 191
364 192
365 192
366 192
367 192
368 193
369 193
370 193
371 193
372 193
373 193
374 193
375 193
376 193
377 193
378 193
379 193
380 193
381 193
382 193
383 193
384 193
385 193
386 193
387 193
388 193
389 192
390 192
391 192
392 192
393 192
394 192
395 191
396 191
397 191
398 191
399 191
400 190
401 190
402 190
403 190
404 190
405 189
406 189
407 189
408 189
409 189
410 189
