5 37
6 37
7 37
8 37
9 37
10 37
11 37
12 37
13 37
14 37
15 36
16 36
17 36
18 36
19 36
20 36
21 36
22 36
23 36
24 36
25 36
26 36
27 36
28 36
29 36
30 37
31 37
32 37
33 37
34 37
35 37
36 38
37 38
38 38
39 38
40 39
41 39
42 39
43 40
44 40
45 41
46 41
47 42
48 42
49 43
50 43
51 44
52 44
53 45
54 45
55 46
56 47
57 47
58 48
59 49
60 49
61 50
62 51
63 52
64 52
65 53
66 54
67 55
68 55
69 56
70 57
71 58
72 59
73 60
74 60
75 61
76 62
77 63
78 64
79 64
80 65
81 66
82 67
83 68
84 69
85 70
86 70
87 71
88 72
89 73
90 74
91 75
92 75
93 76
94 77
95 78
96 79
97 79
98 80
99 81
100 82
101 83
102 83
103 84
104 85
105 86
106 87
107 87
108 88
109 89
110 90
111 90
112 91
113 92
114 92
115 93
116 94
117 94
118 95
119 96
120 96
121 97
122 98
123 98
124 99
125 100
126 100
127 101
128 101
129 102
130 102
131 103
132 103
133 103
134 104
135 104
136 104
137 104
138 105
139 105
140 105
141 105
142 105
143 105
144 105
145 105
146 105
147 104
148 104
149 104
150 103
151 103
152 103
153 102
154 102
155 101
156 101
157 100
158 100
159 99
160 99
161 98
162 98
163 97
164 96
165 96
166 95
167 94
168 94
169 93
170 92
171 91
172 91
173 90
174 89
175 89
176 88
177 87
178 87
179 86
180 86
181 85
182 84
183 84
184 83
185 83
186 83
187 82
188 82
189 81
190 81
191 81
192 81
193 81
194 80
195 80
196 80
197 80
198 80
199 81
200 81
201 81
202 81
203 82
204 82
205 83
206 83
207 84
208 85
209 86
210 87
211 88
212 89
213 90
213 91
214 92
215 93
216 94
216 95
217 96
218 97
219 98
219 99
220 100
221 101
222 102
222 103
223 104
224 105
224 106
225 107
226 108
227 109
228 110
228 111
229 112
230 113
231 114
232 115
233 116
234 117
235 118
236 119
237 120
238 121
239 122
240 123
241 124
242 125
243 125
244 126
245 127
246 127
247 128
248 128
249 129
250 129
251 130
252 130
253 131
254 131
255 131
256 131
257 131
258 131
259 132
260 132
261 131
262 131
263 131
264 131
265 131
266 130
267 130
268 130
269 130
270 129
271 129
272 128
273 128
274 128
275 127
276 127
277 126
278 126
279 125
280 125
281 125
282 124
283 124
284 124
285 124
286 123
287 123
288 123
289 123
290 123
291 124
292 124
293 124
294 125
295 125
296 126
297 126
298 127
299 128
300 129
301 130
302 131
303 132
303 133
304 134
305 135
306 136
307 137
308 138
309 139
310 140
311 140
312 141
313 142
314 142
315 142
316 143
317 143
318 143
319 143
320 142
321 142
322 142
323 141
324 140
325 140
326 139
327 138
328 137
329 136
330 135
331 134
332 133
333 132
334 131
335 130
336 129
337 128
337 127
338 126
339 125
340 124
341 123
341 122
342 121
343 120
344 119
344 118
345 117
346 116
346 115
347 114
348 113
349 112
350 111
350 110
351 109
352 108
353 107
354 106
355 105
355 104
356 103
357 102
358 101
359 101
360 100
361 99
362 98
363 97
364 97
365 96
366 95
367 95
368 94
369 93
370 93
371 92
372 91
373 90
374 90
375 89
376 88
377 87
378 86
379 85
379 84
380 83
381 82
382 81
383 80
384 79
384 78
385 77
386 76
387 75
