38 11
39 12
40 13
41 14
41 15
42 16
43 17
44 18
45 19
46 20
47 21
48 22
49 23
49 24
50 25
51 26
52 27
53 28
54 29
55 30
55 31
56 32
57 33
58 34
59 35
60 36
60 37
61 38
62 39
63 40
63 41
64 42
65 43
66 44
66 45
67 46
68 47
69 48
69 49
70 50
71 51
72 52
72 53
73 54
74 55
74 56
75 57
76 58
76 59
77 60
78 61
78 62
79 63
79 64
80 65
81 66
81 67
82 68
82 69
83 70
84 71
84 72
85 73
86 74
86 75
87 76
87 77
88 78
88 79
89 80
90 81
90 82
91 83
91 84
92 85
92 86
93 87
93 88
94 89
95 90
95 91
96 92
96 93
97 94
97 95
98 96
98 97
99 98
100 99
100 100
101 101
101 102
102 103
102 104
103 105
103 106
104 107
104 108
105 109
106 110
106 111
107 112
107 113
108 114
108 115
109 116
110 117
110 118
111 119
112 120
112 121
113 122
114 123
114 124
115 125
116 126
117 127
118 128
119 128
120 129
121 130
122 130
123 130
124 131
125 131
126 131
127 130
128 130
129 130
130 130
131 130
132 130
133 129
134 129
135 129
136 129
137 129
138 129
139 129
140 129
141 129
142 129
143 129
144 129
145 129
146 130
147 130
148 130
149 131
150 131
151 132
152 132
153 133
154 134
155 135
156 136
157 136
158 137
159 138
160 139
161 140
162 141
163 142
164 143
165 143
166 144
167 145
168 145
169 146
170 146
171 147
172 147
173 147
174 147
175 147
176 147
177 146
178 146
179 145
180 144
181 143
182 142
183 141
184 140
184 139
185 138
186 137
186 136
187 135
188 134
188 133
189 132
189 131
190 130
191 129
191 128
192 127
192 126
193 125
194 124
194 123
195 122
196 121
196 120
197 119
198 118
198 117
199 116
200 115
200 114
201 113
202 112
203 111
204 110
205 109
206 108
207 107
208 106
209 105
210 104
211 103
212 102
213 101
214 100
215 100
216 99
217 98
218 98
219 97
220 97
221 96
222 96
223 95
224 95
225 94
226 94
227 93
228 93
229 93
230 93
231 92
232 92
233 92
234 92
235 91
236 91
237 91
238 91
239 91
240 91
241 91
242 91
243 91
244 91
245 91
246 91
247 91
248 91
249 91
250 91
251 91
252 92
253 92
254 92
255 92
256 93
257 93
258 93
259 93
260 94
261 94
262 95
263 95
264 96
265 96
266 96
267 97
268 97
269 98
270 99
271 99
272 100
273 100
274 101
275 101
276 102
277 103
278 103
279 104
280 105
281 105
282 106
283 107
284 107
285 108
286 109
287 109
288 110
289 111
290 112
291 112
292 113
293 114
294 115
295 115
296 116
297 117
298 118
299 118
300 119
301 120
302 121
303 121
304 122
305 123
306 124
307 125
308 125
309 126
310 127
311 128
312 128
313 129
314 130
315 130
316 131
317 132
318 132
319 133
320 134
321 134
322 135
323 135
324 136
325 136
326 137
327 137
328 138
329 138
330 138
331 139
332 139
333 139
334 139
335 139
336 140
337 140
338 140
339 140
340 140
341 140
342 140
343 140
344 139
345 139
346 139
347 139
348 139
349 139
350 139
351 138
352 138
353 138
354 137
355 137
356 137
357 136
358 136
359 136
360 135
361 135
362 134
363 134
364 133
365 133
366 132
367 132
368 131
369 131
370 130
371 130
372 129
373 129
374 128
375 128
376 127
377 127
378 126
379 126
380 125
381 125
382 124
383 124
384 124
385 123
386 123
387 123
388 122
389 122
390 122
391 121
392 121
393 121
394 121
395 121
396 120
397 120
398 120
399 120
400 120
401 120
402 120
403 120
404 120
405 120
406 120
407 120
408 120
409 120
410 121
411 121
412 121
413 121
414 122
415 122
416 122
417 123
418 123
419 124
420 124
421 125
422 125
423 126
424 127
425 127
426 128
427 129
428 130
429 130
430 131
431 132
432 133
433 134
434 135
435 136
436 137
437 138
438 139
439 140
440 141
441 142
442 143
443 144
444 145
445 146
446 147
447 148
448 149
448 150
449 151
450 152
451 153
452 154
453 155
454 156
455 157
456 158
457 159
458 160
459 161
460 162
461 163
462 164
463 165
464 166
465 167
466 168
467 169
468 170
469 170
470 171
471 172
472 173
473 173
474 174
475 175
476 175
477 176
478 177
479 177
480 178
481 178
482 179
483 179
484 179
485 179
486 180
487 180
488 180
489 180
490 180
491 179
492 179
493 178
494 178
495 177
496 177
497 176
498 175
499 174
500 173
501 172
502 171
503 171
504 170
505 169
505 168
506 167
507 166
508 166
