4 31
5 32
6 33
6 34
7 35
8 36
8 37
9 38
10 39
11 40
11 41
12 42
13 43
14 44
15 45
16 45
17 46
18 46
19 47
20 47
21 47
22 48
23 48
24 48
25 48
26 48
27 47
28 47
29 47
30 46
31 46
32 46
33 45
34 45
35 44
36 43
37 43
38 42
39 42
40 41
41 40
42 40
43 39
44 39
45 38
46 38
47 37
48 37
49 36
50 36
51 36
52 36
53 36
54 36
55 36
56 36
57 36
58 36
59 36
60 37
61 37
62 38
63 39
64 40
65 41
66 42
66 43
67 44
68 45
68 46
69 47
69 48
70 49
70 50
70 51
71 52
71 53
72 54
72 55
73 56
73 57
73 58
74 59
74 60
74 61
75 62
75 63
76 64
76 65
77 66
77 67
77 68
78 69
79 70
79 71
80 72
81 73
82 74
83 75
84 76
85 76
86 76
87 76
88 76
89 76
90 75
91 75
92 75
93 74
94 74
95 74
96 73
97 73
98 72
99 72
100 72
101 71
102 71
103 70
104 70
105 70
106 69
107 69
108 69
109 69
110 69
111 69
112 69
113 69
114 69
115 70
116 70
117 70
118 70
119 71
120 71
121 71
122 71
123 72
124 72
125 72
126 72
127 72
128 72
129 72
130 73
131 72
132 72
133 72
134 72
135 72
136 72
137 71
138 71
139 70
140 70
141 69
142 69
143 68
144 67
145 67
146 66
147 66
148 65
149 65
150 65
151 65
152 64
153 64
154 64
155 64
156 64
157 64
158 64
159 64
160 64
161 64
