9 55
10 55
11 56
12 57
13 58
14 59
15 60
16 61
17 61
18 62
19 63
20 64
21 65
22 66
23 67
24 68
25 69
26 70
27 70
28 71
29 72
30 73
31 74
32 75
33 76
34 77
35 78
36 79
37 80
38 81
39 81
40 82
41 83
42 84
43 85
44 86
45 87
46 88
47 89
48 90
49 91
50 92
51 92
52 93
53 94
54 95
55 96
56 96
57 97
58 98
59 99
60 99
61 100
62 100
63 101
64 101
65 102
66 102
67 102
68 102
69 103
70 103
71 103
72 103
73 103
74 103
75 103
76 102
77 102
78 102
79 102
80 102
81 101
82 101
83 101
84 101
85 100
86 100
87 100
88 100
89 100
90 100
91 100
92 100
93 100
94 100
95 100
96 100
97 100
98 100
99 100
100 100
101 100
102 100
103 100
104 100
105 100
106 100
107 100
108 100
109 100
110 100
111 99
112 99
113 99
114 98
115 98
116 97
117 97
118 96
119 96
120 95
121 95
122 94
123 94
124 93
125 92
126 92
127 91
128 91
129 90
130 89
131 89
132 88
133 87
134 87
135 86
136 85
137 85
138 84
139 84
140 83
141 83
142 82
143 82
144 81
145 81
146 80
147 80
148 79
149 79
150 79
151 79
152 79
153 79
154 79
155 79
156 79
157 79
158 79
159 80
160 80
161 81
162 82
163 83
164 84
165 85
166 86
166 87
167 88
168 89
169 90
169 91
170 92
171 93
171 94
172 95
173 96
174 97
174 98
175 99
176 100
177 101
178 102
179 103
180 104
181 104
182 105
183 105
184 106
185 106
186 107
187 107
188 107
189 107
190 107
191 107
192 108
193 108
194 108
195 108
196 108
197 108
198 108
199 108
200 108
201 108
202 108
203 108
204 108
205 109
206 109
207 110
208 110
209 111
210 111
211 112
212 113
213 113
214 114
215 115
