9 28
9 29
10 30
10 31
10 32
11 33
11 34
11 35
12 36
12 37
12 38
12 39
13 40
13 41
13 42
14 43
14 44
14 45
15 46
15 47
15 48
16 49
16 50
16 51
17 52
17 53
17 54
18 55
18 56
19 57
19 58
20 59
20 60
21 61
21 62
22 63
23 64
24 65
25 66
26 66
27 66
28 67
29 67
30 67
31 67
32 67
33 67
34 67
35 67
36 67
37 68
38 68
39 68
40 68
41 68
42 69
43 69
44 69
45 70
46 70
47 71
48 71
49 71
50 72
51 72
52 72
53 73
54 73
55 73
56 74
57 74
58 74
59 74
60 74
61 75
62 75
63 75
64 75
65 75
66 74
67 74
68 74
69 74
70 73
71 73
72 72
73 71
74 71
75 70
76 69
77 68
78 67
79 66
80 66
81 65
82 64
82 63
83 62
84 61
85 60
86 59
87 58
88 57
89 56
90 55
91 54
91 53
92 52
93 51
94 50
95 49
96 48
97 48
98 47
99 46
100 46
101 45
102 45
103 44
104 44
105 44
106 43
107 43
108 43
109 43
110 42
111 42
112 42
113 42
114 42
115 42
116 42
117 42
118 42
119 42
120 42
121 42
122 42
123 42
124 43
125 43
126 43
127 44
128 45
129 46
130 47
131 48
131 49
132 50
133 51
133 52
134 53
134 54
135 55
135 56
136 57
137 58
137 59
138 60
138 61
139 62
140 63
140 64
141 65
142 66
143 67
143 68
144 69
145 70
146 70
147 71
148 72
149 73
150 73
151 74
152 74
153 74
154 75
155 75
156 74
157 74
158 74
159 74
160 73
161 73
162 73
163 73
164 73
165 73
166 72
167 72
168 72
169 72
170 72
171 71
172 71
173 71
174 70
175 70
176 70
177 69
178 69
179 68
180 68
181 67
182 67
183 66
184 66
185 65
186 65
187 65
188 64
189 64
190 63
191 63
192 63
193 63
194 62
195 62
196 62
197 62
198 62
199 62
200 62
201 62
202 62
203 62
204 63
205 63
206 63
207 64
208 64
209 65
210 65
211 66
212 66
213 67
214 67
215 67
216 68
217 68
218 69
219 69
220 69
221 70
222 70
223 70
224 70
225 71
226 71
227 71
228 71
229 71
230 71
