24 18
25 19
26 20
27 20
28 21
29 22
30 22
31 23
32 24
33 25
34 25
35 26
36 27
37 27
38 28
39 29
40 29
41 30
42 31
43 32
44 32
45 33
46 34
47 34
48 35
49 36
50 36
51 37
52 38
53 38
54 39
55 40
56 40
57 41
58 42
59 42
60 43
61 43
62 44
63 45
64 45
65 46
66 46
67 47
68 48
69 48
70 49
71 49
72 50
73 51
74 51
75 52
76 52
77 53
78 53
79 54
80 54
81 55
82 55
83 56
84 56
85 57
86 57
87 58
88 58
89 59
90 59
91 60
92 60
93 61
94 61
95 62
96 62
97 63
98 63
99 64
100 64
101 65
102 65
103 66
104 66
105 66
106 67
107 67
108 68
109 68
110 69
111 69
112 70
113 71
114 71
115 72
116 72
117 73
118 73
119 74
120 74
121 75
122 76
123 76
124 77
125 78
126 78
127 79
128 80
129 80
130 81
131 82
132 83
133 83
134 84
135 85
136 86
137 87
138 87
139 88
140 89
141 90
142 91
143 92
144 93
145 94
146 95
147 96
148 97
149 98
150 99
151 100
152 101
153 102
154 103
155 104
156 105
157 106
158 107
159 108
160 109
160 110
161 111
162 112
163 113
164 114
165 115
165 116
166 117
167 118
168 119
169 120
170 121
170 122
171 123
172 124
173 125
174 126
174 127
175 128
176 129
177 130
177 131
178 132
179 133
180 134
181 135
182 136
182 137
183 138
184 139
185 140
186 141
187 142
188 143
188 144
189 145
190 146
191 147
192 148
193 148
194 149
195 150
196 151
197 152
198 153
199 153
200 154
201 155
202 155
203 156
204 156
205 157
206 157
207 158
208 158
209 159
210 159
211 160
212 160
213 161
214 161
215 161
216 162
217 162
218 163
219 163
220 164
221 164
222 164
223 165
224 165
225 166
226 166
227 167
228 167
229 168
230 168
231 169
232 169
233 170
234 170
235 170
236 171
237 171
238 172
239 172
240 173
241 173
242 174
243 174
244 174
245 175
246 175
247 175
248 176
249 176
250 176
251 177
252 177
253 177
254 178
255 178
256 178
257 178
258 179
259 179
260 179
261 179
262 179
263 179
264 179
265 180
266 180
267 180
268 180
269 180
270 180
271 180
272 180
273 180
274 180
275 180
276 180
277 179
278 179
279 179
280 179
281 179
282 179
283 178
284 178
285 178
286 178
287 177
288 177
289 177
290 176
291 176
292 176
293 175
294 175
295 175
296 174
297 174
298 173
299 173
300 172
301 172
302 172
303 171
304 171
305 171
306 170
307 170
308 170
309 170
310 170
311 170
312 170
313 170
314 170
315 170
316 170
317 171
318 171
319 171
320 172
321 172
322 172
323 173
324 173
325 174
326 174
327 175
328 175
329 176
330 176
331 176
332 177
333 177
334 178
335 178
336 178
337 178
338 179
339 179
340 179
341 179
342 179
343 179
344 179
345 179
346 179
347 179
348 179
349 179
350 178
351 178
352 178
353 178
354 177
355 177
356 177
357 177
358 176
359 176
360 176
361 175
362 175
363 175
364 174
365 174
366 173
367 173
368 173
369 172
370 172
371 171
372 171
373 171
374 170
375 170
376 169
377 169
378 168
379 168
380 167
381 167
382 167
383 166
384 166
385 165
386 165
387 164
388 164
389 163
390 162
391 162
392 161
393 161
394 160
395 160
396 159
397 159
398 158
399 157
400 157
401 156
402 155
403 155
404 154
405 153
406 153
407 152
408 151
409 150
410 150
411 149
412 148
413 147
414 146
415 146
416 145
417 144
418 143
419 142
420 141
421 140
422 140
423 139
424 138
425 137
426 136
427 135
428 134
429 133
430 132
431 131
432 131
433 130
434 129
435 128
436 127
437 126
438 125
439 124
440 123
441 122
442 121
443 120
444 120
445 119
446 118
447 117
448 116
449 115
450 114
451 114
452 113
453 112
454 111
455 111
456 110
457 110
458 109
459 109
460 108
461 108
462 107
463 107
464 107
465 107
466 107
467 107
468 107
469 107
470 107
471 107
472 107
473 107
474 108
475 108
476 108
477 109
478 109
479 110
480 110
481 111
482 111
483 112
484 112
485 113
486 113
487 114
488 114
489 114
490 115
491 115
492 116
493 116
494 116
495 117
496 117
497 117
498 118
499 118
500 118
501 119
502 119
503 120
504 120
505 121
506 121
507 122
508 123
509 123
510 124
511 125
512 126
513 126
514 127
515 128
516 129
517 130
518 131
519 132
520 133
521 134
522 135
523 136
524 137
525 138
526 139
527 140
528 141
529 142
530 143
531 144
532 145
533 146
533 147
534 148
535 148
536 149
536 150
537 151
538 152
539 153
540 154
541 154
542 155
543 156
544 157
545 158
546 159
547 160
548 161
549 162
550 163
551 164
552 165
553 166
554 167
555 168
556 169
557 169
558 170
559 171
560 172
561 173
562 174
563 175
564 176
565 177
566 177
567 178
568 179
569 180
570 181
571 182
572 182
573 183
574 184
575 185
576 186
577 186
578 187
579 188
580 189
581 190
582 190
583 191
584 192
585 193
586 193
587 194
588 195
589 196
590 196
591 197
592 198
593 199
594 199
595 200
596 201
597 202
598 202
599 203
600 204
601 205
602 205
603 206
604 207
605 207
606 208
607 209
608 210
609 210
610 211
611 212
612 212
613 213
614 214
615 214
616 215
617 216
618 216
619 217
620 217
621 218
622 219
623 219
624 220
625 220
626 221
627 221
628 222
629 222
630 223
631 223
632 224
633 224
634 224
635 225
636 225
637 225
638 225
639 225
640 225
641 225
642 225
643 225
644 225
645 224
646 224
647 224
648 224
649 223
650 223
651 223
652 223
653 222
654 222
655 222
656 222
657 222
658 222
659 222
660 222
661 222
662 222
663 223
664 223
665 223
666 224
667 224
668 225
669 225
670 226
671 227
672 228
673 228
674 229
675 230
676 231
677 231
