16 14
16 15
16 16
17 17
17 18
17 19
17 20
18 21
18 22
18 23
18 24
18 25
19 26
19 27
19 28
19 29
20 30
20 31
20 32
21 33
21 34
21 35
21 36
22 37
22 38
22 39
22 40
23 41
23 42
23 43
24 44
24 45
24 46
25 47
25 48
25 49
25 50
26 51
26 52
27 53
27 54
27 55
28 56
28 57
28 58
29 59
29 60
30 61
30 62
30 63
31 64
31 65
32 66
32 67
33 68
33 69
34 70
34 71
35 72
36 73
36 74
37 75
37 76
38 77
39 78
39 79
40 80
40 81
41 82
42 83
43 84
43 85
44 86
45 87
46 88
46 89
47 90
48 91
49 92
50 93
51 94
52 95
53 96
54 97
55 98
56 99
57 100
58 101
59 102
60 103
61 103
62 104
63 105
64 105
65 106
66 107
67 107
68 108
69 108
70 109
71 109
72 110
73 110
74 111
75 111
76 112
77 112
78 113
79 113
80 114
81 114
82 115
83 115
84 116
85 116
86 116
87 117
88 117
89 118
90 118
91 118
92 119
93 119
94 120
95 120
96 120
97 120
98 121
99 121
100 121
101 121
102 122
103 122
104 122
105 122
106 122
107 123
108 123
109 123
110 123
111 123
112 123
113 123
114 123
115 123
116 123
117 123
118 123
119 123
120 123
121 123
122 123
123 123
124 123
125 122
126 122
127 122
128 122
129 122
130 121
131 121
132 121
133 121
134 120
135 120
136 120
137 120
138 119
139 119
140 119
141 118
142 118
143 118
144 117
145 117
146 117
147 116
148 116
149 116
150 115
151 115
