28 22
29 22
30 22
31 23
32 23
33 23
34 23
35 23
36 23
37 24
38 24
39 24
40 24
41 24
42 25
43 25
44 25
45 25
46 25
47 25
48 26
49 26
50 26
51 26
52 26
53 27
54 27
55 27
56 27
57 27
58 28
59 28
60 28
61 28
62 28
63 29
64 29
65 29
66 29
67 29
68 30
69 30
70 30
71 30
72 31
73 31
74 31
75 31
76 32
77 32
78 32
79 32
80 33
81 33
82 33
83 33
84 34
85 34
86 34
87 35
88 35
89 35
90 36
91 36
92 36
93 37
94 37
95 37
96 38
97 38
98 39
99 39
100 40
101 40
102 41
103 41
104 42
105 42
106 43
107 43
108 44
109 45
110 45
111 46
112 47
113 47
114 48
115 49
116 50
117 50
118 51
119 52
120 53
121 54
122 55
123 56
124 57
125 57
126 58
127 59
128 60
129 61
130 62
131 63
132 64
133 65
134 66
135 67
136 68
137 69
138 70
139 71
140 72
141 73
142 74
143 75
144 75
145 76
146 77
147 78
148 79
149 79
150 80
151 81
152 81
153 82
154 82
155 83
156 83
157 84
158 84
159 85
160 85
161 86
162 86
163 87
164 87
165 87
166 88
167 88
168 88
169 89
170 89
171 90
172 90
173 90
174 91
175 91
176 92
177 92
178 93
179 93
180 94
181 94
182 95
183 95
184 96
185 96
186 97
187 97
188 98
189 98
190 99
191 99
192 100
193 100
194 101
195 102
196 102
197 103
198 103
199 104
200 105
201 105
202 106
203 106
204 107
205 107
206 108
207 108
208 109
209 109
210 109
211 109
212 110
213 110
214 110
215 110
216 110
217 110
218 110
219 110
220 110
221 110
222 110
223 110
224 109
225 109
226 109
227 109
228 109
229 109
230 108
231 108
232 108
233 108
234 108
235 107
236 107
237 107
238 107
239 107
240 106
241 106
242 106
243 106
244 105
245 105
246 105
247 105
248 104
249 104
250 104
251 104
252 103
253 103
254 103
255 103
256 102
257 102
258 102
259 102
260 101
261 101
262 101
263 101
264 100
265 100
266 100
267 100
268 100
269 100
270 99
271 99
272 99
273 99
274 99
275 99
276 99
277 99
278 99
279 99
280 99
281 98
282 98
283 98
284 98
285 98
286 98
287 98
288 98
289 98
290 98
291 98
292 99
293 99
294 99
295 99
296 99
297 99
298 99
299 99
300 99
301 99
302 99
303 99
304 99
305 99
306 99
307 99
308 99
309 99
310 99
311 99
312 99
313 98
314 98
315 98
316 98
317 98
318 97
319 97
320 97
321 97
322 96
323 96
324 96
325 95
326 95
327 95
328 94
329 94
330 94
331 93
332 93
333 93
334 92
335 92
336 91
337 91
338 91
339 90
340 90
341 90
