13 31
14 32
15 32
16 32
17 32
18 33
19 33
20 33
21 34
22 34
23 35
24 35
25 36
26 36
27 37
28 37
29 37
30 38
31 38
32 39
33 39
34 39
35 40
36 40
37 40
38 40
39 40
40 41
41 41
42 41
43 41
44 41
45 41
46 41
47 42
48 42
49 42
50 42
51 42
52 43
53 43
54 43
55 44
56 44
57 44
58 45
59 45
60 46
61 46
62 47
63 48
64 48
65 49
66 50
67 50
68 51
69 52
70 53
71 54
72 55
73 55
74 56
75 57
76 58
77 59
78 60
79 61
80 62
80 63
81 64
82 65
83 66
84 67
85 68
86 69
87 70
88 71
89 72
90 73
91 74
92 75
93 76
94 77
95 78
96 79
97 80
98 80
99 81
100 82
101 82
102 83
103 83
104 84
105 84
106 85
107 85
108 85
109 86
110 86
111 86
112 86
113 86
114 85
115 85
116 85
117 85
118 84
119 84
120 84
121 83
122 83
123 83
124 82
125 82
126 82
127 82
128 81
129 81
130 81
131 81
132 80
133 80
134 80
135 80
136 80
137 80
138 80
139 80
140 79
141 79
142 79
143 79
144 79
145 78
146 78
147 78
148 77
149 77
150 76
151 76
152 75
153 75
154 74
155 74
156 73
157 72
158 72
159 71
160 70
161 70
162 69
163 69
164 68
165 68
166 67
167 67
168 66
169 66
170 66
171 66
172 66
173 66
174 66
175 66
176 66
177 66
178 67
179 67
180 68
181 68
182 68
183 69
184 70
185 70
186 71
187 71
188 72
189 72
190 73
191 73
192 74
193 74
194 75
195 75
196 76
197 76
198 76
199 77
200 77
201 77
202 78
203 78
204 78
205 78
206 79
207 79
208 79
209 79
210 79
211 80
212 80
213 80
214 80
215 81
216 81
217 81
218 81
219 82
220 82
221 83
222 83
223 84
224 84
225 84
226 85
227 85
228 86
229 86
230 86
231 87
232 87
233 87
234 88
235 88
236 88
237 88
238 88
239 88
240 88
241 88
242 87
243 87
244 86
245 86
246 85
247 85
248 84
249 83
250 82
251 81
252 80
253 79
254 78
255 77
256 76
257 75
257 74
258 73
259 72
259 71
260 70
261 69
261 68
262 67
263 66
263 65
264 64
265 63
265 62
266 61
267 60
267 59
268 58
269 57
269 56
270 55
271 54
272 53
273 52
273 51
274 50
275 49
276 48
277 47
278 46
279 45
280 44
281 43
282 42
283 42
284 41
285 41
286 40
287 40
288 39
289 39
290 39
291 39
292 38
293 38
294 38
295 38
296 38
297 38
298 38
299 38
300 38
301 38
302 37
303 37
304 37
305 37
306 36
307 36
308 36
309 36
310 35
311 35
312 35
313 34
314 34
315 34
316 33
317 33
318 32
319 32
320 32
321 31
322 31
323 30
324 30
325 30
