11 45
12 46
13 47
13 48
14 49
15 50
15 51
16 52
16 53
17 54
17 55
18 56
19 57
19 58
20 59
20 60
21 61
21 62
22 63
22 64
23 65
23 66
24 67
24 68
25 69
25 70
26 71
26 72
27 73
27 74
28 75
28 76
29 77
29 78
30 79
30 80
30 81
31 82
31 83
32 84
32 85
33 86
33 87
34 88
34 89
35 90
35 91
36 92
36 93
37 94
37 95
38 96
38 97
39 98
39 99
40 100
40 101
41 102
42 103
42 104
43 105
43 106
44 107
45 108
45 109
46 110
47 111
47 112
48 113
49 114
50 115
50 116
51 117
52 118
53 119
53 120
54 121
55 122
56 123
57 124
57 125
58 126
59 127
60 128
61 129
62 130
63 131
63 132
64 133
65 134
66 135
67 136
68 137
69 138
70 139
70 140
71 141
72 142
73 143
74 144
75 145
76 146
77 147
78 148
79 149
80 150
81 151
82 152
83 153
84 154
85 155
86 156
87 157
88 158
89 159
90 159
91 160
92 161
93 162
94 162
95 163
96 164
97 165
98 165
99 166
100 166
101 167
102 167
103 168
104 169
105 169
106 169
107 170
108 170
109 171
110 171
111 171
112 172
113 172
114 172
115 173
116 173
117 173
118 173
119 173
120 174
121 174
122 174
123 174
124 174
125 174
126 174
127 174
128 174
129 174
130 174
131 174
132 173
133 173
134 173
135 173
136 173
137 172
138 172
139 172
140 171
141 171
142 171
143 170
144 170
145 169
146 169
147 168
148 168
149 167
150 167
151 166
152 165
153 165
154 164
155 163
156 163
157 162
158 161
159 161
160 160
161 159
162 158
163 158
164 157
165 156
166 156
167 155
168 154
169 154
170 153
171 153
172 152
173 151
174 151
175 150
176 150
177 150
178 149
179 149
180 149
181 148
182 148
183 148
184 148
185 147
186 147
187 147
188 147
189 147
190 147
191 147
192 147
193 147
194 147
195 147
196 147
197 148
198 148
199 148
200 148
201 148
202 148
203 149
204 149
205 149
206 149
207 150
208 150
209 150
210 151
211 151
212 151
213 152
214 152
215 152
216 153
217 153
