9 26
10 27
11 28
12 29
12 30
13 31
14 32
14 33
15 34
16 35
17 36
18 37
18 38
19 39
20 40
21 40
22 41
23 42
24 43
25 43
26 44
27 44
28 45
29 45
30 45
31 46
32 46
33 46
34 46
35 47
36 47
37 47
38 48
39 48
40 48
41 49
42 49
43 49
44 50
45 50
46 51
47 51
48 52
49 52
50 53
51 54
52 54
53 55
54 55
55 56
56 57
57 58
58 58
59 59
60 60
61 60
62 61
63 62
64 62
65 63
66 64
67 65
68 65
69 66
70 66
71 67
72 68
73 68
74 69
75 69
76 70
77 70
78 71
79 71
80 72
81 72
82 72
83 73
84 73
85 73
86 74
87 74
88 74
89 74
90 75
91 75
92 75
93 75
94 75
95 75
96 75
97 75
98 75
99 75
100 75
101 75
102 75
103 75
104 75
105 75
106 76
107 76
108 77
109 78
110 78
111 79
112 80
113 80
114 81
115 82
116 83
117 83
118 84
119 84
120 85
121 85
122 86
123 86
124 87
125 87
126 87
127 88
128 88
129 88
130 89
131 89
132 89
133 90
134 90
135 90
136 91
137 91
138 91
139 92
140 92
141 92
142 93
143 93
144 93
145 93
146 94
147 94
148 94
149 94
150 94
151 94
152 95
153 95
154 95
155 95
156 95
157 95
158 95
159 95
160 95
161 95
162 95
163 95
164 95
165 95
166 95
167 95
168 95
169 95
170 95
171 95
172 95
173 94
174 94
175 94
176 94
177 94
178 94
179 93
180 93
181 93
182 93
183 93
184 92
185 92
186 92
187 92
188 91
189 91
190 91
191 90
192 90
193 90
194 90
195 89
196 89
197 89
198 88
199 88
200 88
201 87
202 87
203 87
204 86
205 86
206 86
207 85
208 85
209 84
210 84
211 84
212 83
213 83
214 82
215 82
216 82
217 81
218 81
219 80
220 80
221 80
222 79
223 79
224 78
225 78
226 78
227 77
228 77
229 76
230 76
231 76
232 75
233 75
234 75
235 74
236 74
237 74
238 74
239 73
240 73
241 73
242 73
243 73
244 72
245 72
246 72
247 72
248 72
249 72
250 72
251 72
252 72
253 73
254 73
255 73
256 73
257 73
258 74
259 74
260 74
261 75
262 75
263 76
264 76
265 77
266 77
267 78
268 78
269 79
270 80
271 80
272 81
273 82
274 83
275 84
276 85
277 86
278 87
279 88
280 89
280 90
281 91
282 92
283 93
283 94
284 95
285 96
286 97
286 98
287 99
288 100
288 101
289 102
290 103
290 104
291 105
292 106
292 107
293 108
293 109
294 110
295 111
295 112
296 113
296 114
297 115
298 116
298 117
299 118
299 119
300 120
301 121
301 122
302 123
303 124
303 125
304 126
305 127
305 128
306 129
307 130
308 131
309 132
310 133
311 134
312 135
313 136
314 136
315 137
316 137
317 137
318 137
319 137
320 137
321 136
322 136
323 135
324 135
325 134
326 133
327 132
328 132
329 131
330 130
331 129
332 128
333 128
334 127
335 126
336 125
337 125
338 124
339 123
340 122
341 122
342 121
343 120
344 120
345 119
346 118
347 118
348 117
349 116
350 116
