23 63
24 63
25 64
26 65
27 66
28 66
29 67
30 68
31 69
32 70
33 71
34 72
35 73
36 74
37 75
38 75
39 76
40 77
41 78
42 79
43 80
44 81
45 82
46 83
47 84
48 85
49 86
50 87
51 88
52 89
53 90
53 91
54 92
55 93
56 94
57 95
58 96
59 97
59 98
60 99
61 100
62 101
63 102
63 103
64 104
65 105
66 106
66 107
67 108
68 109
68 110
69 111
70 112
70 113
71 114
71 115
72 116
73 117
73 118
74 119
74 120
75 121
75 122
76 123
77 124
77 125
78 126
78 127
79 128
79 129
80 130
80 131
81 132
81 133
82 134
82 135
83 136
83 137
84 138
84 139
85 140
85 141
86 142
87 143
87 144
88 145
88 146
89 147
89 148
90 149
91 150
91 151
92 152
93 153
93 154
94 155
95 156
96 157
97 158
98 159
99 160
100 160
101 161
102 161
103 161
104 161
105 160
106 159
107 158
108 157
109 156
110 155
111 154
111 153
112 152
113 151
113 150
114 149
115 148
115 147
116 146
116 145
117 144
118 143
118 142
119 141
119 140
120 139
121 138
121 137
122 136
123 135
124 134
125 133
126 132
127 131
128 130
129 129
130 129
131 128
132 128
133 128
134 128
135 128
136 128
137 128
138 128
139 128
140 128
141 128
142 128
143 129
144 129
145 130
146 130
147 130
148 131
149 131
150 132
151 132
152 133
153 133
154 134
155 135
156 135
157 136
158 136
159 137
160 138
161 138
162 139
163 140
164 140
165 141
166 142
167 142
168 143
169 144
170 144
171 145
172 146
173 146
174 147
175 148
176 148
177 149
178 150
179 150
180 151
181 152
182 152
183 153
184 154
185 154
186 155
187 156
188 156
189 157
190 158
191 158
192 159
193 160
194 160
195 161
196 162
197 162
198 163
199 164
200 164
201 165
202 166
203 166
204 167
205 167
206 168
207 169
208 169
209 170
210 170
211 171
212 172
213 172
214 173
215 173
216 174
217 174
218 175
219 175
220 176
221 176
222 176
223 177
224 177
225 178
226 178
227 178
228 179
229 179
230 179
231 180
232 180
233 180
234 180
235 181
236 181
237 181
238 181
239 181
240 181
241 181
242 182
243 182
244 182
245 182
246 182
247 182
248 182
249 182
250 181
251 181
252 181
253 181
254 181
255 181
256 180
257 180
258 180
259 180
260 179
261 179
262 179
263 178
264 178
265 178
266 177
267 177
268 177
269 177
270 177
271 176
272 176
273 176
274 176
275 177
276 177
277 177
278 177
279 178
280 178
281 178
282 179
283 180
284 180
285 181
286 181
287 182
288 183
289 184
290 184
291 185
292 186
293 187
294 187
295 188
296 189
297 189
298 190
299 191
300 191
301 192
302 192
303 193
304 193
305 193
306 194
307 194
308 194
309 194
310 195
311 195
312 195
313 195
314 195
315 195
316 195
317 195
318 195
319 194
320 194
321 194
322 194
323 194
324 194
325 194
326 193
327 193
328 193
329 193
330 193
331 192
332 192
333 192
334 192
335 192
336 192
337 191
338 191
339 191
340 191
341 191
342 191
343 191
344 190
345 190
346 190
347 190
348 190
349 190
350 190
351 190
352 190
353 189
354 189
355 189
356 189
357 189
358 189
359 189
360 189
361 189
362 189
363 189
364 189
365 189
366 189
367 189
368 188
369 188
370 188
371 188
372 188
373 188
374 188
375 188
376 188
377 188
378 188
379 188
380 188
381 188
382 188
383 188
384 188
385 188
386 188
387 188
388 188
389 188
390 188
391 189
392 189
393 189
394 189
395 189
396 189
397 189
398 189
399 189
400 189
401 190
402 190
403 190
404 190
405 190
406 191
407 191
408 191
409 191
410 192
411 192
412 192
413 192
414 193
415 193
416 193
417 193
418 193
419 193
420 193
421 193
422 193
423 193
424 193
425 192
426 192
427 191
428 190
429 190
430 189
431 188
432 187
433 186
434 186
435 185
