46 80
47 81
48 81
49 82
50 83
51 84
52 84
53 85
54 86
55 87
56 88
57 88
58 89
59 90
60 91
61 91
62 92
63 93
64 93
65 94
66 95
67 95
68 96
69 97
70 97
71 98
72 98
73 99
74 99
75 100
76 100
77 101
78 102
79 102
80 103
81 103
82 104
83 104
84 104
85 105
86 105
87 106
88 106
89 107
90 107
91 108
92 108
93 109
94 109
95 110
96 110
97 111
98 111
99 112
100 112
101 113
102 113
103 114
104 114
105 114
106 115
107 115
108 116
109 116
110 117
111 117
112 117
113 118
114 118
115 119
116 119
117 119
118 119
119 120
120 120
121 120
122 120
123 121
124 121
125 121
126 121
127 121
128 121
129 121
130 121
131 121
132 121
133 121
134 121
135 120
136 120
137 120
138 119
139 119
140 119
141 118
142 118
143 117
144 117
145 116
146 116
147 115
148 115
149 114
150 113
151 113
152 112
153 112
154 111
155 110
156 110
157 109
158 109
159 108
160 108
161 107
162 107
163 106
164 106
165 105
166 105
167 105
168 104
169 104
170 104
171 103
172 103
173 103
174 102
175 102
176 102
177 102
178 101
179 101
180 101
181 101
182 101
183 100
184 100
185 100
186 100
187 100
188 100
189 100
190 100
191 100
192 99
193 99
194 99
195 99
196 99
197 99
198 99
199 99
200 99
201 99
202 99
203 99
204 99
205 99
206 99
207 99
208 99
209 99
210 99
211 99
212 98
213 98
214 98
215 98
216 98
217 98
218 98
219 98
220 98
221 98
222 98
223 98
224 98
225 98
226 98
227 98
228 98
229 98
230 98
231 98
232 98
233 98
234 98
235 98
236 98
237 97
238 97
239 97
240 97
241 97
242 97
243 97
244 97
245 97
246 97
247 97
248 97
249 97
250 96
251 96
252 96
253 96
254 96
255 96
256 96
257 96
258 96
259 96
260 96
261 96
262 95
263 95
264 95
265 95
266 95
267 95
268 95
269 95
270 95
271 95
272 95
273 95
274 95
275 95
276 94
277 94
278 94
279 94
280 94
281 94
282 94
283 94
284 94
285 94
286 94
287 94
288 94
289 94
290 94
291 94
292 94
293 94
294 94
295 94
296 94
297 93
298 93
299 93
300 93
301 93
302 93
303 93
304 93
305 93
306 93
307 93
308 93
309 93
310 93
311 93
312 93
313 93
314 93
315 93
316 93
317 93
318 93
319 93
320 93
321 93
322 93
323 93
324 93
325 93
326 93
327 93
328 93
329 93
330 93
331 93
332 93
333 93
