11 45
12 46
13 46
14 47
15 48
16 48
17 49
18 50
19 50
20 51
21 51
22 52
23 53
24 53
25 54
26 54
27 55
28 56
29 56
30 57
31 57
32 58
33 58
34 59
35 59
36 60
37 60
38 61
39 61
40 61
41 62
42 62
43 63
44 63
45 63
46 64
47 64
48 65
49 65
50 65
51 66
52 66
53 67
54 67
55 67
56 68
57 68
58 69
59 69
60 70
61 70
62 71
63 71
64 72
65 73
66 74
67 74
68 75
69 76
70 77
71 78
72 79
72 80
73 81
74 82
75 83
75 84
76 85
77 86
78 87
78 88
79 89
79 90
80 91
81 92
81 93
82 94
82 95
83 96
83 97
84 98
84 99
85 100
85 101
86 102
86 103
87 104
87 105
88 106
88 107
89 108
89 109
90 110
90 111
91 112
91 113
92 114
92 115
93 116
93 117
94 118
94 119
95 120
95 121
96 122
96 123
97 124
97 125
98 126
98 127
99 128
99 129
100 130
100 131
101 132
101 133
102 134
102 135
103 136
103 137
104 138
104 139
105 140
105 141
106 142
106 143
107 144
107 145
108 146
109 147
109 148
110 149
110 150
111 151
111 152
112 153
113 154
113 155
114 156
115 157
115 158
116 159
117 160
118 161
118 162
119 163
120 164
121 165
122 166
123 167
124 168
125 169
126 170
127 171
128 171
129 172
130 173
131 173
132 174
133 174
134 175
135 175
136 175
137 176
138 176
139 176
140 176
141 176
142 176
143 176
144 176
145 176
146 176
147 175
148 175
149 174
150 174
151 173
152 172
153 171
154 170
155 169
156 168
157 167
158 166
159 165
160 164
160 163
161 162
162 161
163 160
163 159
164 158
165 157
165 156
166 155
167 154
167 153
168 152
169 151
169 150
170 149
171 148
172 147
172 146
173 145
174 144
175 143
175 142
176 141
177 140
178 139
179 138
180 137
181 136
182 135
183 134
184 133
185 132
186 132
187 131
188 130
189 130
190 129
191 129
192 128
193 128
194 127
195 127
196 126
197 126
198 126
199 126
200 125
201 125
202 125
203 125
204 125
205 124
206 124
207 124
208 124
209 124
210 124
211 124
212 124
213 124
214 124
215 124
216 124
217 125
218 125
219 125
220 125
221 125
222 126
223 126
224 126
225 126
226 127
227 127
228 127
229 128
230 128
231 129
232 129
233 129
234 130
235 130
236 131
237 131
238 132
239 132
240 133
241 133
242 134
243 134
244 135
245 135
246 136
247 136
248 137
249 137
250 138
251 138
252 139
253 139
254 140
255 140
256 141
257 141
258 142
259 143
260 143
261 144
262 144
263 145
264 145
265 145
266 146
267 146
268 147
269 147
270 148
271 148
272 148
273 149
274 149
275 149
276 150
277 150
278 150
279 151
280 151
281 151
282 151
283 151
284 151
285 151
286 152
287 152
288 151
289 151
290 151
291 151
292 151
293 151
294 151
295 151
296 150
297 150
298 150
299 150
300 149
301 149
302 149
303 149
304 148
305 148
306 148
307 147
308 147
309 147
310 146
311 146
312 146
313 145
314 145
315 145
316 144
317 144
318 144
319 144
320 143
321 143
322 143
323 143
324 142
325 142
326 142
327 142
328 141
329 141
330 141
331 141
332 140
333 140
334 140
335 139
336 139
337 139
338 138
339 138
340 138
341 137
342 137
343 137
344 136
345 136
346 135
347 135
348 134
349 134
350 133
351 133
352 132
353 132
354 131
355 131
356 130
357 130
358 130
359 129
360 129
361 129
362 129
363 129
364 129
365 129
366 129
367 129
368 129
369 129
370 129
371 129
372 129
373 130
374 130
375 130
376 130
377 131
378 131
379 131
380 131
381 131
382 131
383 131
384 131
385 131
386 131
387 131
388 131
389 131
390 131
391 130
392 130
393 130
394 130
395 130
396 129
397 129
398 129
399 128
400 128
401 127
402 127
403 127
404 126
405 126
406 126
407 125
408 125
409 125
410 124
411 124
412 124
413 123
414 123
415 123
416 122
417 122
418 122
419 122
420 122
421 121
422 121
423 121
424 121
425 121
426 121
427 121
428 121
429 121
430 121
431 121
432 121
433 121
434 122
435 122
436 122
437 122
438 122
439 122
440 122
441 122
442 122
443 123
444 123
445 123
446 123
447 123
448 123
449 122
450 122
451 122
452 122
453 122
454 121
455 121
456 121
457 120
458 120
459 119
460 119
461 118
462 117
463 117
464 116
465 115
466 115
467 114
468 113
469 112
470 111
471 110
472 110
473 109
474 108
475 107
476 106
477 105
478 104
479 104
480 103
481 102
482 101
483 100
484 99
485 99
486 98
487 97
488 96
489 96
490 95
491 94
492 93
493 93
494 92
495 92
496 91
497 90
498 90
499 89
500 89
501 88
502 88
503 88
504 87
505 87
506 86
507 86
508 86
509 85
510 85
511 85
512 85
513 84
514 84
515 84
516 84
517 84
518 83
519 83
520 83
521 83
522 83
523 83
524 83
525 83
526 83
527 83
528 83
529 83
530 84
531 84
532 84
533 84
534 84
535 85
536 85
537 86
538 86
539 86
540 87
541 87
542 88
543 89
544 89
545 90
546 91
547 91
548 92
549 93
550 94
551 94
552 95
553 96
554 97
555 98
556 99
557 100
558 101
559 102
560 103
561 104
562 105
563 106
564 107
565 108
566 109
567 110
568 111
569 112
570 113
570 114
571 115
572 116
573 117
574 118
575 119
575 120
576 121
577 122
578 123
579 124
579 125
580 126
581 127
582 128
582 129
583 130
584 131
584 132
585 133
586 134
587 135
587 136
588 137
589 138
589 139
590 140
590 141
591 142
592 143
592 144
593 145
594 146
594 147
595 148
595 149
596 150
596 151
597 152
598 153
598 154
599 155
599 156
600 157
601 158
601 159
602 160
602 161
603 162
603 163
604 164
605 165
605 166
606 167
606 168
607 169
607 170
608 171
609 172
609 173
610 174
611 175
611 176
612 177
613 178
613 179
614 180
615 181
615 182
616 183
617 184
617 185
618 186
619 187
620 188
620 189
621 190
622 191
623 192
624 193
624 194
625 195
626 196
627 197
628 198
629 199
630 200
631 201
632 202
633 203
634 204
635 205
636 205
637 206
638 207
639 208
640 208
641 209
642 210
643 210
644 211
645 212
646 213
