30 2
31 2
32 3
33 3
34 3
35 4
36 4
37 4
38 4
39 5
40 5
41 5
42 6
43 6
44 6
45 7
46 7
47 7
48 8
49 8
50 8
51 9
52 9
53 9
54 10
55 10
56 11
57 11
58 12
59 12
60 13
61 13
62 14
63 14
64 15
65 15
66 16
67 17
68 17
69 18
70 19
71 19
72 20
73 21
74 21
75 22
76 23
77 24
78 25
79 25
80 26
81 27
82 28
83 29
84 30
85 31
86 32
87 32
88 33
89 34
90 35
91 36
92 37
93 37
94 38
95 39
96 39
97 40
98 41
99 41
100 42
101 42
102 43
103 43
104 44
105 44
106 45
107 45
108 46
109 46
110 46
111 47
112 47
113 48
114 48
115 48
116 49
117 49
118 50
119 50
120 50
121 51
122 51
123 52
124 52
125 53
126 53
127 54
128 54
129 55
130 55
131 56
132 56
133 57
134 57
135 58
136 59
137 59
138 60
139 60
140 61
141 62
142 62
143 63
144 63
145 64
146 65
147 65
148 66
149 66
150 67
151 68
152 68
153 69
154 70
155 70
156 71
157 72
158 72
159 73
160 74
161 74
162 75
163 75
164 76
165 77
166 77
167 78
168 79
169 79
170 80
171 81
172 81
173 82
174 83
175 83
176 84
177 85
178 85
179 86
180 86
181 87
182 88
183 88
184 89
185 89
186 90
187 90
188 91
189 91
190 92
191 92
192 92
193 93
194 93
195 93
196 94
197 94
198 94
199 95
200 95
201 95
202 96
203 96
204 96
205 96
206 96
207 97
208 97
209 97
210 97
211 97
212 98
213 98
214 98
215 98
216 98
217 99
218 99
219 99
220 99
221 99
222 100
223 100
224 100
225 101
226 101
227 101
228 102
229 102
230 103
231 103
232 104
233 104
234 104
235 105
236 106
237 106
238 107
239 107
240 108
241 108
242 109
243 109
244 110
245 110
246 111
247 111
248 112
249 112
250 113
251 113
252 114
253 114
254 115
255 115
256 115
257 116
258 116
259 117
260 117
261 118
262 118
263 119
264 119
265 119
266 120
267 120
268 121
269 121
270 122
271 122
272 122
273 123
274 123
275 124
