29 63
29 64
30 65
30 66
31 67
32 68
32 69
33 70
33 71
34 72
34 73
35 74
36 75
36 76
37 77
37 78
38 79
38 80
39 81
40 82
40 83
41 84
42 85
42 86
43 87
44 88
44 89
45 90
46 91
46 92
47 93
48 94
49 95
49 96
50 97
51 98
52 99
53 100
54 101
55 102
56 103
57 104
58 105
59 105
60 106
61 107
62 107
63 108
64 108
65 109
66 109
67 110
68 110
69 110
70 111
71 111
72 112
73 112
74 112
75 113
76 113
77 113
78 114
79 114
80 114
81 115
82 115
83 115
84 116
85 116
86 116
87 117
88 117
89 117
90 118
91 118
92 118
93 119
94 119
95 119
96 120
97 120
98 120
99 121
100 121
101 121
102 121
103 122
104 122
105 122
106 122
107 123
108 123
109 123
110 123
111 123
112 123
113 124
114 124
115 124
116 124
117 124
118 124
119 124
120 124
121 124
122 124
123 124
124 124
125 124
126 124
127 124
128 124
129 124
130 123
131 123
132 123
133 123
134 123
135 123
136 122
137 122
138 122
139 122
140 122
141 121
142 121
143 121
144 121
145 120
146 120
147 120
148 120
149 119
150 119
151 119
152 119
153 118
154 118
155 118
156 118
157 117
158 117
159 117
160 117
161 117
162 116
163 116
164 116
165 116
166 116
167 116
168 116
169 116
170 116
171 116
172 116
173 116
174 116
175 117
176 117
177 118
178 118
179 119
180 119
181 120
182 121
183 122
184 123
185 124
186 125
186 126
187 127
188 128
188 129
189 130
189 131
190 132
191 133
191 134
192 135
192 136
193 137
193 138
194 139
194 140
195 141
195 142
196 143
196 144
197 145
197 146
198 147
198 148
199 149
199 150
199 151
200 152
200 153
201 154
201 155
202 156
202 157
203 158
203 159
204 160
204 161
205 162
205 163
206 164
206 165
207 166
208 167
208 168
209 169
209 170
210 171
210 172
211 173
212 174
212 175
213 176
214 177
214 178
215 179
216 180
216 181
217 182
218 183
219 184
220 185
221 186
222 187
223 188
224 189
225 190
226 191
227 192
228 193
229 194
230 194
231 195
232 196
233 196
234 197
235 197
236 198
237 198
238 198
239 199
240 199
241 199
242 200
243 200
244 200
245 200
246 200
247 200
248 200
249 200
250 200
251 200
252 200
253 200
254 200
255 199
256 199
257 199
258 198
259 198
260 198
261 197
262 197
263 196
264 196
265 195
266 194
267 194
268 193
269 193
270 192
271 191
272 191
273 190
274 189
275 189
276 188
277 187
278 186
279 186
280 185
281 184
282 184
283 183
284 182
285 182
286 181
287 181
288 180
289 180
290 179
291 178
292 178
293 177
294 177
295 176
296 176
297 175
298 175
299 174
300 174
301 174
302 173
303 173
304 172
305 172
306 171
307 171
308 171
309 170
310 170
311 169
312 169
313 169
314 168
315 168
316 168
317 167
318 167
319 167
320 166
321 166
322 166
323 165
324 165
325 165
326 165
327 164
328 164
329 164
330 164
331 164
332 164
333 164
334 164
335 164
336 164
337 164
338 164
339 164
340 164
341 164
342 164
343 165
344 165
345 165
346 166
347 166
348 167
349 167
350 168
351 168
352 169
353 169
354 170
355 171
356 171
357 172
358 173
359 173
360 174
361 175
362 176
363 176
364 177
365 178
366 179
367 180
368 180
369 181
370 182
371 183
372 184
373 184
374 185
375 186
376 187
377 188
378 188
379 189
380 190
381 191
382 192
383 192
384 193
385 194
386 195
387 195
388 196
389 197
390 197
391 198
392 199
393 200
394 200
395 201
396 202
397 202
398 203
399 204
400 204
401 205
402 206
403 206
404 207
405 207
406 208
407 209
408 209
409 210
410 210
411 211
412 211
413 212
414 212
415 213
416 213
417 214
418 214
419 215
420 215
421 216
422 216
423 216
424 217
425 217
426 217
427 218
428 218
429 218
430 219
431 219
432 219
433 219
434 219
435 220
436 220
437 220
438 220
439 220
440 220
441 220
442 220
443 220
444 220
445 219
446 219
447 219
448 219
449 218
450 218
451 217
452 217
453 216
454 215
455 215
456 214
457 213
458 212
459 211
460 210
461 209
461 208
462 207
463 206
464 205
464 204
465 203
465 202
466 201
467 200
467 199
468 198
468 197
469 196
469 195
470 194
470 193
471 192
471 191
472 190
472 189
473 188
473 187
474 186
474 185
475 184
475 183
476 182
476 181
477 180
477 179
478 178
478 177
