11 67
12 68
12 69
13 70
14 71
14 72
15 73
16 74
16 75
17 76
18 77
18 78
19 79
20 80
20 81
21 82
22 83
23 84
23 85
24 86
25 87
25 88
26 89
27 90
28 91
28 92
29 93
30 94
31 95
31 96
32 97
33 98
34 99
35 100
35 101
36 102
37 103
38 104
39 105
40 106
41 107
41 108
42 109
43 110
44 111
45 112
46 113
47 114
48 115
49 116
50 116
51 117
52 118
53 119
54 119
55 120
56 120
57 121
58 121
59 122
60 122
61 122
62 123
63 123
64 123
65 124
66 124
67 124
68 125
69 125
70 125
71 126
72 126
73 126
74 126
75 127
76 127
77 127
78 128
79 128
80 128
81 128
82 129
83 129
84 129
85 129
86 130
87 130
88 130
89 130
90 131
91 131
92 131
93 131
94 131
95 131
96 131
97 132
98 132
99 132
100 132
101 132
102 132
103 132
104 132
105 132
106 132
107 131
108 131
109 131
110 131
111 131
112 131
113 130
114 130
115 130
116 130
117 129
118 129
119 129
120 128
121 128
122 128
123 127
124 127
125 126
126 126
127 125
128 125
129 124
130 124
131 123
132 122
133 122
134 121
135 120
136 120
137 119
138 118
139 118
140 117
141 116
142 116
143 115
144 114
145 114
146 113
147 112
148 112
149 111
150 110
151 110
152 109
153 109
154 108
155 108
156 108
157 107
158 107
159 106
160 106
161 106
162 105
163 105
164 105
165 104
166 104
167 104
168 104
169 103
170 103
171 103
172 103
173 103
174 103
175 103
176 103
177 102
178 102
179 102
180 102
181 102
182 102
183 102
184 103
185 103
186 103
187 103
188 103
189 103
190 103
191 103
192 104
193 104
194 104
195 105
196 105
197 105
198 106
199 106
200 106
201 107
202 107
203 108
204 108
205 109
206 109
207 110
208 111
209 111
210 112
211 112
212 113
213 114
214 114
215 115
216 116
217 117
218 117
219 118
220 119
221 119
222 120
223 121
224 121
225 122
226 123
227 123
228 124
229 124
230 124
231 125
232 125
233 125
234 125
235 125
236 125
237 125
238 125
239 125
240 125
241 124
242 124
243 123
244 123
245 123
246 122
247 122
248 121
249 120
250 120
251 119
252 118
253 118
254 117
255 116
256 116
257 115
258 114
259 113
260 113
261 112
262 112
263 111
264 110
265 110
266 109
267 109
268 109
269 108
270 108
271 108
272 108
273 107
274 107
275 107
276 107
277 107
278 107
279 107
280 107
281 107
282 107
283 107
284 107
285 107
286 107
287 107
288 107
289 107
290 107
291 107
292 107
293 107
294 107
295 107
296 107
297 107
298 107
299 107
300 108
301 108
302 108
303 108
304 108
305 108
306 108
307 109
308 109
309 109
310 109
311 110
312 110
313 110
314 111
315 111
316 112
317 112
318 112
319 113
320 113
321 114
322 115
323 115
324 116
325 117
326 117
327 118
328 119
329 119
330 120
331 121
332 122
333 123
334 123
335 124
336 125
337 126
338 127
339 128
340 129
341 130
342 131
343 132
344 133
345 134
346 135
347 136
348 136
349 137
350 138
351 139
352 139
353 140
354 141
355 141
356 142
357 142
358 143
359 143
360 144
361 144
362 145
363 145
364 145
365 146
366 146
367 146
368 146
369 146
370 146
371 146
372 146
373 146
374 146
375 146
376 146
377 146
378 145
379 145
380 145
381 144
382 144
383 144
384 143
385 143
386 142
387 142
388 141
389 141
390 140
391 140
392 139
393 139
394 138
395 138
396 137
397 137
398 136
399 136
400 136
401 135
402 135
403 135
404 135
405 134
406 134
407 134
408 134
409 134
410 134
411 134
412 134
413 134
414 134
415 134
416 134
417 134
418 134
419 134
420 134
421 134
422 135
423 135
424 135
425 135
426 135
427 136
428 136
429 136
430 136
431 136
432 137
433 137
434 137
435 138
436 138
437 138
438 138
439 139
440 139
441 139
442 140
443 140
444 140
445 140
446 141
447 141
448 141
449 141
450 141
451 142
452 142
453 142
454 142
455 142
456 142
457 143
458 143
459 143
460 143
461 143
462 143
463 143
464 143
465 143
466 143
467 143
468 143
469 142
470 142
471 142
472 142
473 142
474 141
475 141
476 141
477 141
478 140
479 140
480 139
481 139
482 138
483 138
484 137
485 137
486 136
487 136
488 135
489 134
490 134
491 133
492 133
493 132
494 131
495 130
496 130
497 129
498 128
499 127
500 127
501 126
502 125
503 124
504 124
505 123
506 122
507 121
508 120
509 119
510 119
511 118
512 117
513 116
