7 28
8 29
8 30
8 31
9 32
9 33
9 34
10 35
10 36
10 37
10 38
11 39
11 40
11 41
12 42
12 43
12 44
13 45
13 46
13 47
13 48
14 49
14 50
15 51
15 52
15 53
16 54
16 55
16 56
17 57
17 58
18 59
18 60
19 61
19 62
20 63
20 64
21 65
22 66
22 67
23 68
24 69
25 70
25 71
26 72
27 73
28 74
29 75
30 76
31 76
32 77
33 78
34 79
35 79
36 80
37 81
38 81
39 82
40 82
41 83
42 83
43 83
44 84
45 84
46 85
47 85
48 85
49 85
50 86
51 86
52 86
53 86
54 86
55 86
56 87
57 87
58 87
59 87
60 87
61 87
62 86
63 86
64 86
65 86
66 86
67 86
68 86
69 85
70 85
71 85
72 84
73 84
74 84
75 83
76 83
77 83
78 82
79 82
80 81
81 81
82 81
83 80
84 80
85 80
86 79
87 79
88 79
89 78
90 78
91 78
92 77
93 77
94 77
95 77
96 77
97 77
98 77
99 77
100 77
101 77
102 77
103 77
104 77
105 77
106 77
107 77
108 78
109 78
110 78
111 78
112 79
113 79
114 80
115 80
116 80
117 81
118 81
119 82
120 82
121 83
122 84
123 84
124 85
125 86
126 86
127 87
128 87
129 88
130 89
131 90
132 90
133 91
134 92
135 92
136 93
137 94
138 94
139 95
140 96
141 97
142 97
143 98
144 99
145 99
146 100
147 101
148 101
149 102
150 103
151 103
152 104
153 104
154 105
155 106
156 106
157 107
158 108
159 108
160 109
161 109
162 110
163 111
164 111
165 112
166 113
167 113
168 114
169 115
170 115
171 116
172 117
173 117
174 118
175 119
176 119
177 120
178 121
179 122
180 122
181 123
182 124
183 125
184 125
185 126
186 127
187 128
188 129
189 129
190 130
191 131
192 132
193 132
194 133
195 134
196 135
197 135
198 136
199 137
200 138
201 138
202 139
203 140
204 140
205 141
206 142
207 142
208 143
209 143
210 144
211 144
212 145
213 145
214 146
215 146
216 147
217 147
218 147
219 148
220 148
221 148
222 148
223 149
224 149
225 149
226 149
227 149
228 149
229 149
230 148
231 148
232 148
233 148
234 148
235 147
236 147
237 147
238 146
239 146
240 146
241 145
242 145
243 144
244 144
245 144
246 143
247 143
248 142
249 142
250 141
251 140
252 140
253 139
254 138
255 138
256 137
257 136
258 135
259 134
259 133
260 132
261 131
261 130
262 129
263 128
263 127
264 126
264 125
265 124
266 123
266 122
267 121
267 120
268 119
269 118
269 117
270 116
271 115
271 114
272 113
273 112
274 111
275 110
276 109
277 108
278 107
279 106
280 105
281 104
282 103
282 102
283 101
284 100
285 99
286 98
286 97
287 96
288 95
289 94
289 93
290 92
291 91
292 90
293 89
294 88
294 87
295 86
296 85
297 84
298 83
299 82
300 81
301 80
302 79
303 78
304 77
305 76
306 75
307 74
308 73
309 72
310 71
311 70
312 70
313 69
314 68
315 67
316 66
317 65
318 64
319 64
320 63
321 62
322 61
323 60
324 59
325 59
326 58
327 57
328 56
329 56
330 55
331 54
332 53
333 53
