11 5
12 6
13 7
14 8
14 9
15 10
16 11
17 12
17 13
18 14
19 15
19 16
20 17
21 18
22 19
22 20
23 21
24 22
24 23
25 24
26 25
27 26
27 27
28 28
29 29
30 30
30 31
31 32
32 33
33 34
33 35
34 36
35 37
36 38
37 39
37 40
38 41
39 42
40 43
41 44
41 45
42 46
43 47
44 48
45 49
46 50
46 51
47 52
48 53
49 54
50 55
51 56
52 57
53 58
54 59
55 60
56 61
56 62
57 63
58 64
59 65
60 66
61 67
62 68
63 69
64 70
65 71
66 72
67 73
68 74
69 75
70 76
71 77
72 78
73 79
74 80
75 81
76 82
77 83
78 84
79 85
80 86
81 87
82 88
83 89
84 89
85 90
86 91
87 92
88 93
89 93
90 94
91 95
92 95
93 96
94 96
95 97
96 97
97 98
98 98
99 98
100 99
101 99
102 99
103 100
104 100
105 100
106 100
107 100
108 101
109 101
110 101
111 101
112 101
113 102
114 102
115 102
116 102
117 103
118 103
119 103
120 103
121 104
122 104
123 104
124 104
125 105
126 105
127 105
128 105
129 105
130 106
131 106
132 106
133 106
134 106
135 107
136 107
137 107
138 107
139 107
140 107
141 107
142 107
143 107
144 107
145 107
146 107
147 107
148 107
149 107
150 107
151 107
152 107
153 107
154 107
155 107
156 106
157 106
158 106
159 106
160 106
161 105
162 105
163 105
164 105
165 105
166 104
167 104
168 104
169 104
170 104
171 104
172 104
173 104
174 104
175 105
176 105
177 105
178 105
179 106
180 106
181 106
182 107
183 107
184 108
185 108
186 109
187 110
188 110
189 111
190 112
191 113
192 113
193 114
194 115
195 116
196 116
197 117
198 118
199 118
200 119
201 119
202 120
203 120
204 121
205 121
206 121
207 121
208 122
209 122
210 122
211 122
212 122
213 123
214 123
215 123
216 123
217 123
218 124
219 124
220 124
221 124
222 125
223 125
224 126
225 126
226 126
227 127
228 127
229 128
230 128
231 129
232 129
233 130
234 130
235 131
236 132
237 132
238 133
239 133
240 134
241 135
242 135
243 136
244 137
245 137
246 138
247 139
248 139
249 140
250 141
251 142
252 143
253 143
254 144
255 145
256 146
257 146
258 147
259 148
260 149
261 149
262 150
263 151
264 151
265 152
266 152
267 153
268 153
269 154
270 154
271 154
272 154
273 155
274 155
275 154
276 154
277 154
278 153
279 153
280 152
281 152
282 151
283 150
284 149
285 148
286 147
287 146
288 145
289 144
290 143
290 142
291 141
292 140
292 139
293 138
294 137
295 136
295 135
296 134
296 133
297 132
298 131
298 130
299 129
300 128
300 127
301 126
301 125
302 124
302 123
303 122
304 121
305 120
