19 25
19 26
20 27
20 28
21 29
22 30
22 31
23 32
23 33
24 34
25 35
25 36
26 37
26 38
27 39
28 40
28 41
29 42
29 43
30 44
31 45
31 46
32 47
33 48
33 49
34 50
34 51
35 52
36 53
36 54
37 55
37 56
38 57
39 58
39 59
40 60
41 61
41 62
42 63
43 64
43 65
44 66
45 67
45 68
46 69
47 70
47 71
48 72
49 73
49 74
50 75
51 76
51 77
52 78
53 79
54 80
54 81
55 82
56 83
57 84
57 85
58 86
59 87
60 88
61 89
61 90
62 91
63 92
64 93
65 94
66 95
66 96
67 97
68 98
69 99
70 100
71 101
72 102
73 103
74 104
75 105
76 106
77 107
78 107
79 108
80 109
81 110
82 111
83 112
84 112
85 113
86 114
87 114
88 115
89 116
90 116
91 117
92 117
93 118
94 118
95 119
96 119
97 119
98 120
99 120
100 120
101 120
102 121
103 121
104 121
105 121
106 120
107 120
108 120
109 120
110 120
111 119
112 119
113 119
114 118
115 118
116 117
117 117
118 117
119 116
120 116
