11 45
12 46
13 46
14 47
15 48
16 49
17 50
18 51
19 52
20 53
21 54
22 55
23 56
24 57
25 58
26 59
27 59
28 60
29 61
30 62
30 63
31 64
32 65
33 66
34 67
35 68
36 69
37 70
38 71
39 72
40 73
41 74
41 75
42 76
43 77
44 78
45 79
46 80
46 81
47 82
48 83
49 84
50 85
50 86
51 87
52 88
53 89
53 90
54 91
55 92
56 93
56 94
57 95
58 96
59 97
59 98
60 99
61 100
62 101
63 102
64 103
65 104
66 105
67 105
68 106
69 107
70 108
71 108
72 109
73 110
74 111
75 111
76 112
77 113
78 114
79 114
80 115
81 116
82 116
83 117
84 118
85 118
86 119
87 119
88 120
89 120
90 121
91 121
92 121
93 122
94 122
95 122
96 122
97 122
98 122
99 122
100 122
101 121
102 121
103 121
104 121
105 121
106 120
107 120
108 120
109 120
110 119
111 119
112 119
113 118
114 118
115 118
116 117
117 117
118 117
119 116
120 116
121 116
122 115
123 115
124 115
125 114
126 114
127 114
128 114
129 114
130 114
131 114
132 114
133 114
134 114
135 113
136 113
137 113
138 113
139 113
140 112
141 112
142 111
143 111
144 110
145 109
146 109
