22 51
23 51
24 50
25 50
26 50
27 50
28 50
29 50
30 49
31 49
32 49
33 49
34 49
35 48
36 48
37 48
38 48
39 48
40 48
41 48
42 48
43 47
44 47
45 47
46 47
47 47
48 47
49 47
50 47
51 47
52 47
53 47
54 47
55 47
56 47
57 47
58 47
59 47
60 48
61 48
62 48
63 48
64 48
65 49
66 49
67 49
68 50
69 50
70 50
71 51
72 51
73 52
74 53
75 53
76 54
77 55
78 56
79 56
80 57
81 58
81 59
82 60
83 61
84 62
85 63
85 64
86 65
87 66
87 67
88 68
89 69
89 70
90 71
90 72
91 73
92 74
92 75
93 76
93 77
94 78
95 79
95 80
96 81
96 82
97 83
97 84
98 85
99 86
99 87
100 88
101 89
101 90
102 91
102 92
103 93
104 94
104 95
105 96
106 97
107 98
107 99
108 100
109 101
110 102
111 103
111 104
112 105
113 106
114 107
115 108
116 109
117 110
118 111
119 111
120 112
121 113
122 114
123 115
124 115
125 116
126 117
127 117
128 118
129 119
130 119
131 120
132 121
133 121
134 122
135 123
136 123
137 124
138 125
139 125
140 126
141 126
142 127
143 127
144 128
145 128
146 129
147 129
148 130
149 130
150 131
151 131
152 131
153 131
154 131
155 131
156 131
157 130
158 130
159 129
160 128
161 127
162 126
163 125
164 124
165 123
165 122
166 121
167 120
168 119
168 118
169 117
170 116
171 115
171 114
172 113
173 112
174 111
175 110
176 109
177 108
178 107
179 106
180 105
181 105
182 104
183 103
184 102
185 101
186 100
187 100
188 99
189 98
190 98
191 97
192 96
193 96
194 95
195 95
196 94
197 94
198 93
199 93
200 92
201 92
202 92
203 92
204 91
205 91
206 91
207 91
208 91
209 91
210 92
211 92
212 92
213 92
214 93
215 93
216 94
217 94
218 95
219 95
220 96
221 96
222 97
223 98
224 99
225 99
226 100
227 101
228 102
229 103
230 104
231 105
232 106
233 107
234 108
235 109
236 110
237 111
238 112
239 113
239 114
240 115
241 116
242 117
243 118
243 119
244 120
245 121
246 122
247 123
247 124
248 125
249 126
250 127
250 128
251 129
252 130
253 131
253 132
254 133
255 134
256 135
256 136
257 137
258 138
258 139
259 140
260 141
261 142
261 143
