42 72
43 72
44 72
45 71
46 71
47 71
48 70
49 70
50 69
51 69
52 69
53 68
54 68
55 68
56 67
57 67
58 67
59 66
60 66
61 66
62 66
63 65
64 65
65 65
66 65
67 65
68 64
69 64
70 64
71 64
72 64
73 65
74 65
75 65
76 65
77 66
78 66
79 67
80 68
81 69
82 70
83 71
84 72
85 73
86 74
87 75
87 76
88 77
89 78
90 79
90 80
91 81
92 82
93 83
93 84
94 85
95 86
96 87
96 88
97 89
98 90
99 91
99 92
100 93
101 94
102 95
103 96
103 97
104 98
105 99
106 100
107 101
108 102
109 103
110 104
111 105
112 106
113 107
114 108
115 109
116 110
117 111
118 112
119 113
120 113
121 114
122 115
123 115
124 116
125 117
126 117
127 118
128 118
129 119
130 119
131 120
132 120
133 121
134 121
135 122
136 122
137 122
138 123
139 123
140 123
141 124
142 124
143 124
144 124
145 125
146 125
147 125
148 125
149 126
150 126
151 126
152 126
153 126
154 126
155 127
156 127
157 127
158 127
159 127
160 127
161 127
162 127
163 127
164 127
165 127
166 127
167 127
168 127
169 127
170 127
171 127
172 127
173 127
174 127
175 127
176 127
177 127
178 127
179 127
180 127
181 126
182 126
183 126
184 126
185 126
186 126
187 126
188 125
189 125
190 125
191 125
192 125
193 124
194 124
195 124
196 124
197 123
198 123
199 123
200 123
201 122
202 122
203 122
204 121
205 121
206 120
207 120
208 120
209 119
210 119
211 118
212 118
213 117
214 117
215 116
216 116
217 115
218 114
219 114
220 113
221 112
222 112
223 111
224 110
225 110
226 109
227 108
228 108
229 107
230 106
231 106
232 105
233 104
234 104
235 103
236 103
237 102
238 102
239 101
240 101
241 101
242 100
243 100
244 100
245 100
246 100
247 100
248 99
249 99
250 99
251 99
252 100
253 100
254 100
255 100
256 100
257 100
258 101
259 101
260 101
261 102
262 102
263 103
264 103
265 104
266 105
267 105
268 106
269 106
270 107
271 108
272 108
273 109
274 110
275 111
276 111
277 112
278 113
279 114
280 114
281 115
282 116
283 117
284 117
285 118
286 119
287 120
288 120
289 121
290 122
291 122
292 123
293 123
294 124
295 125
296 125
297 126
298 126
299 127
300 127
301 128
302 128
303 128
304 129
305 129
306 129
307 129
308 130
309 130
310 130
311 130
312 130
313 130
314 130
315 131
316 131
317 131
318 130
319 130
320 130
321 130
322 130
323 130
324 130
325 130
326 130
327 130
328 129
329 129
330 129
331 129
332 129
333 129
334 128
335 128
336 128
337 128
338 128
