19 78
20 78
21 79
21 80
22 81
23 82
24 83
25 84
26 85
26 86
27 87
28 88
29 89
30 90
31 91
31 92
32 93
33 94
34 95
35 96
36 97
36 98
37 99
38 100
39 101
40 102
40 103
41 104
42 105
43 106
44 107
44 108
45 109
46 110
47 111
47 112
48 113
49 114
50 115
50 116
51 117
52 118
53 119
53 120
54 121
55 122
55 123
56 124
57 125
57 126
58 127
59 128
59 129
60 130
61 131
61 132
62 133
63 134
63 135
64 136
65 137
65 138
66 139
67 140
67 141
68 142
69 143
69 144
70 145
71 146
71 147
72 148
73 149
73 150
74 151
75 152
75 153
76 154
77 155
77 156
78 157
79 158
80 159
80 160
81 161
82 162
83 163
83 164
84 165
85 166
86 167
87 168
88 169
88 170
89 171
90 172
91 173
92 174
93 175
94 176
95 177
96 178
97 179
98 180
99 180
100 181
101 182
102 183
103 183
104 184
105 185
106 185
107 186
108 186
109 187
110 187
111 188
112 188
113 188
114 189
115 189
116 189
117 189
118 189
119 189
120 189
121 189
122 189
123 189
124 188
125 188
126 188
127 187
128 187
129 187
130 186
131 186
132 185
133 185
134 184
135 184
136 183
137 182
138 182
139 181
140 180
141 179
142 179
143 178
144 177
145 176
146 175
147 175
148 174
149 173
150 172
151 171
152 170
153 169
154 168
155 168
156 167
157 166
158 165
159 164
160 164
161 163
162 162
163 161
164 161
165 160
166 159
167 159
168 158
169 158
170 157
171 157
172 156
173 156
174 155
175 155
176 155
177 154
178 154
179 154
180 153
181 153
182 153
183 153
184 152
185 152
186 152
187 152
188 152
189 152
190 152
191 151
192 151
193 151
194 151
195 151
196 151
197 151
198 151
199 151
200 151
201 152
202 152
203 152
204 152
205 152
206 152
207 152
208 153
209 153
210 153
211 153
212 154
213 154
214 154
215 155
216 155
217 155
218 156
219 156
220 156
221 157
222 157
223 157
224 158
225 158
226 159
227 159
228 159
229 160
230 160
231 160
232 161
233 161
234 162
235 162
236 162
237 163
238 163
239 163
240 164
241 164
242 164
243 165
244 165
245 165
246 166
247 166
248 166
249 167
250 167
251 167
252 167
253 167
254 168
255 168
256 168
257 168
258 169
259 169
260 169
261 169
262 169
263 170
264 170
265 170
266 170
267 170
268 170
269 171
270 171
271 171
272 171
273 172
274 172
275 172
276 172
277 173
278 173
279 173
280 173
281 174
282 174
283 174
284 175
285 175
286 175
287 176
288 176
289 177
290 177
291 177
292 178
293 178
294 179
295 179
296 180
297 180
298 181
299 181
300 182
301 182
302 183
303 183
304 184
305 184
306 185
307 185
308 186
309 186
310 187
311 187
312 187
313 188
314 188
315 189
316 189
317 190
318 190
319 191
320 191
321 191
322 192
323 192
324 193
325 193
326 193
327 194
328 194
329 194
330 195
331 195
332 195
333 196
334 196
335 196
336 197
337 197
338 197
339 197
340 198
341 198
342 198
343 198
344 198
345 198
346 199
347 199
348 199
349 199
350 199
351 199
352 199
353 199
354 199
355 199
356 198
357 198
358 198
359 198
360 198
361 197
362 197
363 197
364 196
365 196
366 195
367 195
368 194
369 193
370 193
371 192
372 191
373 190
374 190
375 189
376 188
377 187
378 186
379 185
380 184
381 183
382 182
383 181
383 180
384 179
385 178
386 177
387 176
388 175
389 174
389 173
390 172
391 171
392 170
393 169
393 168
394 167
395 166
396 165
397 164
397 163
398 162
399 161
400 160
401 159
401 158
402 157
403 156
404 155
404 154
405 153
406 152
407 151
408 150
408 149
409 148
410 147
411 146
412 145
413 144
413 143
414 142
415 141
416 140
417 139
418 138
419 137
420 136
421 135
422 134
423 133
424 132
425 131
426 130
427 129
428 128
429 127
430 126
431 126
432 125
433 124
434 123
435 123
436 122
437 121
438 121
439 120
440 119
441 119
442 118
443 118
444 117
445 117
446 116
447 116
448 115
449 115
450 115
451 114
452 114
453 114
454 113
455 113
456 113
457 112
458 112
459 112
460 112
461 111
462 111
463 111
464 111
465 111
466 110
467 110
468 110
469 110
470 110
471 109
472 109
473 109
474 109
475 108
476 108
477 108
478 108
479 108
480 107
481 107
482 107
483 107
484 106
485 106
486 106
487 106
488 105
489 105
490 105
491 105
492 104
493 104
494 104
495 104
496 104
497 103
498 103
499 103
500 103
501 103
502 103
503 103
504 103
505 103
506 103
507 103
508 103
509 103
510 103
511 104
512 104
513 104
514 104
515 105
516 105
517 105
518 106
519 106
520 106
521 107
522 107
523 108
524 108
525 109
526 109
527 110
528 110
529 111
530 112
531 112
532 113
533 114
534 114
535 115
536 116
537 117
538 117
539 118
540 119
541 120
542 121
543 122
544 123
545 124
545 125
546 126
547 127
548 128
549 129
549 130
550 131
551 132
552 133
552 134
553 135
554 136
554 137
555 138
556 139
557 140
557 141
558 142
559 143
560 144
561 145
561 146
562 147
563 148
564 149
565 150
566 151
567 152
568 153
569 154
570 155
571 156
572 157
573 158
574 159
575 159
576 160
577 160
578 161
579 161
580 162
581 162
582 162
583 162
584 162
585 162
586 162
587 161
588 161
589 160
590 160
591 159
592 158
593 157
594 157
595 156
596 155
597 154
598 153
599 152
600 151
601 150
602 149
603 148
604 147
605 146
605 145
606 144
607 144
608 143
609 142
610 141
611 140
612 139
613 138
614 137
615 136
616 135
617 134
618 133
619 132
620 132
621 131
622 130
623 129
624 128
625 127
626 127
627 126
628 125
629 124
630 123
631 122
632 121
633 120
634 119
635 118
635 117
636 116
637 115
638 114
639 113
640 112
640 111
641 110
642 109
643 108
643 107
644 106
645 105
646 104
