8 21
8 22
9 23
10 24
10 25
11 26
12 27
12 28
13 29
14 30
15 31
16 32
17 33
18 34
19 35
20 35
21 36
22 36
23 37
24 37
25 38
26 38
27 38
28 38
29 39
30 39
31 39
32 40
33 40
34 40
35 41
36 41
37 42
38 42
39 43
40 43
41 44
42 44
43 45
44 45
45 46
46 47
47 47
48 48
49 49
50 50
51 50
52 51
53 52
54 52
55 53
56 54
57 54
58 55
59 56
60 56
61 57
62 57
63 58
64 58
65 59
66 59
67 60
68 60
69 61
70 61
71 61
72 61
73 62
74 62
75 62
76 62
77 62
78 62
79 62
80 62
81 62
82 62
83 62
84 62
85 62
86 62
87 63
88 63
89 63
90 64
91 65
92 65
93 66
94 67
95 68
96 68
97 69
98 69
99 70
100 70
101 71
102 71
103 72
104 72
105 73
106 73
107 73
108 74
109 74
110 74
111 75
112 75
113 75
114 76
115 76
116 76
117 77
118 77
119 77
120 77
121 78
122 78
123 78
124 78
125 78
126 79
127 79
128 79
129 79
130 79
131 79
132 79
133 79
134 79
135 79
136 79
137 79
138 79
139 79
140 79
141 79
142 79
143 79
144 79
145 78
146 78
147 78
148 78
149 78
150 77
151 77
152 77
153 77
154 77
155 76
156 76
157 76
158 76
159 75
160 75
161 75
162 74
163 74
164 74
165 73
166 73
167 73
168 72
169 72
170 72
171 71
172 71
173 71
174 70
175 70
176 69
177 69
178 69
179 68
180 68
181 67
182 67
183 67
184 66
185 66
186 65
187 65
188 65
189 64
190 64
191 63
192 63
193 63
194 62
195 62
196 62
197 61
198 61
199 61
200 61
201 61
202 60
203 60
204 60
205 60
206 60
207 60
208 60
209 60
210 60
211 60
212 61
213 61
214 61
215 61
216 62
217 62
218 62
219 63
220 63
221 64
222 64
223 65
224 66
225 66
226 67
227 68
228 69
229 70
230 71
231 72
232 73
233 74
234 75
234 76
235 77
236 78
237 79
237 80
238 81
239 82
239 83
240 84
241 85
241 86
242 87
243 88
243 89
244 90
245 91
245 92
246 93
246 94
247 95
248 96
248 97
249 98
249 99
250 100
251 101
251 102
252 103
253 104
253 105
254 106
255 107
256 108
256 109
257 110
258 111
259 112
260 113
261 113
262 114
263 114
264 114
265 114
266 114
267 114
268 113
269 112
270 112
271 111
272 110
273 110
274 109
275 108
276 107
277 106
278 106
279 105
280 104
281 103
282 103
283 102
284 101
285 101
286 100
287 99
288 98
289 98
290 97
291 97
