14 70
15 71
15 72
16 73
17 74
18 75
18 76
19 77
20 78
20 79
21 80
22 81
22 82
23 83
24 84
25 85
25 86
26 87
27 88
27 89
28 90
29 91
30 92
31 93
31 94
32 95
33 96
34 97
35 98
36 99
37 100
37 101
38 102
39 103
40 104
41 104
42 105
43 106
44 107
45 108
46 109
47 110
48 110
49 111
50 112
51 112
52 113
53 114
54 114
55 115
56 116
57 116
58 117
59 118
60 118
61 119
62 119
63 120
64 120
65 121
66 122
67 122
68 123
69 124
70 125
71 125
72 126
73 127
74 128
75 129
76 130
76 131
77 132
78 133
79 134
79 135
80 136
81 137
81 138
82 139
82 140
83 141
83 142
84 143
84 144
85 145
85 146
86 147
86 148
87 149
87 150
88 151
88 152
88 153
89 154
89 155
90 156
90 157
91 158
91 159
92 160
92 161
92 162
93 163
93 164
94 165
94 166
95 167
95 168
96 169
96 170
96 171
97 172
97 173
98 174
98 175
99 176
99 177
100 178
100 179
101 180
101 181
102 182
102 183
103 184
104 185
104 186
105 187
105 188
106 189
107 190
108 191
109 192
110 193
111 194
112 195
113 196
114 196
115 197
116 197
117 197
118 197
119 197
120 197
121 196
122 196
123 195
124 195
125 194
126 193
127 192
128 191
129 191
130 190
131 189
132 188
133 188
134 187
135 187
136 186
137 186
138 186
139 186
140 186
141 186
142 186
143 186
144 186
145 187
146 187
147 188
148 188
149 189
150 189
151 190
152 190
153 191
154 192
155 192
156 193
157 193
158 194
159 195
160 196
161 196
162 197
163 198
164 198
165 199
166 200
167 200
168 201
169 202
170 202
171 203
172 204
173 204
174 205
175 206
176 206
177 207
178 208
179 208
180 209
181 210
182 210
183 211
184 212
185 212
186 213
187 214
188 214
189 215
190 216
191 216
192 217
193 217
194 218
195 219
196 219
197 220
198 220
199 221
200 221
201 222
202 222
203 222
204 223
205 223
206 224
207 224
208 224
209 224
210 225
211 225
212 225
213 225
214 225
215 226
216 226
217 226
218 226
219 226
220 226
221 225
222 225
223 225
224 225
225 225
226 225
227 224
228 224
229 224
230 224
231 223
232 223
233 223
234 222
235 222
236 221
237 221
238 221
239 220
240 220
241 219
242 219
243 218
244 218
245 217
246 217
247 216
248 216
249 215
250 214
251 214
252 213
253 213
254 212
255 211
256 211
257 210
258 210
259 209
260 208
261 208
262 207
263 206
264 206
265 205
266 204
267 204
268 203
269 202
270 202
271 201
272 200
273 199
274 199
275 198
276 197
277 197
278 196
279 195
280 195
281 194
282 193
283 192
284 192
