7 36
8 36
9 37
10 37
11 37
12 37
13 38
14 38
15 38
16 39
17 39
18 39
19 39
20 40
21 40
22 40
23 40
24 40
25 41
26 41
27 41
28 41
29 41
30 41
31 42
32 42
33 42
34 42
35 43
36 43
37 44
38 44
39 45
40 46
41 46
42 47
43 48
44 49
45 50
46 51
47 52
48 53
49 54
50 55
51 56
52 57
52 58
53 59
54 60
55 61
56 62
57 63
58 64
59 65
60 66
61 67
62 67
63 68
64 69
65 70
66 70
67 71
68 72
69 72
70 73
71 73
72 74
73 74
74 74
75 75
76 75
77 75
78 75
79 76
80 76
81 76
82 76
83 76
84 76
85 76
86 76
87 76
88 76
89 76
90 76
91 76
92 77
93 77
94 77
95 77
96 77
97 77
98 77
99 77
100 77
101 77
102 77
103 77
104 78
105 78
106 78
107 78
108 78
109 79
110 79
111 79
112 79
113 80
114 80
115 80
116 80
117 81
118 81
119 81
120 81
121 81
122 82
123 82
124 82
125 82
126 82
127 82
128 82
129 82
130 83
131 83
132 83
133 83
134 83
135 83
136 83
137 84
138 84
139 84
140 85
141 85
142 86
143 86
144 86
145 87
146 87
147 88
148 88
149 88
150 88
151 88
152 89
153 89
154 89
155 89
156 89
157 89
158 89
159 89
160 89
161 89
162 89
163 90
164 90
165 90
166 90
167 90
168 90
169 90
170 90
171 90
172 90
173 90
174 91
175 91
176 91
177 91
178 91
179 91
180 91
181 91
182 91
183 91
184 90
185 90
186 90
187 90
188 90
189 90
190 90
191 90
192 89
193 89
194 89
195 89
196 89
197 88
198 88
199 88
200 88
201 88
202 87
203 87
204 87
205 87
206 86
207 86
208 86
209 86
210 85
211 85
212 85
213 85
214 84
215 84
216 84
217 83
218 83
219 82
220 82
221 82
222 81
223 81
224 80
225 80
226 79
227 78
228 78
229 77
230 76
231 76
232 75
233 74
234 73
235 73
236 72
237 71
238 70
239 70
240 69
241 68
242 68
243 67
244 66
245 66
