12 55
13 56
14 57
14 58
15 59
15 60
16 61
16 62
17 63
17 64
18 65
18 66
19 67
19 68
20 69
20 70
21 71
21 72
22 73
22 74
23 75
23 76
24 77
24 78
25 79
25 80
26 81
26 82
27 83
28 84
28 85
29 86
29 87
30 88
30 89
31 90
32 91
32 92
33 93
33 94
34 95
35 96
35 97
36 98
37 99
37 100
38 101
39 102
39 103
40 104
41 105
42 106
43 107
43 108
44 109
45 110
46 111
47 112
48 113
49 114
50 115
51 116
52 116
53 117
54 118
55 118
56 119
57 120
58 120
59 120
60 121
61 121
62 121
63 121
64 122
65 121
66 121
67 121
68 121
69 121
70 120
71 120
72 119
73 119
74 118
75 117
76 117
77 116
78 115
79 114
80 113
81 112
82 112
83 111
84 110
85 109
86 108
87 107
88 106
89 105
90 105
91 104
92 103
93 102
94 101
95 101
96 100
97 99
98 98
99 98
100 97
101 96
102 96
103 95
104 95
105 94
106 94
107 93
108 93
109 92
110 92
111 92
112 91
113 91
114 91
115 91
116 91
117 90
118 90
119 90
120 90
121 90
122 90
123 90
124 90
125 90
126 90
127 90
128 90
129 90
130 90
131 90
132 90
133 90
134 91
135 91
136 91
137 91
138 91
139 91
140 92
141 92
142 92
143 92
144 92
145 93
146 93
147 93
148 93
149 94
150 94
151 94
152 95
153 95
154 95
155 95
156 96
157 96
158 96
159 97
160 97
161 97
162 98
163 98
164 98
165 99
166 99
167 99
168 99
169 100
170 100
171 100
172 101
173 101
174 101
175 101
176 101
177 102
178 102
179 102
180 102
181 102
182 102
183 102
184 102
185 102
186 102
187 102
188 102
189 102
190 101
191 101
192 101
193 101
194 100
195 100
196 100
197 100
198 100
199 99
200 99
201 99
202 99
203 99
204 99
205 99
206 100
207 100
208 100
209 100
210 101
211 101
212 101
213 102
214 103
215 103
216 104
217 105
218 106
219 107
220 108
221 109
222 110
223 111
223 112
224 113
225 114
225 115
226 116
227 117
227 118
228 119
229 120
229 121
230 122
230 123
231 124
231 125
232 126
233 127
233 128
234 129
234 130
235 131
236 132
236 133
237 134
237 135
238 136
239 137
239 138
240 139
241 140
241 141
242 142
243 143
244 144
244 145
245 146
246 147
247 148
248 149
249 150
250 151
251 152
252 153
253 154
254 154
255 155
256 156
257 156
258 157
259 157
260 158
261 158
262 158
263 159
264 159
265 159
266 159
267 159
268 160
269 160
270 160
271 160
272 160
273 160
274 160
275 161
276 161
277 161
278 160
279 160
280 160
281 160
282 160
283 160
284 159
285 159
286 159
287 158
288 158
289 158
290 157
291 157
292 156
293 155
294 155
295 154
296 154
297 153
298 152
299 152
300 151
301 150
302 149
303 149
304 148
305 147
306 146
307 146
308 145
309 144
310 143
311 142
312 142
313 141
314 140
315 139
316 139
317 138
318 137
319 136
320 136
321 135
322 134
323 134
324 133
325 133
326 132
327 132
328 131
329 131
330 130
331 130
332 130
333 129
334 129
335 129
336 129
337 129
338 129
339 129
340 129
341 129
342 129
343 129
344 130
345 130
346 130
347 130
348 130
349 131
350 131
351 131
352 131
353 131
354 131
355 131
356 131
357 131
358 131
359 131
360 131
361 131
362 130
363 130
364 130
365 129
366 129
367 129
368 128
369 128
370 127
371 127
372 126
373 126
374 125
375 125
376 124
377 124
378 124
379 123
380 123
381 122
382 122
383 121
384 121
385 120
386 120
387 119
388 119
389 118
390 118
391 117
392 117
393 116
394 116
395 115
396 115
397 114
398 114
399 113
400 113
401 112
402 112
403 111
404 110
405 110
406 109
407 108
408 108
409 107
410 106
411 106
412 105
413 104
414 103
415 103
416 102
417 101
418 100
419 99
420 99
421 98
422 97
423 96
424 95
425 94
426 93
427 93
428 92
429 91
430 90
431 89
432 89
433 88
434 87
435 86
436 86
437 85
438 84
439 84
440 83
441 83
442 82
443 82
444 81
445 81
446 80
447 80
448 80
449 79
450 79
451 79
452 78
453 78
454 78
455 78
456 77
457 77
458 77
459 77
460 77
461 77
462 76
463 76
464 76
465 76
466 76
467 76
468 76
469 76
470 76
471 76
472 76
473 76
474 77
475 77
476 77
477 77
478 77
479 77
480 77
481 77
482 78
483 78
484 78
485 78
486 78
487 79
488 79
489 79
490 79
491 79
492 80
493 80
494 80
495 80
496 80
497 81
498 81
499 81
500 81
501 81
502 82
503 82
504 82
505 82
506 82
507 83
508 83
509 83
510 83
511 84
