16 7
16 8
17 9
18 10
19 11
19 12
20 13
21 14
22 15
22 16
23 17
24 18
24 19
25 20
26 21
27 22
27 23
28 24
29 25
30 26
31 27
31 28
32 29
33 30
34 31
34 32
35 33
36 34
37 35
38 36
38 37
39 38
40 39
41 40
42 41
42 42
43 43
44 44
45 45
46 46
47 47
48 48
48 49
49 50
50 51
51 52
52 53
53 54
54 55
55 56
56 57
57 57
58 58
59 59
60 60
61 61
62 62
63 62
64 63
65 64
66 64
67 65
68 65
69 66
70 66
71 67
72 67
73 67
74 68
75 68
76 68
77 69
78 69
79 69
80 69
81 69
82 70
83 70
84 70
85 70
86 70
87 70
88 70
89 71
90 71
91 71
92 71
93 71
94 72
95 72
96 72
97 73
98 73
99 73
100 74
101 74
102 75
103 76
104 76
105 77
106 77
107 78
108 79
109 80
110 80
111 81
112 82
113 82
114 83
115 84
116 85
117 85
118 86
119 87
120 87
121 88
122 89
123 89
124 90
125 91
126 91
127 92
128 93
129 93
130 94
131 94
132 95
133 95
134 96
135 97
