11 72
12 73
13 74
13 75
14 76
14 77
15 78
16 79
16 80
17 81
17 82
18 83
19 84
19 85
20 86
21 87
21 88
22 89
23 90
24 91
25 92
26 93
27 93
28 94
29 95
30 95
31 95
32 96
33 96
34 96
35 96
36 95
37 95
38 95
39 94
40 94
41 93
42 92
43 92
44 91
45 90
46 90
47 89
48 88
49 87
50 87
51 86
52 85
53 84
54 84
55 83
56 82
57 81
58 80
59 80
60 79
61 78
62 77
63 77
64 76
65 75
66 75
67 74
68 73
69 73
70 72
71 71
72 71
73 70
74 70
75 69
76 69
77 68
78 67
79 67
80 66
81 66
82 66
83 65
84 65
85 64
86 64
87 64
88 63
89 63
90 63
91 62
92 62
93 62
94 61
95 61
96 61
97 61
98 61
99 60
100 60
101 60
102 60
103 60
104 60
105 60
106 60
107 60
108 60
109 60
110 60
111 60
112 60
113 60
114 60
115 60
116 60
117 60
118 60
119 60
120 60
121 60
122 60
123 60
124 60
125 60
126 61
127 61
128 61
129 61
130 61
131 61
132 62
133 62
134 62
135 62
136 62
137 63
138 63
139 63
140 63
141 64
142 64
143 64
144 65
145 65
146 66
147 66
148 67
149 67
150 68
151 69
152 70
153 70
154 71
155 72
156 73
156 74
157 75
158 76
159 77
159 78
160 79
160 80
161 81
162 82
162 83
163 84
163 85
164 86
164 87
165 88
166 89
166 90
167 91
167 92
168 93
168 94
169 95
169 96
170 97
171 98
171 99
172 100
172 101
173 102
174 103
174 104
175 105
176 106
177 107
177 108
178 109
179 110
180 111
181 112
182 113
183 114
184 115
185 116
186 117
187 118
188 119
189 120
190 120
191 121
192 122
193 123
194 123
195 124
196 125
197 125
198 126
199 126
200 127
201 127
202 128
203 128
204 129
205 129
206 130
207 130
208 130
209 131
210 131
211 131
212 132
213 132
214 132
215 132
216 133
217 133
218 133
219 133
220 133
221 133
222 133
223 133
224 133
225 133
226 133
227 133
228 133
229 132
230 132
231 132
232 132
233 132
234 131
235 131
236 131
237 130
238 130
239 130
240 130
241 129
242 129
243 129
244 128
245 128
246 127
247 127
248 127
249 126
250 126
251 125
252 125
253 125
254 124
255 124
256 123
257 123
258 123
259 122
260 122
261 121
262 121
263 121
264 120
265 120
266 119
267 119
268 119
269 118
270 118
271 117
272 117
273 117
274 116
275 116
276 115
277 115
278 115
279 114
280 114
281 114
282 113
283 113
284 113
285 112
286 112
287 111
288 111
289 111
290 110
291 110
292 110
293 109
294 109
295 109
296 108
297 108
298 108
299 108
300 107
301 107
302 107
303 106
304 106
305 106
306 106
307 105
308 105
309 105
310 105
311 105
312 105
313 104
314 104
315 104
316 104
317 104
318 104
319 104
320 104
321 104
322 104
323 104
324 104
325 104
326 104
327 104
328 104
329 104
330 104
331 104
332 105
333 105
334 105
335 105
336 105
337 105
338 106
339 106
340 106
341 106
342 107
343 107
344 107
345 108
346 108
347 108
348 109
349 109
350 109
351 110
352 110
353 111
354 111
355 112
356 112
357 113
358 113
359 114
360 114
361 115
362 115
363 116
364 116
365 117
366 117
367 118
368 118
369 119
370 119
371 120
372 120
373 121
374 122
375 122
376 122
377 123
378 123
379 124
380 124
381 125
382 125
383 125
384 126
385 126
386 126
387 126
388 127
389 127
390 127
391 127
392 127
393 127
394 127
395 127
396 127
397 127
398 127
399 127
400 127
401 127
402 126
403 126
404 126
405 125
406 125
407 125
408 124
409 124
410 123
411 123
412 122
413 122
414 121
415 120
416 120
417 119
418 118
419 118
420 117
421 116
422 115
423 115
424 114
425 113
426 112
427 111
428 110
429 109
430 109
431 108
432 107
433 106
434 105
435 104
