11 29
12 29
13 30
14 31
15 32
16 33
17 33
18 34
19 35
20 36
21 37
22 38
23 38
24 39
25 40
26 41
27 42
28 43
29 43
30 44
31 45
32 46
33 47
34 47
35 48
36 49
37 50
38 51
39 52
40 52
41 53
42 54
43 55
44 56
45 56
46 57
47 58
48 59
49 60
50 60
51 61
52 62
53 62
54 63
55 64
56 64
57 65
58 65
59 66
60 66
61 67
62 67
63 68
64 68
65 68
66 68
67 69
68 69
69 69
70 69
71 69
72 69
73 69
74 69
75 69
76 68
77 68
78 68
79 67
80 67
81 67
82 66
83 66
84 65
85 65
86 64
87 64
88 63
89 63
90 62
91 62
92 61
93 61
94 60
95 59
96 59
97 58
98 58
99 57
100 57
101 56
102 56
103 55
104 55
105 55
106 54
107 54
108 53
109 53
110 52
111 52
112 52
113 51
114 51
115 51
116 50
117 50
118 50
119 49
120 49
121 49
122 48
123 48
124 48
125 48
126 47
127 47
128 47
129 47
130 47
131 46
132 46
133 46
134 46
135 46
136 46
137 46
138 46
139 45
140 45
141 45
142 45
143 45
144 45
145 45
146 45
147 45
148 45
149 45
150 45
151 45
152 45
153 45
154 45
155 46
156 46
157 46
158 46
159 46
160 46
161 46
162 47
163 47
164 47
165 47
166 47
167 48
168 48
169 48
170 48
171 49
172 49
173 49
174 49
175 50
176 50
177 50
178 51
179 51
180 52
181 52
182 52
183 53
184 53
185 54
186 54
187 55
188 55
189 56
190 56
191 57
192 58
193 58
194 59
195 60
196 61
197 62
198 63
199 64
200 65
201 66
202 67
202 68
203 69
204 70
205 71
205 72
206 73
207 74
207 75
208 76
209 77
209 78
210 79
211 80
211 81
212 82
213 83
213 84
214 85
215 86
215 87
216 88
217 89
217 90
218 91
219 92
219 93
220 94
221 95
222 96
223 97
223 98
224 99
225 100
226 101
227 102
228 103
229 104
230 105
231 105
232 106
233 107
234 108
235 108
236 109
237 109
238 110
239 110
240 110
241 111
242 111
243 111
244 112
245 112
246 112
247 112
248 112
249 112
250 112
251 113
252 113
253 113
254 113
255 112
256 112
257 112
258 112
259 112
260 112
261 112
262 112
263 112
264 111
265 111
266 111
267 111
268 111
269 111
270 111
271 111
272 111
273 111
274 111
275 111
276 111
277 111
278 111
279 111
280 112
281 112
282 112
283 113
284 113
285 114
286 114
287 115
288 115
289 116
290 117
291 118
292 118
293 119
294 120
295 121
296 122
297 122
298 123
299 124
300 125
301 126
302 126
303 127
304 128
305 129
306 129
307 130
308 131
309 131
310 132
311 132
312 133
313 133
314 134
315 134
316 134
317 134
318 134
319 135
320 135
321 135
322 135
323 135
324 134
325 134
326 134
327 134
328 133
329 133
330 133
331 132
332 132
333 132
334 131
335 131
336 130
337 130
338 129
339 129
340 128
341 128
342 127
343 126
344 126
345 125
346 124
347 124
348 123
349 122
350 122
351 121
352 120
353 119
354 119
355 118
356 117
357 117
358 116
359 115
360 114
361 113
362 113
363 112
364 111
365 111
366 110
367 109
368 108
369 108
370 107
371 106
372 105
373 105
374 104
375 103
376 102
377 102
378 101
379 100
380 100
381 99
382 98
383 98
384 97
385 96
386 96
387 95
388 95
389 94
390 93
391 93
392 92
393 91
394 91
395 90
396 90
397 89
398 89
399 88
400 88
401 87
402 87
403 86
404 86
405 85
406 85
407 84
408 84
409 83
410 83
411 82
412 82
413 82
414 81
415 81
416 81
417 80
418 80
419 80
420 79
421 79
422 79
423 79
424 78
425 78
426 78
427 78
428 78
429 77
430 77
431 77
432 77
433 77
434 77
435 77
436 77
437 77
438 77
439 77
440 77
441 77
442 77
443 77
444 77
445 77
446 77
447 78
448 78
449 78
450 78
451 79
452 79
453 79
454 79
455 80
456 80
457 81
458 81
459 81
460 82
461 82
462 83
463 83
464 84
465 84
466 85
467 85
468 86
469 86
470 87
471 88
472 88
473 89
474 89
475 90
476 91
477 91
478 92
479 92
480 93
481 94
482 94
483 95
484 96
485 96
486 97
487 97
488 98
489 99
490 99
491 100
492 101
493 101
494 102
495 102
496 103
497 104
498 104
499 105
500 106
501 106
502 107
503 107
504 108
505 109
506 109
507 110
508 111
509 111
510 112
511 113
512 113
513 114
514 115
515 115
516 116
517 116
518 117
519 118
520 118
521 119
522 120
523 120
524 121
525 122
526 122
527 123
528 124
529 124
530 125
531 126
532 127
533 127
534 128
535 129
536 129
537 130
538 131
539 131
540 132
541 133
542 134
543 134
544 135
545 136
546 137
547 137
548 138
549 139
550 140
551 140
552 141
553 142
554 143
555 143
556 144
557 145
558 146
559 146
560 147
561 148
562 149
563 149
564 150
565 151
566 151
567 152
568 152
569 153
570 154
571 154
572 155
573 155
574 156
575 156
576 157
577 157
578 158
579 159
580 159
581 160
582 160
583 161
584 161
585 162
586 162
587 163
588 163
589 164
590 164
591 165
592 166
593 166
594 167
595 167
596 168
597 168
598 169
599 169
600 170
601 170
602 171
603 171
604 172
605 172
606 173
607 173
608 174
609 174
610 175
611 175
612 176
613 176
614 177
615 177
616 178
617 178
618 179
619 179
620 180
621 180
622 180
623 181
624 181
625 182
626 182
627 182
628 183
629 183
630 183
631 184
632 184
633 184
634 185
635 185
636 185
637 186
638 186
639 186
640 187
641 187
642 187
643 188
