15 89
16 90
17 91
18 92
19 93
20 94
21 95
22 96
23 97
24 98
25 99
26 100
27 101
28 102
29 103
30 104
31 105
32 106
33 107
34 108
35 109
36 110
37 111
38 111
39 112
40 113
41 114
42 114
43 115
44 116
45 117
46 117
47 118
48 118
49 119
50 119
51 120
52 120
53 121
54 121
55 122
56 122
57 122
58 123
59 123
60 123
61 123
62 124
63 124
64 124
65 124
66 124
67 125
68 125
69 125
70 125
71 125
72 125
73 125
74 125
75 125
76 125
77 125
78 125
79 125
80 125
81 125
82 125
83 125
84 125
85 125
86 125
87 125
88 125
89 125
90 124
91 124
92 124
93 124
94 124
95 124
96 124
97 123
98 123
99 123
100 123
101 123
102 123
103 122
104 122
105 122
106 122
107 122
108 121
109 121
110 121
111 121
112 120
113 120
114 120
115 120
116 120
117 119
118 119
119 119
120 119
121 118
122 118
123 118
124 118
125 118
126 118
127 118
128 117
129 117
130 117
131 117
132 117
133 117
134 117
135 117
136 118
137 118
138 118
139 118
140 118
141 119
142 119
143 119
144 120
145 120
146 121
147 121
148 122
149 123
150 123
151 124
152 125
153 126
154 126
155 127
156 128
157 129
158 130
159 131
160 132
161 133
162 134
163 135
164 136
165 137
166 138
167 139
168 140
168 141
169 142
170 143
171 144
172 145
173 146
174 147
174 148
175 149
176 150
177 151
178 152
179 153
179 154
180 155
181 156
182 157
183 158
184 159
185 160
186 161
186 162
187 163
188 164
189 165
190 166
191 167
192 168
193 169
194 170
195 171
196 172
197 173
198 174
199 175
200 176
201 177
202 178
203 179
204 179
205 180
206 181
207 182
208 183
209 184
210 185
211 186
212 186
213 187
214 188
215 189
216 190
217 191
218 191
219 192
220 193
221 194
222 195
223 196
224 196
225 197
225 198
