10 24
10 25
10 26
11 27
11 28
11 29
12 30
12 31
13 32
13 33
13 34
14 35
14 36
14 37
15 38
15 39
15 40
16 41
16 42
17 43
17 44
17 45
18 46
18 47
19 48
19 49
19 50
20 51
20 52
21 53
21 54
21 55
22 56
22 57
23 58
23 59
24 60
24 61
25 62
25 63
26 64
26 65
27 66
27 67
28 68
28 69
29 70
30 71
30 72
31 73
31 74
32 75
33 76
33 77
34 78
35 79
35 80
36 81
37 82
37 83
38 84
39 85
40 86
41 87
41 88
42 89
43 90
44 91
45 92
46 93
47 94
48 95
49 96
50 97
51 98
52 99
53 100
54 101
55 102
56 102
57 103
58 104
59 105
60 105
61 106
62 107
63 107
64 108
65 108
66 109
67 109
68 110
69 110
70 111
71 111
72 112
73 112
74 113
75 113
76 113
77 114
78 114
79 115
80 115
81 115
82 116
83 116
84 116
85 117
86 117
87 117
88 118
89 118
90 118
91 119
92 119
93 119
94 120
95 120
96 120
97 120
98 120
99 120
100 121
101 121
102 121
103 121
104 121
105 121
106 121
107 121
108 121
109 121
110 121
111 121
112 121
113 121
114 121
115 121
116 121
117 121
118 121
119 121
120 121
121 121
122 120
123 120
124 120
125 120
126 120
127 120
128 120
129 120
130 120
131 120
132 120
133 120
134 120
135 120
136 120
137 120
138 120
139 120
140 120
141 120
142 120
143 120
144 120
145 120
146 120
147 120
148 120
149 120
150 120
151 120
152 120
153 120
154 120
155 120
156 120
157 120
158 120
159 120
160 121
161 121
162 121
163 121
164 121
165 121
166 121
167 121
168 121
169 121
170 121
171 121
172 121
173 122
174 122
175 122
176 122
177 122
178 122
179 122
180 122
181 122
182 122
183 122
184 122
185 122
186 122
187 122
188 121
189 121
190 121
191 121
