34 3
35 4
36 5
37 6
38 7
39 8
39 9
40 10
41 11
42 12
43 13
43 14
44 15
45 16
46 17
47 18
47 19
48 20
49 21
50 22
50 23
51 24
52 25
52 26
53 27
54 28
54 29
55 30
56 31
56 32
57 33
58 34
58 35
59 36
59 37
60 38
61 39
61 40
62 41
62 42
63 43
63 44
64 45
64 46
65 47
65 48
66 49
66 50
67 51
67 52
68 53
68 54
69 55
69 56
69 57
70 58
70 59
71 60
71 61
72 62
72 63
73 64
73 65
73 66
74 67
74 68
75 69
75 70
75 71
76 72
76 73
77 74
77 75
77 76
78 77
78 78
79 79
79 80
80 81
80 82
80 83
81 84
81 85
82 86
82 87
82 88
83 89
83 90
84 91
84 92
85 93
85 94
85 95
86 96
86 97
87 98
87 99
88 100
88 101
89 102
89 103
90 104
90 105
91 106
91 107
92 108
92 109
93 110
93 111
94 112
95 113
95 114
96 115
97 116
98 117
99 118
100 119
101 120
102 120
103 121
104 121
105 122
106 122
107 122
108 122
109 122
110 122
111 122
112 122
113 121
114 121
115 121
116 120
117 120
118 120
119 119
120 119
121 118
122 118
123 118
124 117
125 117
126 116
127 116
128 115
129 115
130 115
131 114
132 114
133 113
134 113
135 113
136 113
137 112
138 112
139 112
140 112
141 112
142 112
143 112
144 112
145 112
146 112
147 112
148 112
149 112
150 112
151 112
152 112
153 113
154 113
155 113
156 114
157 114
158 114
159 115
160 115
161 116
162 116
163 117
164 117
165 118
166 118
167 119
168 119
169 120
170 120
171 121
172 122
173 122
174 123
175 124
176 124
177 125
178 126
179 126
180 127
181 128
182 129
183 129
184 130
185 131
186 132
187 133
188 133
189 134
190 135
191 136
192 137
193 138
194 139
195 140
196 140
197 141
198 142
199 143
200 144
201 145
202 146
203 147
204 148
205 149
206 150
206 151
207 152
208 153
209 154
210 155
211 156
212 157
213 158
213 159
214 160
215 161
216 162
217 163
217 164
218 165
219 166
220 167
221 168
221 169
222 170
223 171
224 172
224 173
225 174
