11 23
12 24
12 25
13 26
13 27
14 28
15 29
15 30
16 31
16 32
17 33
17 34
18 35
18 36
19 37
20 38
20 39
21 40
21 41
22 42
23 43
24 44
24 45
25 46
26 47
27 48
28 49
29 49
30 50
31 51
32 51
33 52
34 52
35 52
36 53
37 53
38 53
39 53
40 52
41 52
42 52
43 52
44 51
45 51
46 51
47 50
48 50
49 49
50 49
51 49
52 48
53 48
54 47
55 47
56 46
57 46
58 45
59 45
60 44
61 44
62 43
63 43
64 43
65 42
66 42
67 41
68 41
69 40
70 40
71 39
72 39
73 39
74 38
75 38
76 37
77 37
78 37
79 36
80 36
81 36
82 35
83 35
84 35
85 34
86 34
87 34
88 33
89 33
90 33
91 33
92 32
93 32
94 32
95 32
96 31
97 31
98 31
99 31
100 31
101 30
102 30
103 30
104 30
105 30
106 30
107 30
108 29
109 29
110 29
111 29
112 29
113 29
114 29
115 29
116 29
117 29
118 29
119 29
120 29
121 29
122 29
123 30
124 30
125 30
126 30
127 30
128 31
129 31
130 31
131 32
132 32
133 32
134 33
135 33
136 33
137 34
138 34
139 35
140 35
141 36
142 36
143 37
144 37
145 38
146 39
147 39
148 40
149 40
150 41
151 42
152 42
153 43
154 44
155 44
156 45
157 46
158 47
159 47
160 48
161 49
162 50
163 51
164 51
165 52
166 53
167 54
168 55
169 56
170 57
171 58
172 59
173 59
174 60
175 61
176 62
177 63
178 64
179 65
180 66
181 67
182 68
182 69
183 70
184 71
185 72
186 73
187 74
188 75
189 76
190 77
191 78
191 79
192 80
193 81
194 82
195 83
196 84
196 85
197 86
198 87
199 88
200 89
200 90
201 91
202 92
203 93
204 94
204 95
205 96
206 97
207 98
207 99
208 100
209 101
210 102
210 103
211 104
212 105
213 106
213 107
214 108
215 109
216 110
216 111
217 112
218 113
219 114
219 115
220 116
221 117
222 118
223 119
223 120
224 121
225 122
226 123
227 124
227 125
228 126
229 127
230 128
231 129
232 130
233 131
234 132
234 133
235 134
236 135
237 136
238 137
239 138
240 139
241 140
242 141
243 142
244 143
245 144
