26 35
27 36
27 37
28 38
28 39
28 40
29 41
29 42
30 43
30 44
30 45
31 46
31 47
32 48
32 49
32 50
33 51
33 52
34 53
34 54
34 55
35 56
35 57
36 58
36 59
36 60
37 61
37 62
37 63
38 64
38 65
39 66
39 67
40 68
40 69
40 70
41 71
41 72
42 73
42 74
42 75
43 76
43 77
44 78
44 79
45 80
45 81
45 82
46 83
46 84
47 85
47 86
48 87
48 88
49 89
49 90
50 91
50 92
51 93
51 94
52 95
53 96
53 97
54 98
54 99
55 100
56 101
57 102
57 103
58 104
59 105
60 106
61 106
62 107
63 108
64 108
65 108
66 108
67 109
68 109
69 108
70 108
71 108
72 108
73 108
74 108
75 108
76 108
77 107
78 107
79 107
80 107
81 107
82 108
83 108
84 108
85 108
86 108
87 108
88 109
89 109
90 109
91 109
92 110
93 110
94 111
95 111
96 112
97 112
98 113
99 113
100 114
101 115
102 116
103 116
104 117
105 118
106 119
107 120
108 121
109 122
110 122
111 123
112 124
113 125
114 126
115 127
116 127
117 128
118 129
119 130
120 130
121 131
122 131
123 132
124 132
125 133
126 133
127 134
128 134
129 134
130 135
131 135
132 135
133 135
134 135
135 136
136 136
137 136
138 136
139 136
140 136
141 136
142 136
143 136
144 136
145 136
146 136
147 136
148 136
149 136
150 136
151 136
152 136
153 135
154 135
155 135
156 135
157 135
158 135
159 135
160 135
161 135
162 135
163 135
164 135
165 135
166 135
167 135
168 135
169 135
170 135
171 135
172 135
173 135
174 135
175 135
176 135
177 136
178 136
179 136
180 136
181 136
182 137
183 137
184 137
185 137
186 138
187 138
188 138
189 139
190 139
191 139
192 140
193 140
194 141
195 141
196 141
197 142
198 142
199 143
200 143
201 144
202 144
203 145
204 145
205 146
206 146
207 147
208 147
209 148
210 148
211 149
212 149
213 150
214 151
215 151
216 152
217 152
218 153
219 154
220 154
221 155
222 155
223 156
224 157
225 157
226 158
227 159
228 159
229 160
230 161
231 161
232 162
233 162
234 163
235 164
236 164
237 165
238 166
239 166
240 167
241 168
242 168
243 169
244 170
245 170
246 171
247 171
248 172
249 173
250 173
251 174
252 174
253 175
254 175
255 176
256 176
257 177
258 177
259 178
260 178
261 178
262 179
263 179
264 179
265 180
266 180
267 180
268 180
269 180
270 180
271 181
272 181
273 181
274 181
275 181
276 181
277 181
278 181
279 181
280 181
281 182
282 182
283 182
284 182
285 182
286 182
287 182
288 182
289 182
290 182
291 182
292 183
293 183
294 183
295 183
296 183
297 183
298 183
299 183
300 183
301 183
302 183
303 184
304 184
305 184
306 184
307 184
308 184
309 184
310 184
311 184
312 184
313 184
314 184
315 184
316 184
317 184
318 184
319 184
320 184
321 184
322 184
323 184
324 184
325 184
326 184
327 184
328 184
329 184
330 184
331 184
332 183
333 183
334 183
335 183
336 183
337 183
338 183
339 182
340 182
341 182
342 182
343 182
344 182
345 181
346 181
347 181
348 181
349 181
350 181
351 181
352 180
353 180
354 180
355 180
356 180
357 180
358 180
359 180
360 180
361 180
362 180
363 180
364 181
365 181
366 181
367 181
368 181
369 181
370 181
371 182
372 182
373 182
374 182
375 182
376 183
377 183
378 183
379 183
380 183
381 183
382 184
383 184
384 184
385 184
386 185
387 185
388 185
389 185
390 186
391 186
392 186
393 187
394 187
395 187
396 188
397 188
398 188
399 189
400 189
401 190
402 190
403 191
404 191
405 192
406 192
407 193
408 193
409 194
410 194
411 194
412 195
413 195
414 196
415 196
416 196
417 197
418 197
419 197
420 198
421 198
422 198
423 198
424 198
425 198
426 198
427 198
428 198
429 198
430 198
431 198
432 197
433 197
434 197
435 196
436 196
437 196
438 195
439 195
440 194
441 194
442 193
443 192
444 192
445 191
446 190
447 189
448 189
449 188
450 187
451 186
452 185
453 184
454 183
455 183
456 182
457 181
458 180
459 179
460 178
461 177
462 176
463 175
464 174
465 173
466 172
467 171
468 170
469 169
470 168
471 167
471 166
