6 2
7 3
8 3
9 4
10 5
11 5
12 6
13 6
14 7
15 8
16 8
17 9
18 10
19 10
20 11
21 12
22 12
23 13
24 14
25 14
26 15
27 16
28 16
29 17
30 18
31 18
32 19
33 20
34 21
35 21
36 22
37 23
38 24
39 25
39 26
40 27
41 28
42 29
42 30
43 31
44 32
44 33
45 34
45 35
46 36
46 37
47 38
47 39
48 40
48 41
49 42
49 43
50 44
50 45
51 46
51 47
52 48
52 49
53 50
53 51
54 52
54 53
55 54
56 55
56 56
57 57
58 58
59 59
60 60
60 61
61 62
62 63
63 64
64 65
65 65
66 66
67 67
68 68
69 69
70 69
71 70
72 71
73 71
74 72
75 72
76 73
77 73
78 74
79 74
80 75
81 75
82 75
83 75
84 76
85 76
86 76
87 76
88 76
89 76
90 76
91 76
92 76
93 76
94 76
95 75
96 75
97 75
98 75
99 74
100 74
101 74
102 73
103 73
104 72
105 72
106 72
107 71
108 71
109 70
110 70
111 69
112 69
113 68
114 68
115 68
116 67
117 67
118 67
119 67
120 67
121 67
122 67
123 67
124 67
125 67
126 67
127 67
128 68
129 68
130 68
131 69
132 69
133 70
134 70
135 70
136 71
137 71
138 72
139 72
140 72
141 72
142 72
143 72
144 72
145 72
146 72
147 72
148 72
149 71
150 71
151 70
152 70
153 69
154 69
155 68
156 67
157 67
158 66
159 66
160 65
161 65
162 64
163 64
164 64
165 64
166 63
167 63
168 63
169 64
170 64
171 64
172 65
173 65
174 66
175 67
176 67
177 68
178 69
179 69
180 70
181 71
182 71
183 72
184 72
185 73
186 73
187 73
188 74
189 74
190 74
191 74
192 74
193 75
194 75
195 74
196 74
197 74
198 74
199 73
200 73
201 73
202 72
203 71
204 71
205 70
206 69
207 68
208 67
209 66
210 65
211 64
212 63
213 62
214 61
215 60
216 59
217 58
218 57
219 57
220 56
221 55
222 54
223 54
224 53
225 52
226 52
227 51
228 51
229 50
230 50
231 50
232 49
233 49
234 49
235 48
236 48
237 48
238 48
239 47
240 47
241 47
242 47
243 47
244 47
245 47
246 47
247 47
248 47
249 47
250 47
251 48
252 48
253 48
254 48
255 48
256 48
257 49
258 49
259 49
260 49
261 50
262 50
263 50
264 51
265 51
266 51
267 51
268 52
269 52
270 52
271 53
272 53
273 53
274 54
275 54
276 54
277 54
278 55
279 55
280 55
281 56
282 56
283 56
284 56
285 56
286 57
287 57
288 57
289 57
290 57
291 58
292 58
293 58
294 58
295 58
296 58
297 58
298 59
