24 42
25 43
26 44
26 45
27 46
28 47
28 48
29 49
30 50
30 51
31 52
32 53
32 54
33 55
34 56
34 57
35 58
36 59
36 60
37 61
38 62
39 63
39 64
40 65
41 66
42 67
42 68
43 69
44 70
45 71
46 72
46 73
47 74
48 75
49 76
50 77
51 78
52 79
53 80
54 81
55 82
56 83
57 84
58 85
59 86
60 86
61 87
62 88
63 89
64 89
65 90
66 91
67 91
68 92
69 92
70 93
71 93
72 94
73 94
74 95
75 95
76 95
77 96
78 96
79 97
80 97
81 97
82 97
83 98
84 98
85 98
86 98
87 99
88 99
89 99
90 99
91 99
92 100
93 100
94 100
95 100
96 100
97 100
98 100
99 100
100 101
101 101
102 101
103 101
104 101
105 101
106 101
107 101
108 101
109 101
110 101
111 101
112 101
113 101
114 101
115 101
116 101
117 102
118 102
119 102
120 102
121 102
122 102
123 102
124 102
125 102
126 102
127 102
128 103
129 103
130 103
131 103
132 103
133 103
134 104
135 104
136 104
137 104
138 105
139 105
140 105
141 106
142 106
143 106
144 107
145 107
146 108
147 108
148 109
149 109
150 110
151 110
152 111
153 111
154 112
155 113
156 113
157 114
158 115
159 115
160 116
161 117
162 118
163 118
164 119
165 120
166 120
167 121
168 122
169 123
170 123
171 124
172 125
173 125
174 126
175 127
176 127
177 128
178 128
179 129
180 130
181 130
182 130
183 131
184 131
185 132
186 132
187 132
188 133
189 133
190 133
191 134
192 134
193 134
194 134
195 135
196 135
197 135
198 135
199 135
200 136
201 136
202 136
203 136
204 136
205 136
206 137
207 137
208 137
209 137
210 137
211 137
212 137
213 137
214 138
215 138
216 138
217 138
218 138
219 138
220 138
221 138
222 138
223 138
224 139
225 139
226 139
227 139
228 139
229 139
230 139
231 139
232 138
233 138
234 138
235 138
236 138
237 138
238 137
239 137
240 137
241 137
242 136
243 136
244 136
245 135
246 135
247 134
248 134
249 133
250 132
251 132
252 131
253 131
254 130
255 129
256 128
257 128
258 127
259 126
260 125
261 125
262 124
263 123
264 122
265 121
266 121
267 120
268 119
269 118
270 117
271 117
272 116
273 115
274 114
275 114
276 113
277 112
278 111
279 111
280 110
281 109
282 109
283 108
284 108
285 107
286 106
287 106
288 105
289 105
290 104
291 104
292 104
293 103
294 103
295 102
296 102
297 102
298 101
299 101
300 101
301 101
302 100
303 100
304 100
305 100
306 100
307 100
308 99
309 99
310 99
311 99
312 99
313 99
314 99
315 99
316 99
317 99
318 99
319 99
320 99
321 99
322 99
323 99
324 99
325 99
326 99
327 99
328 99
329 99
330 99
331 99
332 99
333 99
334 99
335 99
336 99
337 99
338 99
339 99
340 100
341 100
342 100
343 100
344 100
345 100
346 100
347 100
348 101
349 101
350 101
351 101
352 101
353 101
354 102
355 102
356 102
357 102
358 103
359 103
360 103
361 103
362 104
363 104
364 104
365 104
366 105
367 105
368 105
369 106
370 106
371 106
372 107
373 107
374 107
375 108
376 108
377 109
378 109
379 110
380 110
381 110
382 111
383 111
384 112
385 113
386 113
387 114
388 114
389 115
390 115
391 116
392 117
393 117
394 118
395 118
396 119
397 120
398 120
399 121
400 122
401 123
402 123
403 124
404 125
405 126
406 126
407 127
408 128
409 129
410 129
411 130
412 131
413 132
414 133
415 134
416 135
417 135
418 136
419 137
420 138
421 139
422 140
423 141
424 142
425 143
426 143
427 144
428 145
429 146
430 147
431 148
432 149
433 150
434 151
435 152
436 153
437 154
438 155
439 156
440 157
441 158
442 159
443 160
444 161
445 161
446 162
447 163
448 164
449 165
450 166
451 167
452 168
453 169
454 169
455 170
456 171
457 172
458 173
459 173
460 174
461 175
462 175
463 176
464 176
465 177
466 177
467 178
468 178
469 179
470 179
471 179
472 179
473 179
474 180
475 180
476 179
477 179
478 179
479 179
480 179
481 178
482 178
483 178
484 177
485 177
486 177
487 176
488 176
489 175
490 175
491 175
492 174
493 174
494 173
495 173
496 172
497 172
498 172
499 171
500 171
501 171
502 170
503 170
504 170
505 169
506 169
507 169
508 169
509 168
510 168
511 168
512 168
513 167
514 167
515 167
516 167
517 167
518 166
519 166
520 166
521 166
522 166
523 166
524 165
525 165
526 165
527 165
528 165
529 165
530 165
531 165
532 165
533 165
534 164
535 164
536 164
537 164
538 164
539 164
540 164
541 164
542 164
543 164
544 164
545 164
546 163
547 163
548 163
549 163
550 163
551 163
552 163
553 163
554 162
555 162
556 162
557 162
558 162
559 161
560 161
561 161
562 161
563 160
564 160
565 160
566 159
567 159
568 159
569 158
570 158
571 157
572 157
573 157
574 156
575 156
576 155
577 155
578 154
579 154
580 153
581 153
582 152
583 152
584 151
585 151
586 150
587 150
588 149
589 149
590 148
591 148
592 147
593 147
594 146
595 146
596 146
597 145
598 145
599 145
600 144
601 144
602 144
603 143
604 143
605 143
606 143
607 143
608 143
609 143
610 143
611 143
612 143
613 143
614 143
615 143
616 143
617 143
618 143
619 143
620 143
621 144
622 144
623 144
624 145
625 145
626 145
627 146
628 146
629 147
630 147
631 148
632 149
633 149
634 150
635 150
636 151
637 152
638 153
639 153
640 154
641 155
642 156
643 157
644 157
645 158
646 159
647 160
648 161
649 162
650 163
651 164
652 165
653 166
654 167
655 168
656 169
657 170
658 171
659 172
660 173
661 174
662 175
663 176
664 177
665 177
666 178
667 179
668 180
669 181
670 182
671 182
672 183
673 184
674 184
675 185
676 185
677 186
678 186
679 187
680 187
681 187
682 187
683 187
684 187
685 187
686 186
687 186
688 185
689 185
690 184
691 183
692 182
693 181
694 180
695 179
696 178
697 177
698 176
699 175
700 174
701 173
702 172
703 171
704 170
705 169
705 168
706 167
707 166
708 165
709 164
710 163
711 162
712 161
713 160
713 159
714 158
715 157
716 156
717 155
718 154
719 153
720 153
721 152
722 151
723 150
724 149
725 148
726 147
727 147
728 146
729 145
730 145
731 144
732 143
733 143
734 142
735 142
736 141
737 141
738 140
739 140
740 139
741 139
742 138
743 138
744 138
745 137
746 137
747 137
748 137
749 136
750 136
751 136
752 136
753 135
754 135
755 135
756 135
757 135
758 135
759 134
760 134
761 134
762 134
763 134
764 134
765 133
766 133
767 133
768 133
769 133
770 133
771 132
772 132
773 132
774 132
775 132
776 132
777 131
778 131
779 131
780 131
781 131
782 131
783 130
784 130
785 130
786 130
787 130
788 129
789 129
790 129
791 129
792 129
793 128
794 128
795 128
796 128
797 128
798 128
799 127
800 127
801 127
802 127
803 127
804 126
805 126
