23 18
24 18
25 18
26 19
27 19
28 19
29 19
30 19
31 20
32 20
33 20
34 20
35 20
36 20
37 21
38 21
39 21
40 21
41 21
42 22
43 22
44 22
45 22
46 22
47 23
48 23
49 23
50 23
51 23
52 24
53 24
54 24
55 24
56 24
57 25
58 25
59 25
60 25
61 26
62 26
63 26
64 26
65 27
66 27
67 27
68 27
69 28
70 28
71 28
72 29
73 29
74 29
75 30
76 30
77 30
78 31
79 31
80 31
81 32
82 32
83 33
84 33
85 34
86 34
87 35
88 35
89 36
90 37
91 37
92 38
93 38
94 39
95 40
96 41
97 42
98 42
99 43
100 44
101 45
102 46
103 47
104 48
105 49
106 50
107 50
108 51
109 52
110 53
111 54
112 55
113 56
114 57
115 58
116 59
117 60
118 61
119 62
120 63
121 64
122 64
123 65
124 66
125 67
126 67
127 68
128 68
129 69
130 69
131 70
132 70
133 71
134 71
135 72
136 72
137 72
138 73
139 73
140 74
141 74
142 74
143 75
144 75
145 76
146 76
147 77
148 77
149 77
150 78
151 78
152 79
153 79
154 80
155 80
156 81
157 82
158 82
159 83
160 83
161 84
162 84
163 85
164 85
165 86
166 87
167 87
168 88
169 88
170 89
171 89
172 90
173 90
174 91
175 91
176 91
177 91
178 91
179 91
180 92
181 92
182 91
183 91
184 91
185 91
186 91
187 91
188 91
189 91
190 90
191 90
192 90
193 90
194 90
195 90
196 89
197 89
198 89
199 89
200 88
201 88
202 88
203 88
204 87
205 87
206 87
207 87
208 86
209 86
210 86
211 86
212 85
213 85
214 85
215 85
216 84
217 84
218 84
219 84
220 83
221 83
222 83
223 83
224 83
225 83
226 82
227 82
228 82
229 82
230 82
231 82
232 82
233 82
234 82
235 82
236 82
237 82
238 82
239 82
240 82
241 82
242 82
243 82
244 82
245 82
246 82
247 82
248 82
249 82
250 82
251 82
252 82
253 82
254 82
255 82
256 82
257 82
258 82
259 82
260 82
261 82
262 82
263 81
264 81
265 81
266 81
267 80
268 80
269 80
270 80
271 79
272 79
273 79
274 78
275 78
276 77
277 77
278 77
279 76
280 76
281 75
282 75
283 75
284 75
