39 19
40 20
41 21
42 22
42 23
43 24
43 25
44 26
45 27
45 28
46 29
46 30
47 31
48 32
48 33
49 34
49 35
50 36
51 37
51 38
52 39
53 40
53 41
54 42
54 43
55 44
56 45
56 46
57 47
57 48
58 49
59 50
59 51
60 52
60 53
61 54
62 55
62 56
63 57
63 58
64 59
65 60
65 61
66 62
66 63
67 64
67 65
68 66
69 67
69 68
70 69
70 70
71 71
71 72
72 73
73 74
73 75
74 76
74 77
75 78
75 79
76 80
76 81
77 82
78 83
78 84
79 85
79 86
80 87
80 88
81 89
81 90
82 91
82 92
83 93
83 94
84 95
85 96
85 97
86 98
86 99
87 100
87 101
88 102
88 103
89 104
89 105
90 106
90 107
91 108
92 109
92 110
93 111
93 112
94 113
94 114
95 115
95 116
96 117
97 118
97 119
98 120
98 121
99 122
100 123
100 124
101 125
101 126
102 127
103 128
103 129
104 130
104 131
105 132
106 133
106 134
107 135
108 136
108 137
109 138
110 139
110 140
111 141
112 142
113 143
113 144
114 145
115 146
116 147
116 148
117 149
118 150
119 151
119 152
120 153
121 154
122 155
123 156
124 157
124 158
125 159
126 160
127 161
128 162
129 163
130 164
131 165
132 166
133 167
134 168
135 169
136 170
137 171
138 172
139 173
140 174
141 175
142 176
143 176
144 177
145 178
146 178
147 179
148 180
149 180
150 181
151 181
152 181
153 182
154 182
155 182
156 182
157 182
158 182
159 182
160 182
161 182
162 182
163 181
164 181
165 181
166 180
167 180
168 179
169 179
170 178
171 178
172 177
173 176
174 176
175 175
176 174
177 173
178 172
179 172
180 171
181 170
182 169
183 168
184 167
185 166
186 165
187 164
188 163
189 162
190 161
191 160
192 159
193 158
194 157
195 156
196 155
196 154
197 153
198 152
199 151
200 150
201 149
202 148
203 147
203 146
204 145
205 144
206 143
207 142
208 141
209 140
209 139
210 138
211 137
212 136
213 135
214 134
214 133
215 132
216 131
217 130
218 129
218 128
219 127
220 126
221 125
222 124
222 123
223 122
224 121
225 120
226 119
226 118
227 117
228 116
229 115
230 114
230 113
231 112
232 111
233 110
234 109
235 108
235 107
236 106
237 105
238 104
239 103
240 102
241 101
242 100
243 100
244 99
245 98
246 97
247 97
248 96
249 96
250 96
251 96
252 96
253 96
254 96
255 96
256 96
257 96
258 97
259 97
260 98
261 99
262 100
263 101
264 102
265 103
265 104
266 105
267 106
267 107
268 108
268 109
269 110
270 111
270 112
271 113
271 114
272 115
272 116
273 117
273 118
274 119
274 120
275 121
275 122
275 123
276 124
276 125
277 126
277 127
278 128
278 129
279 130
279 131
280 132
280 133
281 134
281 135
282 136
282 137
283 138
283 139
284 140
284 141
285 142
285 143
286 144
286 145
287 146
287 147
288 148
288 149
289 150
290 151
290 152
291 153
291 154
292 155
293 156
293 157
294 158
295 159
295 160
296 161
297 162
297 163
298 164
299 165
299 166
300 167
301 168
302 169
303 170
303 171
304 172
305 173
306 174
307 175
308 176
309 177
310 178
311 179
312 180
313 181
314 181
315 182
316 183
317 184
318 184
319 185
320 186
321 186
322 187
323 187
324 188
325 189
326 189
327 189
328 190
329 190
330 191
331 191
332 192
333 192
334 192
335 193
336 193
337 193
338 194
339 194
340 194
341 195
342 195
343 195
344 196
345 196
346 196
347 197
348 197
349 197
350 198
351 198
352 198
353 199
354 199
355 199
356 200
357 200
358 200
359 200
360 201
361 201
362 201
363 201
364 201
365 201
366 201
367 202
368 201
369 201
370 201
371 201
372 201
373 201
374 200
375 200
376 200
377 199
378 199
379 198
380 198
381 197
382 197
383 196
384 196
385 195
386 195
387 194
388 193
389 193
390 192
391 192
392 191
393 190
394 190
395 189
396 189
397 188
398 188
399 187
400 187
401 186
402 186
403 186
404 185
405 185
406 185
407 184
408 184
409 184
410 184
411 183
412 183
413 183
414 183
415 183
416 183
417 183
418 183
419 183
420 183
421 183
422 183
423 183
424 183
425 183
426 183
427 183
428 183
429 183
430 183
431 183
432 184
433 184
434 184
435 184
436 184
437 184
438 185
439 185
440 185
441 185
442 185
443 186
444 186
445 186
446 186
447 186
448 187
449 187
450 187
451 187
452 187
453 188
454 188
455 188
456 188
457 189
458 189
459 189
460 189
461 189
462 190
463 190
464 190
465 190
466 191
467 191
468 191
469 191
470 192
471 192
472 192
473 193
474 193
475 193
476 193
477 194
478 194
479 194
480 195
481 195
482 196
483 196
484 196
485 197
486 197
487 197
488 198
489 198
490 199
491 199
492 200
493 200
494 200
495 201
496 201
497 202
498 202
499 203
500 203
501 204
502 204
503 205
504 206
505 206
506 207
507 207
508 208
509 208
510 209
511 210
512 210
513 211
514 211
515 212
516 213
517 213
518 214
519 215
520 215
521 216
522 216
523 217
524 218
525 218
526 219
527 220
528 220
529 221
530 221
531 222
532 223
533 223
534 224
535 224
536 225
537 226
538 226
539 227
540 227
541 228
542 229
543 229
544 230
545 230
546 231
547 232
548 232
549 233
550 233
551 234
552 234
553 235
554 235
555 236
556 237
557 237
558 238
559 238
560 239
561 239
562 240
563 240
564 241
565 241
566 242
567 243
568 243
569 244
570 244
571 245
572 245
573 246
574 246
575 247
576 247
577 248
578 248
579 249
580 249
581 250
