22 72
23 73
23 74
24 75
25 76
25 77
26 78
27 79
27 80
28 81
29 82
29 83
30 84
31 85
31 86
32 87
33 88
33 89
34 90
35 91
36 92
36 93
37 94
38 95
39 96
39 97
40 98
41 99
42 100
43 101
44 102
45 103
46 104
47 105
48 106
49 107
50 108
51 108
52 109
53 109
54 110
55 110
56 110
57 111
58 111
59 112
60 112
61 112
62 112
63 113
64 113
65 113
66 114
67 114
68 114
69 115
70 115
71 115
72 115
73 116
74 116
75 116
76 116
77 117
78 117
79 117
80 117
81 118
82 118
83 118
84 118
85 119
86 119
87 119
88 120
89 120
90 120
91 121
92 121
93 121
94 122
95 122
96 123
97 123
98 124
99 124
100 125
101 126
102 126
103 127
104 128
105 129
106 129
107 130
108 131
109 132
110 133
111 134
112 135
113 136
114 137
115 138
115 139
116 140
117 141
118 142
119 143
120 144
120 145
121 146
122 147
123 148
124 149
124 150
125 151
126 152
127 153
128 154
128 155
129 156
130 157
131 158
132 159
132 160
133 161
134 162
135 163
136 164
137 165
138 166
139 167
140 168
141 169
142 170
143 171
144 172
145 173
146 174
147 175
148 176
149 176
150 177
151 178
152 178
153 179
154 179
155 180
156 180
157 181
158 181
159 182
160 182
161 182
162 182
163 182
164 182
165 183
166 183
167 182
168 182
169 182
170 182
171 182
172 182
173 181
174 181
175 181
176 181
177 180
178 180
179 180
180 179
181 179
182 179
183 178
184 178
185 178
186 177
187 177
188 177
189 176
190 176
191 175
192 175
193 175
194 174
195 174
196 174
197 173
198 173
199 173
200 172
201 172
202 172
203 172
204 171
205 171
206 171
207 171
208 170
209 170
210 170
211 170
212 169
213 169
214 169
215 169
216 169
217 169
218 168
219 168
220 168
221 168
222 168
223 168
224 168
225 167
226 167
227 167
228 167
229 167
230 167
231 167
232 166
233 166
234 166
235 166
236 166
237 166
238 165
239 165
240 165
241 164
242 164
243 164
244 163
245 163
246 163
247 162
248 162
249 161
250 160
251 160
252 159
253 158
254 158
255 157
256 156
257 155
258 154
259 153
260 152
261 151
262 150
263 149
264 148
265 147
266 146
267 145
268 144
269 143
270 142
271 141
272 140
273 139
274 138
275 138
276 137
277 136
278 136
279 135
280 134
281 134
282 133
283 133
284 132
285 132
286 132
287 131
288 131
289 131
290 131
291 131
292 130
293 130
294 130
295 130
296 131
297 131
298 131
299 131
300 131
301 132
302 132
303 132
304 133
305 133
306 134
307 135
308 135
309 136
310 137
311 137
312 138
313 139
314 140
315 141
316 141
317 142
318 143
319 144
320 145
321 146
322 147
323 148
324 149
325 150
326 151
327 152
328 153
329 154
330 155
331 156
332 157
333 158
334 159
335 160
336 161
337 162
338 162
339 163
340 164
341 165
342 166
343 167
344 167
345 168
346 169
347 170
348 170
349 171
350 171
351 172
352 173
353 173
354 174
355 174
356 174
357 175
358 175
359 176
360 176
361 176
362 177
363 177
364 178
365 178
366 178
367 179
368 179
369 180
370 180
371 180
372 181
373 181
374 182
375 182
376 182
377 183
378 183
379 184
380 184
381 185
382 185
383 186
384 186
385 187
386 187
387 188
388 188
389 189
390 189
391 190
392 190
393 191
394 191
395 192
396 192
397 193
398 193
399 194
400 195
401 195
402 196
403 196
404 197
405 197
406 198
407 198
408 199
409 199
410 199
411 200
412 200
413 201
414 201
415 201
416 202
417 202
418 202
419 202
420 203
421 203
422 203
423 203
424 204
425 204
426 204
427 204
428 205
429 205
430 205
431 205
432 205
