41 30
42 31
43 32
44 33
45 34
46 35
46 36
47 37
48 38
49 39
50 40
51 41
52 42
53 43
54 44
54 45
55 46
56 47
57 48
58 49
59 50
60 51
61 52
61 53
62 54
63 55
64 56
65 57
65 58
66 59
67 60
68 61
69 62
69 63
70 64
71 65
72 66
72 67
73 68
74 69
75 70
75 71
76 72
77 73
77 74
78 75
79 76
80 77
80 78
81 79
82 80
82 81
83 82
84 83
84 84
85 85
86 86
86 87
87 88
88 89
88 90
89 91
90 92
90 93
91 94
92 95
93 96
93 97
94 98
95 99
96 100
96 101
97 102
98 103
99 104
100 105
101 106
102 107
103 108
104 109
105 109
106 110
107 111
108 111
109 112
110 112
111 113
112 113
113 113
114 114
115 114
116 114
117 115
118 115
119 115
120 115
121 115
122 115
123 116
124 116
125 116
126 116
127 116
128 116
129 116
130 116
131 116
132 116
133 116
134 116
135 116
136 116
137 116
138 116
139 117
140 117
141 117
142 117
143 117
144 117
145 117
146 117
147 117
148 117
149 118
150 118
151 118
152 118
153 118
154 119
155 119
156 119
157 119
158 119
159 120
160 120
161 120
162 121
163 121
164 121
165 122
166 122
167 122
168 123
169 123
170 123
171 124
172 124
173 124
174 125
175 125
176 126
177 126
178 126
179 127
180 127
181 128
182 128
183 129
184 129
185 129
186 130
187 130
188 131
189 131
190 131
191 132
192 132
193 133
194 133
195 133
196 134
197 134
198 135
199 135
200 135
201 136
202 136
203 136
204 136
205 137
206 137
207 137
208 138
209 138
210 138
211 138
212 138
213 139
214 139
215 139
216 139
217 139
218 140
219 140
220 140
221 140
222 140
223 140
224 141
225 141
226 141
227 141
228 141
229 141
230 142
231 142
232 142
233 142
234 142
235 143
236 143
237 143
238 143
239 144
240 144
241 144
242 145
243 145
244 145
245 145
246 146
247 146
248 146
249 146
250 147
251 147
252 147
253 147
254 147
255 147
256 148
257 148
258 148
259 148
260 148
261 148
262 148
263 148
264 148
265 147
266 147
267 147
268 147
269 146
270 146
271 145
272 145
273 145
274 144
275 143
276 143
277 142
278 142
279 141
280 141
281 140
282 139
283 139
284 138
285 137
286 137
287 136
288 135
289 135
290 134
291 134
292 133
293 133
294 132
295 131
296 131
297 130
298 130
299 129
300 129
301 128
302 128
303 127
304 127
305 126
306 126
307 126
308 125
309 125
310 124
311 124
312 124
313 123
314 123
315 123
316 122
317 122
318 122
319 122
320 121
321 121
322 121
323 121
324 121
325 121
326 120
327 120
328 120
329 120
330 120
331 120
332 120
333 121
334 121
335 121
336 121
337 121
338 122
339 122
340 122
341 123
342 123
343 124
344 124
345 125
346 125
347 126
348 126
349 127
350 127
351 128
352 129
353 129
354 130
355 131
356 131
357 132
358 133
359 134
360 134
361 135
362 136
363 136
364 137
365 138
366 138
367 139
368 140
369 140
370 141
371 141
372 142
373 143
374 143
375 144
376 144
377 145
378 145
379 146
380 146
381 147
382 147
383 148
384 148
385 149
386 149
387 150
388 150
389 150
390 151
391 151
392 151
393 151
394 152
395 152
396 152
397 152
398 153
399 153
400 153
401 153
402 153
403 153
404 153
405 153
406 153
407 154
408 154
409 154
410 154
411 154
412 154
413 154
414 154
415 154
416 154
417 154
418 154
419 154
420 154
421 154
422 154
423 155
424 155
425 155
426 155
427 155
428 155
429 155
430 156
431 156
432 156
433 156
434 157
435 157
436 157
437 157
438 158
439 158
440 158
441 159
442 159
443 159
444 160
445 160
446 161
447 161
448 161
449 162
450 162
451 163
452 163
453 164
454 164
455 165
456 165
457 166
458 166
459 167
460 167
461 168
462 168
463 169
464 169
465 170
466 170
467 171
468 171
469 172
470 172
471 173
472 173
473 174
474 175
475 175
476 176
477 176
478 177
479 177
480 178
481 179
482 179
483 180
484 180
485 181
486 181
487 182
488 183
489 183
490 184
491 184
492 185
493 185
494 186
495 187
496 187
497 188
498 188
499 189
500 189
501 190
502 190
503 191
504 192
505 192
506 193
507 193
508 194
509 194
510 195
511 195
512 196
513 196
514 197
515 197
516 198
517 198
518 199
519 199
520 200
521 200
522 201
523 201
524 202
525 202
526 203
527 203
528 203
529 204
530 204
531 205
532 205
533 206
534 206
535 207
536 207
537 207
538 208
539 208
540 209
541 209
542 210
543 210
544 210
545 211
546 211
547 212
548 212
549 213
550 213
551 213
552 214
553 214
554 214
555 215
556 215
557 215
558 215
559 215
560 215
561 215
562 215
563 215
564 215
565 215
566 214
567 214
568 214
569 213
570 213
571 212
572 212
573 211
574 211
575 210
576 210
577 209
578 209
