18 21
19 22
19 23
20 24
20 25
20 26
21 27
21 28
21 29
22 30
22 31
22 32
23 33
23 34
23 35
24 36
24 37
25 38
25 39
25 40
26 41
26 42
26 43
27 44
27 45
27 46
28 47
28 48
29 49
29 50
29 51
30 52
30 53
31 54
31 55
32 56
32 57
33 58
33 59
33 60
34 61
34 62
35 63
35 64
36 65
36 66
37 67
37 68
38 69
38 70
39 71
40 72
40 73
41 74
42 75
42 76
43 77
44 78
44 79
45 80
46 81
47 82
48 83
48 84
49 85
50 86
51 87
52 88
53 88
54 89
55 90
56 91
57 92
58 92
59 93
60 93
61 94
62 94
63 95
64 95
65 96
66 96
67 97
68 97
69 97
70 98
71 98
72 98
73 99
74 99
75 99
76 99
77 100
78 100
79 100
80 100
81 100
82 101
83 101
84 101
85 101
86 101
87 101
88 102
89 102
90 102
91 102
92 102
93 102
94 102
95 102
96 103
97 103
98 103
99 103
100 103
101 103
102 103
103 103
104 103
105 104
106 104
107 104
108 104
109 104
110 104
111 104
112 105
113 105
114 105
115 105
116 105
117 106
118 106
119 106
120 106
121 107
122 107
123 107
124 108
125 108
126 108
127 109
128 109
129 109
130 110
131 110
132 111
133 111
134 112
135 112
136 113
137 113
138 114
139 114
140 115
141 115
142 116
143 116
144 117
145 118
146 118
147 119
148 120
149 121
150 121
151 122
152 123
153 124
154 124
155 125
156 126
157 127
158 128
159 129
160 130
161 131
162 132
163 133
164 134
165 135
166 136
167 137
168 138
169 139
170 140
171 141
172 142
173 143
174 144
174 145
175 146
176 147
177 148
178 149
179 150
180 151
181 152
182 153
183 154
184 155
185 156
186 157
187 158
188 159
189 160
190 160
191 161
192 162
193 163
194 163
195 164
196 165
197 165
198 166
199 167
200 167
201 168
202 168
203 169
204 169
205 170
206 170
207 170
208 171
209 171
210 172
211 172
212 172
213 173
214 173
215 173
216 174
217 174
218 174
219 174
220 175
221 175
222 175
223 175
224 175
225 175
226 175
227 175
228 175
229 175
230 175
231 175
232 175
233 175
234 175
235 174
236 174
237 174
238 173
239 173
240 173
241 172
242 172
243 171
244 171
245 170
246 170
247 169
248 169
249 168
250 168
251 167
252 167
253 166
254 165
255 165
256 164
257 163
258 163
259 162
260 161
261 161
262 160
263 159
264 159
265 158
266 157
267 157
268 156
269 155
270 154
271 154
272 153
273 152
274 151
275 151
276 150
277 149
278 148
279 148
280 147
281 146
282 145
283 145
284 144
285 143
286 142
287 141
288 141
289 140
290 139
291 138
292 138
293 137
294 136
295 135
296 134
297 134
298 133
299 132
300 131
301 131
302 130
303 129
304 128
305 128
306 127
307 126
308 126
309 125
310 124
311 123
312 123
313 122
314 122
315 121
316 120
317 120
318 119
319 119
320 118
321 118
322 117
323 116
324 116
325 116
326 115
327 115
328 114
329 114
330 113
331 113
332 113
333 112
334 112
335 111
336 111
337 111
338 110
339 110
340 110
341 109
342 109
343 108
344 108
345 108
346 107
347 107
348 106
349 106
350 105
351 105
352 104
353 104
354 104
355 103
356 103
357 102
358 101
359 101
360 100
361 100
362 99
363 99
364 98
365 97
366 97
367 96
368 95
369 95
370 94
371 93
372 93
373 92
374 91
375 91
376 90
377 89
378 88
379 88
380 87
381 86
382 86
383 85
384 84
385 84
386 83
387 83
388 82
389 82
390 81
391 81
392 80
393 80
394 80
395 80
396 80
397 80
398 80
399 80
400 80
401 80
402 80
403 80
404 80
405 80
406 80
407 80
408 80
409 80
410 80
411 80
412 79
413 79
414 79
415 79
416 79
417 79
418 78
419 78
420 78
421 78
422 78
423 78
424 77
425 77
426 77
427 77
428 77
429 77
430 77
431 77
432 77
433 77
434 77
435 77
436 77
437 77
438 77
439 76
440 76
441 76
442 76
443 76
444 76
445 76
446 76
447 76
448 76
449 76
450 76
451 76
452 75
453 75
454 75
455 75
456 75
457 75
458 75
459 74
460 74
461 74
462 74
463 74
464 73
465 73
466 73
467 73
468 72
469 72
470 72
471 72
472 71
473 71
474 71
475 71
476 70
477 70
478 70
479 69
480 69
481 69
482 69
483 68
484 68
485 68
486 67
487 67
