16 17
17 18
18 19
19 20
20 21
21 22
22 23
22 24
23 25
24 26
25 27
25 28
26 29
27 30
27 31
28 32
29 33
29 34
30 35
30 36
31 37
32 38
32 39
33 40
33 41
34 42
34 43
35 44
35 45
36 46
36 47
37 48
38 49
38 50
39 51
39 52
40 53
40 54
41 55
41 56
42 57
43 58
43 59
44 60
44 61
45 62
45 63
46 64
47 65
47 66
48 67
49 68
49 69
50 70
51 71
51 72
52 73
53 74
54 75
54 76
55 77
56 78
57 79
58 80
59 81
60 82
61 83
62 84
63 85
64 86
65 87
66 87
67 88
68 89
69 89
70 90
71 90
72 91
73 91
74 92
75 92
76 92
77 93
78 93
79 93
80 93
81 94
82 94
83 94
84 94
85 94
86 94
87 95
88 95
89 95
90 95
91 95
92 95
93 95
94 95
95 95
96 95
97 95
98 95
99 95
100 94
101 94
102 94
103 94
104 94
105 94
106 94
107 94
108 94
109 94
110 93
111 93
112 93
113 93
114 93
115 93
116 93
117 93
118 92
119 92
120 92
121 92
122 92
123 92
124 92
125 91
126 91
127 91
128 91
129 91
130 91
131 91
132 91
133 91
134 91
135 91
136 90
137 90
138 90
139 90
140 90
141 90
142 90
143 90
144 90
145 90
146 90
147 90
148 90
149 90
150 90
151 90
152 90
153 90
154 90
155 90
156 91
157 91
158 91
159 91
160 91
161 91
162 91
163 92
164 92
165 92
166 92
167 92
168 93
169 93
170 93
171 94
172 94
173 94
174 95
175 95
176 96
177 96
178 96
179 97
180 97
181 98
182 98
183 99
184 100
185 100
186 101
187 101
188 102
189 103
190 103
191 104
192 105
193 106
194 106
195 107
196 108
197 108
198 109
199 110
200 111
201 111
202 112
203 113
204 114
205 114
206 115
207 116
208 116
209 117
210 118
211 118
212 119
213 120
214 120
215 121
216 121
217 122
218 123
219 123
220 124
221 124
222 125
223 125
224 126
225 126
226 126
227 127
228 127
229 128
230 128
231 128
232 129
233 129
234 130
235 130
236 130
237 131
238 131
239 132
240 132
241 132
242 133
243 133
244 134
245 134
246 135
247 135
248 136
249 136
250 137
251 137
252 138
253 139
254 139
255 140
256 141
257 142
258 143
259 144
260 145
261 146
261 147
262 148
263 149
264 150
265 151
265 152
266 153
267 154
268 155
268 156
269 157
270 158
270 159
271 160
272 161
273 162
273 163
274 164
275 165
276 166
277 167
277 168
278 169
279 170
280 171
281 172
282 173
283 174
284 175
285 176
286 177
287 178
288 178
289 179
290 180
291 181
292 181
293 182
294 182
295 183
296 183
297 183
298 184
299 184
300 184
301 184
302 184
303 184
304 184
305 184
306 184
307 184
308 184
309 184
310 184
311 183
312 183
313 183
314 183
315 182
316 182
317 182
318 181
319 181
320 180
321 180
322 179
323 179
324 178
325 178
326 177
327 177
328 176
329 175
330 175
331 174
332 173
333 173
334 172
335 171
336 171
337 170
338 169
339 169
340 168
341 167
342 167
343 166
344 165
345 164
346 164
347 163
348 162
349 162
350 161
351 160
352 160
353 159
354 158
355 158
356 157
357 157
358 156
359 156
360 155
361 155
362 154
363 154
364 153
365 153
366 152
367 152
368 152
369 151
370 151
371 151
372 150
373 150
374 150
375 150
376 149
377 149
378 149
379 149
380 149
381 149
382 148
383 148
384 148
385 148
386 148
387 148
388 148
389 148
390 148
391 148
392 148
393 148
394 148
395 148
396 148
397 149
398 149
399 149
400 149
401 149
402 149
403 150
404 150
405 150
406 150
407 150
408 151
409 151
410 151
411 152
412 152
413 152
414 153
415 153
416 153
417 154
418 154
419 154
420 155
421 155
422 156
423 156
424 156
425 157
426 157
427 157
428 158
429 158
430 158
431 158
432 159
433 159
434 159
435 159
436 160
437 160
438 160
439 160
440 160
441 160
442 160
443 161
444 161
445 161
446 161
447 161
448 161
449 161
450 161
451 161
452 161
453 161
454 161
455 161
456 161
457 161
458 160
459 160
460 160
461 160
462 160
463 160
464 160
465 160
466 160
467 160
468 160
469 160
470 160
471 160
472 160
473 160
474 160
475 161
476 161
477 161
478 161
479 161
480 161
481 161
482 161
483 161
484 161
485 161
486 162
487 162
