21 57
22 57
23 57
24 57
25 58
26 58
27 59
28 59
29 60
30 61
31 62
32 63
32 64
33 65
34 66
34 67
35 68
36 69
36 70
37 71
37 72
38 73
38 74
39 75
39 76
40 77
40 78
41 79
42 80
42 81
43 82
43 83
44 84
44 85
45 86
45 87
46 88
47 89
47 90
48 91
49 92
49 93
50 94
51 95
52 96
53 97
54 98
55 99
56 100
57 101
58 102
59 102
60 103
61 103
62 104
63 104
64 105
65 105
66 105
67 106
68 106
69 107
70 107
71 107
72 107
73 108
74 108
75 108
76 109
77 109
78 109
79 110
80 110
81 110
82 111
83 111
84 111
85 112
86 112
87 112
88 113
89 113
90 113
91 114
92 114
93 115
94 115
95 115
96 116
97 116
98 117
99 117
100 118
101 118
102 118
103 119
104 119
105 120
106 120
107 121
108 121
109 122
110 122
111 123
112 123
113 124
114 125
115 125
116 126
117 126
118 127
119 127
120 128
121 128
122 129
123 129
124 130
125 130
126 131
127 131
128 132
129 132
130 133
131 133
132 134
133 134
134 135
135 135
136 135
137 136
138 136
139 137
140 137
141 138
142 138
143 138
144 139
145 139
146 139
147 140
148 140
149 141
150 141
151 141
152 142
153 142
154 142
155 143
156 143
157 144
158 144
159 144
160 145
161 145
162 145
163 146
164 146
165 146
166 147
167 147
168 147
169 148
170 148
171 148
172 148
173 149
174 149
175 149
176 150
177 150
178 150
179 150
180 151
181 151
182 151
183 151
184 152
185 152
186 152
187 152
188 152
189 153
190 153
191 153
192 153
193 153
194 154
195 154
196 154
197 154
198 154
199 155
200 155
201 155
202 155
203 155
204 156
205 156
206 156
207 156
208 156
209 156
210 156
211 156
212 156
213 156
214 156
215 156
216 156
217 156
218 156
219 155
220 155
221 154
222 154
223 153
224 152
225 151
226 151
227 150
228 149
229 148
229 147
230 146
231 145
232 144
233 143
233 142
234 141
235 140
236 139
236 138
237 137
238 136
239 135
240 134
241 133
242 132
243 131
244 131
245 130
246 130
247 130
248 130
249 130
250 130
251 130
252 130
253 131
254 131
255 131
256 131
257 132
258 132
259 132
260 132
261 132
262 132
263 132
264 133
265 133
266 133
267 133
268 133
269 133
270 133
271 133
272 133
273 133
274 133
275 133
276 133
277 133
278 133
279 133
280 133
281 133
282 133
283 133
284 133
285 133
286 133
287 133
288 133
289 133
290 133
291 133
292 132
293 132
294 132
295 132
296 132
297 132
298 132
299 132
300 132
301 131
302 131
303 131
304 131
305 131
306 131
307 130
308 130
309 130
310 130
311 129
312 129
313 129
314 128
315 128
316 128
317 127
318 127
319 126
320 126
321 125
322 125
323 124
324 123
325 123
326 122
327 121
328 121
329 120
330 119
331 118
332 118
333 117
334 116
335 115
336 115
337 114
338 113
339 113
340 112
341 111
342 111
343 110
344 109
345 109
346 108
347 108
348 108
349 107
350 107
351 106
352 106
353 106
354 106
355 105
356 105
357 105
358 105
359 105
360 105
361 105
362 105
363 105
364 105
365 105
366 105
367 105
368 106
369 106
370 106
371 107
372 107
373 107
374 108
375 108
376 109
377 109
378 110
379 111
380 111
381 112
382 113
383 113
384 114
385 115
386 116
