16 47
17 47
18 47
19 48
20 48
21 48
22 48
23 48
24 48
25 48
26 48
27 48
28 49
29 49
30 49
31 49
32 49
33 49
34 49
35 49
36 49
37 49
38 49
39 49
40 49
41 49
42 49
43 49
44 50
45 50
46 50
47 50
48 50
49 50
50 50
51 51
52 51
53 51
54 51
55 52
56 52
57 53
58 53
59 54
60 54
61 55
62 55
63 56
64 56
65 57
66 58
67 59
68 59
69 60
70 61
71 62
72 63
73 64
74 65
75 66
76 67
77 68
77 69
78 70
79 71
80 72
80 73
81 74
82 75
83 76
83 77
84 78
84 79
85 80
86 81
86 82
87 83
87 84
88 85
88 86
89 87
89 88
90 89
90 90
91 91
91 92
92 93
92 94
93 95
93 96
94 97
94 98
95 99
95 100
96 101
96 102
97 103
97 104
97 105
98 106
98 107
99 108
99 109
100 110
100 111
101 112
101 113
101 114
102 115
102 116
103 117
103 118
104 119
104 120
105 121
105 122
106 123
106 124
107 125
108 126
108 127
109 128
109 129
110 130
111 131
112 132
112 133
113 134
114 135
115 136
116 137
117 138
118 138
119 139
120 139
121 139
122 140
123 140
124 140
125 139
126 139
127 139
128 139
129 138
130 138
131 138
132 137
133 137
134 136
135 136
136 135
137 135
138 135
139 134
140 134
141 133
142 133
143 133
144 132
145 132
146 132
147 132
148 132
149 132
150 132
151 132
152 132
153 132
154 132
155 132
156 132
157 132
158 132
159 133
160 133
161 133
162 134
163 134
164 135
165 135
166 135
167 136
168 136
169 137
170 137
171 138
172 139
173 139
174 140
175 140
176 141
177 141
178 142
179 143
180 143
181 144
182 145
183 145
184 146
185 147
186 147
187 148
188 149
189 149
190 150
191 151
192 152
193 152
194 153
195 154
196 155
197 155
198 156
199 157
200 158
201 158
202 159
203 160
204 161
205 161
206 162
207 163
208 164
209 164
210 165
211 165
212 166
213 166
214 166
215 167
216 167
217 167
218 168
219 168
220 168
221 168
222 168
223 168
224 168
225 168
226 168
227 168
228 168
229 168
230 168
231 168
232 168
233 167
234 167
235 167
236 167
237 167
238 167
239 167
240 167
241 166
242 166
243 166
244 166
245 166
246 166
