13 29
14 30
15 31
16 32
16 33
17 34
18 35
18 36
19 37
20 38
21 39
21 40
22 41
23 42
23 43
24 44
24 45
25 46
26 47
26 48
27 49
28 50
28 51
29 52
29 53
30 54
31 55
31 56
32 57
32 58
33 59
33 60
34 61
35 62
35 63
36 64
36 65
37 66
37 67
38 68
38 69
39 70
40 71
40 72
41 73
41 74
42 75
42 76
43 77
43 78
44 79
44 80
45 81
45 82
46 83
46 84
47 85
47 86
48 87
48 88
49 89
49 90
50 91
50 92
51 93
51 94
52 95
52 96
53 97
53 98
54 99
54 100
54 101
55 102
55 103
56 104
56 105
57 106
57 107
58 108
58 109
59 110
59 111
60 112
60 113
61 114
61 115
62 116
62 117
63 118
64 119
64 120
65 121
65 122
66 123
67 124
67 125
68 126
69 127
69 128
70 129
71 130
72 131
73 132
74 133
75 134
76 135
77 136
78 137
79 138
80 139
81 139
82 140
83 140
84 141
85 141
86 141
87 142
88 142
89 142
90 142
91 142
92 142
93 142
94 142
95 142
96 142
97 142
98 142
99 142
100 141
101 141
102 141
103 140
104 140
105 139
106 139
107 139
108 138
109 137
110 137
111 136
112 136
113 135
114 134
115 134
116 133
117 132
118 132
119 131
120 130
121 130
122 129
123 128
124 127
125 127
126 126
127 125
128 125
129 124
130 123
131 122
132 122
133 121
134 120
135 120
136 119
137 119
138 118
139 117
140 117
141 116
142 116
143 115
144 115
145 114
146 113
147 113
148 112
149 112
150 111
151 111
152 111
153 110
154 110
155 109
156 109
157 109
158 108
159 108
160 108
161 107
162 107
163 107
164 106
165 106
166 106
167 106
168 106
169 106
170 106
171 106
172 106
173 106
174 106
175 106
176 106
177 106
178 106
179 106
180 106
181 107
182 107
183 107
184 107
185 107
186 108
187 108
188 108
189 109
190 109
191 109
192 109
193 110
194 110
195 110
196 110
197 110
198 110
199 111
200 111
201 111
202 111
203 111
204 111
205 111
206 111
207 111
208 111
209 111
210 111
211 111
212 110
213 110
214 110
215 110
216 109
217 109
218 109
219 108
220 108
221 107
222 107
223 106
224 106
225 105
226 105
227 104
228 104
229 103
230 102
231 101
232 101
233 100
234 99
235 99
236 98
237 97
238 96
239 95
240 95
241 94
242 93
243 92
244 91
245 90
246 89
247 88
248 88
249 87
250 86
251 85
252 84
253 83
254 82
255 81
256 80
257 79
258 79
259 78
260 77
261 76
262 76
263 75
264 74
265 74
266 73
267 73
268 73
269 73
270 73
271 73
272 73
273 74
274 74
275 75
276 76
277 77
278 78
278 79
279 80
280 81
280 82
281 83
281 84
282 85
282 86
283 87
283 88
284 89
284 90
285 91
285 92
286 93
287 94
287 95
288 96
288 97
289 98
289 99
290 100
291 101
291 102
292 103
293 104
294 105
295 105
296 106
297 106
298 105
299 104
300 103
301 102
302 101
303 100
303 99
304 98
304 97
305 96
306 95
306 94
307 93
308 92
308 91
309 90
310 89
310 88
311 87
312 86
313 85
314 84
315 83
316 82
317 81
318 80
319 80
320 79
321 79
322 78
323 78
324 77
325 77
326 77
327 77
328 76
329 76
330 76
331 76
332 76
333 76
334 76
335 75
336 75
337 75
338 75
339 75
340 75
341 75
342 75
343 75
344 75
345 75
346 75
347 75
348 75
349 75
350 75
351 75
352 76
353 76
354 76
355 76
356 76
357 76
358 76
