12 29
13 30
14 30
15 31
16 32
17 32
18 33
19 33
20 34
21 35
22 35
23 36
24 36
25 37
26 38
27 38
28 39
29 39
30 40
31 41
32 41
33 42
34 42
35 43
36 44
37 44
38 45
39 45
40 46
41 47
42 47
43 48
44 48
45 49
46 50
47 50
48 51
49 51
50 52
51 53
52 53
53 54
54 55
55 55
56 56
57 57
58 57
59 58
60 59
61 59
62 60
63 61
64 61
65 62
66 63
67 63
68 64
69 65
70 66
71 66
72 67
73 68
74 69
75 70
76 70
77 71
78 72
79 73
80 74
81 74
82 75
83 76
84 77
85 78
86 79
87 80
88 80
89 81
90 82
91 83
92 84
93 85
94 86
95 87
96 88
97 89
98 89
99 90
100 91
101 92
102 93
103 94
104 95
105 96
106 97
107 98
108 99
109 100
110 100
111 101
112 102
113 103
114 104
115 105
116 106
117 107
118 108
119 109
120 109
121 110
122 111
123 112
124 113
125 114
126 115
127 115
128 116
129 117
130 118
131 119
132 120
133 120
134 121
135 122
136 123
137 123
138 124
139 125
140 126
141 126
142 127
143 128
144 128
145 129
146 130
147 130
148 131
149 132
150 132
151 133
152 133
153 134
154 134
155 135
156 135
157 136
158 136
159 136
160 137
161 137
162 138
163 138
164 138
165 138
166 139
167 139
168 139
169 139
170 140
171 140
172 140
173 140
174 140
175 140
176 140
177 141
178 141
179 141
180 141
181 141
182 141
183 141
184 141
185 141
186 141
187 141
188 141
189 142
190 142
191 142
192 142
193 142
194 142
195 142
196 142
197 142
198 142
199 143
200 143
201 143
202 143
203 143
204 143
205 144
206 144
207 144
208 144
209 144
210 145
211 145
212 145
213 146
214 146
215 146
216 147
217 147
218 148
219 148
220 148
221 149
222 150
223 150
224 151
225 151
226 152
227 153
228 153
229 154
230 155
231 156
232 157
233 158
234 158
235 159
236 160
237 161
238 162
239 163
240 164
241 165
242 166
243 167
244 168
245 169
246 170
247 171
248 172
249 173
250 174
251 175
252 176
253 177
254 178
255 178
256 179
257 180
258 181
259 182
260 183
261 183
262 184
263 185
264 186
265 187
266 187
267 188
268 189
269 190
270 190
271 191
272 192
273 192
274 193
275 194
276 195
277 195
278 196
279 197
280 197
281 198
282 198
283 199
284 200
285 200
286 201
287 201
288 202
289 202
290 203
291 203
292 204
293 204
294 205
295 205
296 206
297 206
298 206
299 207
300 207
301 207
302 208
303 208
304 208
305 208
306 208
307 208
308 208
309 208
310 208
311 208
312 208
313 208
314 208
315 208
316 208
317 208
318 207
319 207
320 207
321 207
322 206
323 206
324 206
325 206
326 205
327 205
328 205
329 205
330 204
331 204
332 204
333 204
334 204
335 204
336 203
337 203
338 203
339 203
340 203
341 203
342 203
343 203
344 203
345 203
346 203
347 203
348 203
349 203
350 203
351 203
352 203
353 203
354 204
355 204
356 204
357 204
358 204
359 204
360 204
361 204
362 204
363 204
364 204
365 204
366 205
367 205
368 205
369 205
370 205
371 205
372 205
373 205
374 205
375 205
376 205
377 205
378 205
379 205
380 206
381 206
382 206
383 206
384 206
385 206
386 206
387 206
388 206
389 206
390 205
391 205
392 205
393 205
394 205
395 205
396 205
397 205
398 205
399 205
400 205
401 204
402 204
403 204
404 204
405 204
406 204
407 203
408 203
409 203
410 203
411 202
412 202
413 202
414 201
415 201
416 201
417 201
418 200
419 200
420 199
421 199
422 199
423 198
424 198
425 197
426 197
427 196
428 196
429 196
430 195
431 195
432 194
433 194
434 193
435 193
436 192
437 192
438 191
439 191
440 190
441 190
442 189
443 189
444 188
445 187
446 187
447 186
448 186
449 185
450 185
451 184
452 184
453 183
454 183
455 182
456 182
457 181
458 181
459 180
460 180
461 179
462 179
463 178
464 178
465 178
466 177
467 177
468 176
469 176
470 175
471 175
472 174
473 174
474 174
475 173
476 173
477 172
478 172
479 172
480 171
481 171
482 170
483 170
484 170
485 169
486 169
487 169
488 168
489 168
490 168
491 167
492 167
493 167
494 166
495 166
496 165
497 165
498 165
499 164
500 164
501 164
502 164
503 163
504 163
505 163
506 162
507 162
508 162
509 161
510 161
511 161
512 160
513 160
514 160
515 159
516 159
517 159
518 158
519 158
520 158
521 158
522 157
523 157
