10 43
11 43
12 43
13 43
14 43
15 44
16 44
17 44
18 44
19 44
20 44
21 45
22 45
23 45
24 45
25 45
26 45
27 45
28 45
29 45
30 45
31 45
32 45
33 45
34 45
35 45
36 45
37 45
38 45
39 45
40 45
41 45
42 45
43 45
44 45
45 45
46 45
47 45
48 45
49 45
50 45
51 45
52 45
53 46
54 46
55 46
56 46
57 46
58 47
59 47
60 47
61 47
62 48
63 48
64 48
65 48
66 49
67 49
68 49
69 50
70 50
71 50
72 51
73 51
74 52
75 52
76 52
77 53
78 53
79 54
80 54
81 54
82 55
83 55
84 56
85 56
86 57
87 57
88 58
89 58
90 59
91 59
92 60
93 60
94 60
95 61
96 61
97 62
98 63
99 63
100 64
101 64
102 65
103 65
104 66
105 66
106 67
107 67
108 68
109 68
110 69
111 69
112 70
113 70
114 71
115 71
116 72
117 73
118 73
119 74
120 74
121 75
122 75
123 76
124 77
125 77
126 78
127 78
128 79
129 80
130 80
131 81
132 81
133 82
134 83
135 84
136 84
137 85
138 86
139 86
140 87
141 88
142 89
143 89
144 90
145 91
146 92
147 93
148 93
149 94
150 95
151 96
152 97
153 98
154 99
155 99
156 100
157 101
158 102
