10 50
11 51
11 52
12 53
12 54
13 55
13 56
13 57
14 58
14 59
15 60
15 61
16 62
16 63
17 64
17 65
18 66
18 67
19 68
20 69
21 70
22 71
23 72
24 73
25 74
26 74
27 75
28 75
29 75
30 75
31 76
32 76
33 76
34 76
35 76
36 76
37 76
38 76
39 76
40 76
41 76
42 76
43 76
44 76
45 77
46 77
47 78
48 78
49 79
50 80
51 80
52 81
53 82
54 83
55 84
56 85
57 85
58 86
59 87
60 87
61 87
62 88
63 88
64 88
65 88
66 87
67 87
68 87
69 86
70 86
71 86
72 85
73 85
74 84
75 84
76 83
77 83
78 82
79 82
80 81
81 81
82 80
83 80
84 79
85 79
86 78
87 78
88 77
89 77
90 77
91 76
92 76
93 75
94 75
95 74
96 74
97 74
98 73
99 73
100 72
101 72
102 72
103 71
104 71
105 70
106 70
107 70
108 69
109 69
110 69
111 68
