32 66
33 66
34 66
35 66
36 67
37 67
38 68
39 68
40 69
41 69
42 70
43 70
44 70
45 71
46 71
47 72
48 72
49 72
50 73
51 73
52 74
53 74
54 74
55 75
56 75
57 76
58 76
59 76
60 77
61 77
62 78
63 78
64 79
65 79
66 79
67 80
68 80
69 81
70 81
71 82
72 82
73 83
74 83
75 84
76 84
77 84
78 85
79 85
80 86
81 86
82 87
83 87
84 88
85 88
86 88
87 89
88 89
89 89
90 90
91 90
92 90
93 90
94 91
95 91
96 91
97 91
98 92
99 92
100 92
101 92
102 92
103 92
104 93
105 93
106 93
107 93
108 93
109 93
110 93
111 94
112 94
113 94
114 94
115 94
116 94
117 94
118 94
119 94
120 95
121 95
122 95
123 95
124 95
125 95
126 95
127 95
128 96
129 96
130 96
131 96
132 96
133 96
134 96
135 96
136 96
137 96
138 96
139 96
140 96
141 96
142 96
143 96
144 96
145 96
146 96
147 96
148 96
149 96
150 96
151 96
152 96
153 97
154 97
155 97
156 97
157 97
158 98
159 98
160 99
161 99
162 100
163 100
164 101
165 102
166 102
167 103
168 104
169 104
170 105
171 106
172 106
173 107
174 107
175 108
176 108
177 109
178 109
179 109
180 109
181 110
182 110
183 110
184 110
185 110
186 110
187 110
188 111
189 111
190 111
191 111
192 111
193 111
194 111
195 111
196 111
197 111
198 111
199 111
200 111
201 112
202 112
203 112
204 112
205 112
206 112
207 112
208 112
209 112
210 112
211 112
212 112
213 113
214 113
215 113
216 113
217 113
218 113
219 113
220 113
221 113
222 113
223 113
224 113
225 113
226 113
227 113
228 113
229 113
230 113
231 113
232 113
233 113
234 112
235 112
236 112
237 112
238 112
239 111
240 111
241 110
242 110
243 109
244 108
245 107
246 106
247 105
247 104
248 103
249 102
250 101
250 100
251 99
251 98
252 97
253 96
253 95
254 94
255 93
255 92
256 91
257 90
258 89
259 88
260 87
261 87
262 86
263 86
264 86
265 86
266 86
267 87
268 87
269 88
270 89
271 90
272 90
273 91
274 91
275 92
276 92
277 93
278 93
279 93
280 93
281 93
282 93
283 92
284 92
285 92
286 92
287 91
288 91
289 91
290 91
291 90
292 90
293 90
294 90
295 90
296 89
297 89
298 89
299 89
300 89
301 88
302 88
303 88
304 88
305 88
306 88
307 88
308 88
309 88
310 88
311 88
312 88
313 88
314 88
315 88
316 88
317 88
318 88
319 88
320 88
321 88
322 88
323 88
324 88
325 88
326 88
327 88
328 88
329 88
330 88
331 88
332 89
333 89
334 89
335 89
336 89
337 89
338 89
339 89
340 89
341 89
342 89
343 89
344 89
345 89
346 89
347 90
348 90
349 90
350 90
351 90
352 90
353 90
354 91
355 91
356 91
357 91
358 92
359 92
360 92
361 92
362 93
363 93
364 93
365 94
366 94
367 94
368 95
369 95
370 96
371 96
372 96
373 97
374 97
375 98
376 98
377 99
378 99
379 100
380 100
381 101
382 101
383 102
384 103
385 103
386 104
387 104
388 105
389 106
390 106
391 107
392 108
393 108
394 109
395 110
396 110
397 111
398 112
399 113
400 113
401 114
402 115
403 116
404 116
405 117
406 118
407 119
408 119
409 120
410 121
411 122
412 122
413 123
414 124
415 125
416 125
417 126
418 127
419 127
420 128
421 129
422 129
423 130
424 131
425 131
426 132
427 133
428 133
429 134
430 135
431 135
432 136
433 136
434 136
435 137
436 137
437 137
438 138
439 138
440 138
441 138
442 138
443 138
444 137
445 137
446 137
447 137
448 136
449 136
450 135
451 135
452 134
453 134
454 133
455 133
456 132
457 132
458 131
459 131
460 130
461 129
462 129
463 128
464 128
465 127
466 127
467 126
468 126
469 125
470 125
471 124
472 124
473 123
474 123
475 122
476 122
477 121
478 121
479 120
480 120
481 119
482 119
483 119
484 118
485 118
486 117
487 117
488 116
489 116
490 116
491 115
492 115
493 115
494 114
495 114
496 113
497 113
498 113
499 112
500 112
501 112
502 111
503 111
504 111
505 110
506 110
507 110
508 110
509 109
510 109
511 109
512 108
513 108
514 108
515 108
516 107
517 107
518 107
519 107
520 107
521 106
522 106
523 106
524 106
525 106
526 105
527 105
528 105
529 105
530 105
531 104
532 104
533 104
534 104
535 104
536 104
537 103
538 103
539 103
540 103
541 103
542 102
543 102
544 102
545 102
546 101
547 101
548 101
549 100
550 100
551 100
552 99
553 99
554 98
555 98
556 97
557 97
558 96
559 96
560 95
561 94
562 94
563 93
564 92
565 92
566 91
567 90
568 90
569 89
570 88
571 87
572 87
573 86
574 86
