29 61
30 61
31 61
32 61
33 61
34 61
35 61
36 61
37 61
38 61
39 61
40 62
41 62
42 62
43 62
44 63
45 63
46 63
47 64
48 64
49 65
50 65
51 66
52 66
53 67
54 68
55 68
56 69
57 70
58 71
59 72
60 72
61 73
62 74
63 75
64 76
65 77
66 78
67 79
68 80
69 81
70 82
71 83
72 84
73 85
74 86
74 87
75 88
76 89
77 90
78 91
79 92
80 93
81 94
82 95
83 96
84 97
85 98
86 99
87 100
88 101
89 101
90 102
91 103
92 104
93 105
94 106
95 106
96 107
97 108
98 109
99 109
100 110
101 111
102 111
103 112
104 112
105 113
106 113
107 114
108 114
109 115
110 115
111 116
112 116
113 116
114 117
115 117
116 118
117 118
118 118
119 119
120 119
121 119
122 120
123 120
124 120
125 121
126 121
127 121
128 122
129 122
130 122
131 123
132 123
133 123
134 124
135 124
136 124
137 125
138 125
139 125
140 126
141 126
142 126
143 127
144 127
145 127
146 128
147 128
148 129
149 129
150 129
151 130
152 130
153 130
154 131
155 131
156 132
157 132
158 133
159 133
160 133
161 134
162 134
163 135
164 135
165 136
166 136
167 137
168 137
169 137
170 138
171 138
172 139
173 139
174 140
175 140
176 141
177 141
178 142
179 142
180 143
181 143
182 144
183 144
184 144
