18 77
19 77
20 78
20 79
21 80
22 81
23 82
24 83
24 84
25 85
26 86
27 87
28 88
29 89
29 90
30 91
31 92
32 93
33 94
34 95
35 96
35 97
36 98
37 99
38 100
39 101
40 102
41 103
42 104
43 105
44 106
45 107
46 108
47 108
48 109
49 110
50 111
51 112
52 112
53 113
54 114
55 114
56 115
57 116
58 116
59 117
60 117
61 118
62 118
63 118
64 119
65 119
66 119
67 120
68 120
69 120
70 120
71 120
72 121
73 121
74 121
75 121
76 121
77 121
78 121
79 121
80 121
81 121
82 121
83 121
84 122
85 122
86 122
87 122
88 122
89 122
90 122
91 122
92 122
93 123
94 123
95 123
96 123
97 124
98 124
99 124
100 124
101 125
102 125
103 126
104 126
105 126
106 127
107 127
108 128
109 128
110 129
111 129
112 130
113 131
114 131
115 132
116 132
117 133
118 133
119 134
120 134
121 135
122 135
123 136
124 136
125 137
126 138
127 138
128 139
129 139
130 140
131 141
132 141
133 142
134 143
135 143
136 144
137 145
138 146
139 146
140 147
141 148
142 149
