30 43
31 44
32 45
33 46
34 47
35 47
36 48
37 49
38 50
39 51
40 52
41 53
42 53
43 54
44 55
45 56
46 56
47 57
48 58
49 58
50 59
51 60
52 60
53 61
54 62
55 62
56 63
57 63
58 64
59 64
60 65
61 65
62 66
63 66
64 67
65 67
66 68
67 69
68 69
69 70
70 70
71 71
72 72
73 72
74 73
75 74
76 74
77 75
78 76
79 77
80 77
81 78
82 79
83 80
84 81
85 82
86 83
87 84
88 85
89 86
90 87
91 88
92 89
92 90
93 91
94 92
95 93
96 94
97 95
97 96
98 97
99 98
100 99
101 100
101 101
102 102
103 103
103 104
104 105
105 106
106 107
106 108
107 109
108 110
108 111
109 112
110 113
110 114
111 115
112 116
112 117
113 118
114 119
114 120
115 121
116 122
116 123
117 124
118 125
118 126
119 127
120 128
120 129
121 130
122 131
122 132
123 133
124 134
124 135
125 136
126 137
127 138
127 139
128 140
129 141
130 142
131 143
132 144
133 145
134 146
135 147
136 148
137 149
138 150
139 150
140 151
141 151
142 152
143 152
144 153
145 153
146 154
147 154
148 154
149 155
150 155
151 155
152 155
153 155
154 156
155 156
156 156
157 156
158 156
159 156
160 156
161 156
162 156
163 156
164 156
165 156
166 156
167 156
168 156
169 155
170 155
171 155
172 155
173 154
174 154
175 154
176 153
177 153
178 153
179 152
180 152
181 151
182 151
183 150
184 150
185 150
186 149
187 149
188 148
189 148
190 147
191 147
192 146
193 146
194 145
195 145
196 144
197 144
198 143
199 143
200 143
201 142
202 142
203 141
204 141
205 141
206 140
207 140
208 140
209 139
210 139
211 139
212 139
213 138
214 138
215 138
216 137
217 137
218 137
219 137
220 136
221 136
222 136
223 136
224 135
225 135
226 135
227 135
228 134
229 134
230 134
231 134
232 133
233 133
234 133
235 133
236 132
237 132
238 132
239 132
240 131
241 131
242 131
243 131
244 130
245 130
246 130
247 129
248 129
249 129
250 129
251 129
252 128
253 128
254 128
255 128
256 128
257 127
258 127
259 127
260 127
261 127
262 127
263 127
264 127
265 127
266 127
267 127
268 127
269 127
270 127
271 128
272 128
273 128
274 128
275 128
276 129
277 129
278 129
279 130
280 130
281 130
282 131
283 131
284 132
285 132
286 133
287 133
288 133
289 134
290 134
291 135
292 135
293 136
294 136
295 136
296 137
297 137
298 137
299 137
300 138
301 138
302 138
303 138
304 138
305 138
306 138
307 138
308 138
309 138
310 138
311 137
312 137
313 137
314 137
315 137
316 136
317 136
318 136
319 135
320 135
321 135
322 134
323 134
324 134
325 133
326 133
327 132
328 132
329 132
330 131
331 131
332 130
333 130
334 130
335 129
336 129
337 128
338 128
339 127
340 127
341 126
342 126
343 126
344 125
345 125
346 124
347 124
348 123
349 123
350 123
351 122
352 122
353 121
354 121
355 121
356 120
357 120
358 120
359 119
360 119
361 119
362 118
363 118
364 118
365 117
366 117
367 117
368 117
369 116
370 116
371 116
372 116
373 116
374 115
375 115
376 115
377 115
378 115
379 115
380 115
381 115
382 115
383 115
384 115
385 115
386 114
387 114
388 114
389 115
390 115
391 115
392 115
393 115
394 115
395 115
396 115
397 115
398 115
399 116
400 116
401 116
402 116
403 117
404 117
405 117
406 118
407 118
408 119
409 119
410 120
411 121
412 121
413 122
414 123
415 123
416 124
417 125
418 126
419 127
420 128
421 129
422 130
423 131
424 132
425 133
426 134
427 135
428 136
429 137
430 138
431 139
431 140
432 141
433 142
434 143
435 144
436 145
437 146
438 147
439 148
440 149
441 150
442 151
443 151
444 152
445 153
446 154
447 155
448 156
449 156
450 157
451 158
452 158
453 159
454 160
455 160
456 161
457 161
458 162
459 162
460 162
461 163
462 163
463 163
464 163
465 163
466 164
467 164
468 164
469 163
470 163
471 163
472 163
473 163
474 162
475 162
476 162
477 161
478 161
479 160
480 160
481 159
482 159
483 158
484 158
485 157
486 156
487 156
488 155
489 154
490 153
491 153
492 152
493 151
494 150
495 149
496 148
497 147
498 146
499 145
500 144
501 143
502 142
503 141
504 140
505 139
505 138
506 137
507 136
508 135
509 134
509 133
510 132
511 131
512 130
513 129
513 128
514 127
515 126
516 125
516 124
517 123
518 122
