27 48
28 48
29 49
30 49
31 50
32 51
33 52
34 53
35 53
36 54
37 55
38 55
39 56
40 57
41 57
42 58
43 59
44 59
45 60
46 60
47 61
48 61
49 62
50 62
51 63
52 63
53 64
54 64
55 65
56 65
57 66
58 66
59 67
60 67
61 67
62 68
63 68
64 69
65 69
66 70
67 70
68 70
69 71
70 71
71 71
72 72
73 72
74 72
75 72
76 72
77 72
78 72
79 72
80 72
81 72
82 71
83 71
84 71
85 70
86 70
87 69
88 69
89 68
90 67
91 67
92 66
93 66
94 65
95 64
96 64
97 63
98 63
99 63
100 62
101 62
102 62
103 61
104 61
105 61
106 60
107 60
108 60
109 60
110 60
111 60
112 60
113 59
114 59
115 59
116 59
117 59
118 59
119 59
120 59
121 59
122 59
123 59
124 59
125 59
126 59
127 59
128 59
129 59
130 59
131 59
132 59
133 59
134 58
135 58
136 58
137 58
138 58
139 58
140 58
141 58
142 58
143 58
144 58
145 58
146 58
147 58
148 58
149 58
150 57
151 57
152 57
153 57
154 57
155 57
156 57
157 57
158 57
159 57
160 57
161 57
162 56
163 56
164 56
165 56
166 56
167 56
168 56
169 56
170 56
171 56
172 56
173 56
174 56
175 56
176 56
177 56
178 56
179 56
180 56
181 56
182 56
183 56
184 55
185 55
186 55
187 55
188 55
189 55
190 55
191 55
192 55
193 55
194 55
195 55
196 55
197 55
198 55
199 55
