10 9
11 10
11 11
12 12
13 13
13 14
14 15
15 16
15 17
16 18
17 19
17 20
18 21
19 22
19 23
20 24
21 25
21 26
22 27
23 28
24 29
24 30
25 31
26 32
26 33
27 34
28 35
28 36
29 37
30 38
31 39
31 40
32 41
33 42
33 43
34 44
35 45
36 46
36 47
37 48
38 49
39 50
39 51
40 52
41 53
41 54
42 55
43 56
44 57
44 58
45 59
46 60
47 61
47 62
48 63
49 64
50 65
50 66
51 67
52 68
52 69
53 70
54 71
55 72
55 73
56 74
57 75
58 76
58 77
59 78
60 79
61 80
61 81
62 82
63 83
64 84
65 85
65 86
66 87
67 88
68 89
68 90
69 91
70 92
71 93
72 94
72 95
73 96
74 97
75 98
76 99
77 100
77 101
78 102
79 103
80 104
81 105
82 106
83 107
83 108
84 109
85 110
86 111
87 112
88 113
89 114
90 115
90 116
91 117
92 118
93 119
94 120
95 121
96 122
97 123
98 124
99 125
100 126
101 127
102 128
103 129
104 130
105 131
106 132
107 133
108 134
109 135
110 135
111 136
112 137
113 138
114 139
115 140
116 140
117 141
118 142
119 142
120 143
121 143
122 144
123 144
124 145
125 145
126 146
127 146
128 146
129 146
130 147
131 147
132 147
133 147
134 147
135 147
136 147
137 147
138 147
139 147
140 146
141 146
142 146
143 146
144 146
145 145
146 145
147 145
148 145
149 145
150 144
151 144
152 144
153 144
154 143
155 143
156 143
157 143
158 143
159 142
160 142
161 142
162 142
163 142
164 142
165 142
166 142
167 142
168 142
169 142
170 142
171 142
172 142
173 142
174 142
175 142
176 143
177 143
178 143
179 143
180 144
181 144
182 144
183 144
184 145
185 145
186 145
187 146
188 146
189 147
190 147
191 147
192 148
193 148
194 149
195 149
196 150
197 150
198 151
199 151
200 151
201 152
202 152
203 153
204 153
205 154
206 154
207 155
208 155
209 155
210 156
211 156
212 157
213 157
214 157
215 158
216 158
217 158
218 159
219 159
220 159
221 159
222 159
223 160
224 160
225 160
226 160
227 160
228 160
229 160
230 161
231 161
232 161
233 161
234 161
235 160
236 160
237 160
238 160
239 160
240 160
241 160
242 160
243 159
244 159
245 159
246 159
247 159
248 158
249 158
250 158
251 158
252 157
253 157
254 157
255 157
256 157
257 157
258 156
259 156
260 156
261 156
262 156
263 156
264 156
265 156
266 156
267 156
268 156
269 156
270 156
271 156
272 156
273 156
274 156
275 156
276 156
277 157
278 157
279 157
280 157
281 158
282 158
283 158
284 159
285 159
286 160
287 160
288 161
289 161
290 162
291 162
292 163
293 164
294 164
295 165
296 166
297 166
298 167
299 168
300 169
301 169
302 170
303 171
304 171
305 172
306 173
307 173
308 174
309 174
310 175
311 176
312 176
313 177
314 178
