4 32
5 31
6 31
7 31
8 31
9 31
10 31
11 31
12 31
13 31
14 32
15 32
16 32
17 33
18 33
19 34
20 34
21 35
22 36
23 36
24 37
25 38
26 38
27 39
28 40
29 41
30 41
31 42
32 43
33 43
34 44
35 45
36 46
37 46
38 47
39 47
40 48
41 48
42 49
43 49
44 49
45 50
46 50
47 50
48 49
49 49
50 48
51 48
52 47
53 46
54 45
55 44
56 43
57 42
58 41
59 40
60 40
61 39
62 39
63 39
64 39
65 39
66 39
67 39
68 39
69 39
70 38
71 38
72 38
73 38
74 38
75 38
76 38
77 37
78 37
79 37
80 37
81 37
82 37
83 37
84 37
85 37
86 37
87 37
88 37
89 37
90 38
91 38
92 38
93 38
94 38
95 38
96 38
97 38
98 38
99 39
100 39
101 39
102 39
103 39
104 39
105 39
106 39
107 39
108 39
109 40
110 40
111 40
112 40
113 40
114 40
115 40
116 40
117 41
118 41
119 41
120 41
121 42
122 42
123 42
124 42
125 43
126 43
127 43
128 44
129 44
130 44
131 45
132 45
133 46
134 46
135 47
136 47
137 48
138 48
139 48
140 49
141 49
142 50
143 50
144 50
145 51
146 51
147 51
148 51
149 51
150 51
151 51
152 51
153 51
154 51
155 51
156 52
157 52
158 52
159 52
160 52
161 53
162 53
163 53
164 53
165 54
166 54
167 54
168 54
169 54
170 54
171 54
172 54
173 54
174 54
175 54
176 53
177 53
178 53
179 53
180 52
181 52
182 51
183 51
184 51
185 50
186 50
187 49
188 49
