12 3
13 4
14 5
15 6
15 7
16 8
16 9
17 10
17 11
18 12
18 13
19 14
20 15
20 16
21 17
21 18
22 19
22 20
23 21
24 22
24 23
25 24
25 25
26 26
26 27
27 28
27 29
28 30
29 31
29 32
30 33
30 34
31 35
31 36
32 37
32 38
33 39
33 40
34 41
34 42
35 43
36 44
36 45
37 46
37 47
38 48
38 49
39 50
39 51
40 52
40 53
41 54
41 55
42 56
42 57
43 58
43 59
44 60
44 61
45 62
46 63
46 64
47 65
47 66
48 67
48 68
49 69
49 70
50 71
51 72
51 73
52 74
52 75
53 76
54 77
54 78
55 79
55 80
56 81
57 82
57 83
58 84
59 85
60 86
60 87
61 88
62 89
63 90
63 91
64 92
65 93
66 94
67 95
68 96
69 97
70 98
71 99
72 100
73 101
74 102
75 102
76 103
77 104
78 104
79 105
80 106
81 106
82 107
83 107
84 107
85 108
86 108
87 108
88 109
89 109
90 109
91 109
92 109
93 110
94 110
95 110
96 109
97 109
98 109
99 109
100 109
101 108
102 108
103 108
104 107
105 106
106 106
107 105
108 104
109 103
110 102
111 101
112 100
113 99
114 98
115 97
115 96
116 95
117 94
118 93
118 92
119 91
120 90
120 89
121 88
121 87
122 86
123 85
123 84
124 83
124 82
125 81
125 80
126 79
126 78
127 77
128 76
128 75
129 74
129 73
130 72
130 71
131 70
132 69
132 68
133 67
134 66
135 65
135 64
136 63
137 62
138 61
139 61
140 60
141 60
142 59
143 59
144 59
145 58
146 58
147 58
148 58
149 58
150 58
151 58
152 58
153 58
154 58
155 58
156 59
157 59
158 59
159 59
160 59
161 59
162 59
163 59
164 60
165 60
166 60
167 60
168 60
169 60
170 60
171 60
172 61
173 61
174 61
175 61
176 61
177 61
178 61
179 61
180 61
181 61
182 62
183 62
184 62
185 62
186 62
187 62
188 62
189 62
190 62
191 62
192 62
193 62
194 62
195 62
196 62
197 62
198 63
199 63
200 63
201 63
202 63
203 63
204 63
205 63
206 63
207 64
208 64
209 64
210 64
211 64
212 64
213 64
214 65
215 65
216 65
217 65
218 65
219 66
220 66
221 66
222 66
223 66
224 66
225 67
226 67
227 67
228 67
229 68
230 68
231 68
232 68
233 69
234 69
235 69
236 70
237 70
238 71
239 71
240 72
241 72
242 73
243 74
244 74
245 75
246 76
247 77
248 78
249 79
250 80
251 81
252 82
252 83
253 84
254 85
255 86
255 87
256 88
257 89
257 90
258 91
259 92
259 93
260 94
261 95
261 96
262 97
263 98
263 99
264 100
264 101
265 102
266 103
266 104
267 105
267 106
268 107
269 108
269 109
270 110
271 111
272 112
273 113
274 114
275 115
276 116
277 117
278 117
279 118
280 118
281 118
282 118
283 118
284 118
285 118
286 117
287 117
288 116
289 116
290 115
291 114
292 114
293 113
294 112
295 111
296 110
297 109
298 109
299 108
300 107
301 107
302 106
303 105
304 105
305 105
306 104
307 104
308 104
309 104
310 104
311 104
312 104
313 104
314 104
315 105
316 105
317 105
318 105
319 106
320 106
321 106
322 106
323 107
324 107
325 107
326 107
327 108
328 108
329 108
330 108
331 109
332 109
333 109
334 109
335 109
336 109
337 110
338 110
339 110
340 110
341 110
342 110
343 110
344 110
345 110
346 110
347 110
348 110
349 110
350 109
351 109
352 109
353 109
354 108
355 108
356 108
357 108
358 107
359 107
360 107
361 106
362 106
363 106
364 106
365 105
366 105
367 105
368 105
369 105
370 105
371 105
372 105
373 105
374 105
375 105
376 105
377 106
378 106
379 106
380 106
381 107
382 107
383 107
384 107
385 108
386 108
387 108
388 108
389 109
390 109
391 109
392 109
393 110
394 110
395 110
396 110
397 110
398 110
399 110
400 110
401 111
402 111
403 111
404 111
405 111
406 111
407 111
408 111
409 111
410 111
411 112
412 112
413 112
414 112
415 113
416 113
417 113
418 114
419 114
420 114
421 115
422 115
423 115
424 115
425 115
426 115
427 115
428 115
429 115
430 115
431 115
432 115
433 115
434 115
435 115
436 114
437 114
438 114
439 114
440 114
441 114
442 114
443 114
444 114
445 114
446 114
447 114
448 113
449 113
450 113
451 113
452 113
453 113
454 113
455 113
456 113
457 113
458 112
459 112
460 112
461 112
462 112
463 112
464 112
465 112
466 111
467 111
468 111
469 111
470 111
471 111
472 110
473 110
474 110
475 110
476 110
477 109
478 109
479 109
480 109
481 109
482 108
483 108
484 108
485 108
486 107
487 107
488 107
489 107
490 106
491 106
492 106
493 105
494 105
495 105
496 104
497 104
498 103
499 103
500 102
501 102
502 102
503 101
504 100
505 100
506 99
507 99
508 98
509 98
510 97
511 97
512 96
513 95
514 95
515 94
516 93
517 93
518 92
519 91
520 91
521 90
522 89
523 89
