29 36
30 37
31 38
32 39
33 40
34 41
35 42
36 43
37 44
38 45
39 46
40 47
41 48
42 49
43 50
44 50
45 51
46 51
47 52
48 52
49 53
50 53
51 53
52 54
53 54
54 54
55 54
56 55
57 55
58 55
59 55
60 55
61 56
62 56
63 56
64 57
65 57
66 58
67 59
68 60
69 61
70 62
71 63
72 64
73 65
74 66
75 66
76 67
77 68
78 69
79 70
80 71
81 71
82 72
83 72
84 73
85 73
86 74
87 74
88 75
89 75
90 75
91 75
92 75
93 76
94 76
95 76
96 76
97 76
98 76
99 76
100 76
101 76
102 76
103 76
104 76
105 76
106 76
107 76
108 76
109 76
110 76
111 76
112 76
113 76
114 76
115 76
116 76
117 76
118 76
119 76
120 76
121 76
122 76
123 76
124 76
125 76
126 76
127 76
128 76
129 76
130 76
131 76
132 77
133 77
134 77
135 77
136 77
137 78
138 78
139 78
140 78
141 79
142 79
143 79
144 79
145 80
146 80
147 80
148 81
149 81
150 82
151 82
152 83
153 83
154 83
155 84
156 84
157 85
158 85
159 86
160 87
161 87
162 88
163 88
164 89
165 89
166 90
167 91
168 91
169 92
170 92
171 93
172 94
173 95
174 95
175 96
176 97
177 97
178 98
179 99
180 99
181 100
182 101
183 102
184 102
185 103
186 104
187 104
188 105
189 106
190 107
191 107
192 108
193 109
194 109
195 110
196 111
197 112
198 112
199 113
200 113
201 114
202 115
203 115
204 116
205 116
206 117
207 117
208 118
209 118
210 119
211 119
212 120
213 120
214 120
215 121
216 121
217 121
218 122
219 122
220 122
221 122
222 122
223 122
224 123
225 123
226 123
227 123
228 123
229 123
230 123
231 123
232 123
233 123
234 123
235 122
236 122
237 122
238 122
239 122
240 122
241 122
242 122
243 122
244 122
245 122
246 122
247 122
248 122
249 122
250 122
251 122
252 122
253 122
254 122
255 122
256 122
257 122
258 122
259 122
260 122
261 122
262 122
263 122
264 123
265 123
266 123
267 123
268 123
269 123
270 124
271 124
272 124
273 124
274 125
275 125
276 125
277 125
278 125
279 126
280 126
281 126
282 126
283 127
284 127
285 127
286 127
287 127
288 128
289 128
290 128
291 128
292 128
293 128
294 128
295 127
296 127
297 127
298 127
299 127
300 127
301 126
302 126
303 126
304 126
305 126
306 125
307 125
308 125
309 124
310 124
311 124
312 123
313 123
314 123
315 122
316 121
317 121
318 120
319 120
320 119
321 118
322 118
323 117
324 116
325 116
326 115
327 114
328 114
329 113
330 112
331 112
332 111
333 110
334 110
335 109
336 109
337 108
338 108
339 108
340 107
341 107
342 107
343 106
344 106
345 106
346 106
347 106
348 106
349 106
350 106
351 106
352 106
353 106
354 106
355 106
356 107
357 107
358 107
359 108
360 108
361 109
362 109
363 110
364 110
365 111
366 111
367 112
368 113
369 114
370 114
371 115
372 116
373 117
374 117
375 118
376 119
377 120
378 121
379 121
380 122
381 123
382 123
383 124
384 125
385 125
386 126
387 126
388 127
389 128
390 128
391 129
392 129
393 130
394 130
395 131
396 131
397 131
398 132
399 132
400 133
401 133
402 134
403 134
404 134
405 135
406 135
407 136
408 136
409 136
410 137
411 137
412 137
413 138
414 138
415 139
416 139
417 139
418 140
419 140
420 140
421 141
422 141
423 141
424 141
425 141
426 142
427 142
428 142
429 142
430 142
431 142
432 142
433 142
434 141
435 141
436 141
437 140
438 140
439 140
440 139
441 139
442 138
443 138
444 137
445 136
446 136
447 135
448 134
449 134
450 133
451 133
452 132
453 132
454 132
455 131
456 131
457 131
458 131
459 131
460 131
461 131
462 131
463 131
464 131
465 131
466 132
467 132
468 132
469 132
470 132
471 132
472 133
473 133
474 133
475 133
476 133
477 133
478 133
479 133
480 133
481 133
482 133
483 133
484 133
485 133
486 133
487 133
488 133
489 133
490 132
491 132
492 132
493 132
494 132
495 132
496 132
497 131
498 131
499 131
500 131
501 131
502 130
503 130
504 130
505 130
506 129
507 129
508 129
509 128
510 128
511 128
512 128
513 127
514 127
