15 3
16 3
17 4
18 4
19 4
20 5
21 5
22 6
23 6
24 7
25 7
26 7
27 8
28 8
29 9
30 9
31 10
32 10
33 11
34 11
35 12
36 12
37 13
38 13
39 14
40 14
41 15
42 15
43 16
44 17
45 17
46 18
47 19
48 19
49 20
50 21
51 22
52 22
53 23
54 24
55 25
56 26
57 27
58 27
59 28
60 29
61 30
62 31
63 32
64 33
65 34
66 35
66 36
67 37
68 38
69 39
70 40
71 41
72 42
72 43
73 44
74 45
75 46
76 47
76 48
77 49
78 50
79 51
79 52
80 53
81 54
81 55
82 56
83 57
83 58
84 59
85 60
85 61
86 62
86 63
87 64
87 65
88 66
88 67
89 68
89 69
90 70
90 71
91 72
91 73
92 74
92 75
93 76
93 77
93 78
94 79
94 80
95 81
95 82
95 83
96 84
96 85
97 86
97 87
97 88
98 89
98 90
99 91
99 92
99 93
100 94
100 95
101 96
101 97
102 98
102 99
102 100
103 101
103 102
104 103
104 104
105 105
105 106
106 107
106 108
107 109
108 110
108 111
109 112
109 113
110 114
111 115
112 116
112 117
113 118
114 119
115 120
116 121
117 122
118 122
119 123
120 124
121 124
122 125
123 125
124 126
125 126
126 126
127 126
128 127
129 127
130 127
131 127
132 127
133 127
134 127
135 127
136 127
137 127
138 127
139 127
140 126
141 126
142 126
143 126
144 126
145 126
146 125
147 125
148 125
149 125
150 124
151 124
152 124
153 124
154 123
155 123
156 123
157 122
158 122
159 122
160 122
161 122
162 121
163 121
164 121
165 121
166 120
167 120
168 120
169 120
170 120
171 120
172 120
173 119
174 119
175 119
176 119
177 119
178 119
179 119
180 119
181 119
182 119
183 119
184 119
185 119
186 119
187 119
188 119
189 119
190 119
191 119
192 119
193 119
194 119
195 119
196 119
197 119
198 119
199 119
200 119
201 119
202 119
