12 2
12 3
13 4
13 5
14 6
14 7
15 8
15 9
16 10
16 11
17 12
17 13
18 14
18 15
19 16
19 17
20 18
20 19
21 20
21 21
22 22
22 23
23 24
24 25
24 26
25 27
25 28
26 29
27 30
28 31
28 32
29 33
30 34
31 35
31 36
32 37
33 38
34 39
35 40
36 41
37 42
38 42
39 43
40 44
41 45
42 45
43 46
44 46
45 46
46 47
47 47
48 47
49 47
50 47
51 46
52 46
53 46
54 45
55 45
56 44
57 43
58 43
59 42
60 41
61 41
62 40
63 40
64 39
65 38
66 38
67 37
68 37
69 37
70 36
71 36
72 36
73 36
74 36
75 36
76 37
77 37
78 38
79 38
80 39
81 39
82 40
83 41
84 42
85 42
86 43
87 44
88 44
89 45
90 45
91 46
92 47
93 47
94 48
95 48
96 49
97 49
98 50
99 50
100 51
101 51
102 52
103 52
104 53
105 53
106 54
107 54
108 55
109 55
110 56
111 56
112 56
113 57
114 57
115 57
116 58
117 58
118 58
119 58
120 59
121 59
122 59
123 59
124 59
125 59
126 59
127 59
128 60
129 59
130 59
131 59
132 59
133 59
134 59
135 59
136 59
137 59
138 58
139 58
140 58
141 58
142 57
143 57
144 57
145 56
146 56
147 55
148 55
149 54
150 54
151 53
152 53
153 52
154 52
155 51
156 51
157 50
158 50
159 49
160 49
161 48
162 48
163 47
164 47
165 46
166 46
167 45
168 45
169 45
170 44
171 44
172 44
173 44
174 43
175 43
176 43
177 43
178 43
179 43
180 43
181 43
182 43
183 43
184 43
185 43
186 43
187 43
188 43
189 43
190 43
191 44
192 44
193 44
194 45
195 45
196 46
197 46
198 47
199 47
200 48
201 49
202 49
203 50
204 51
205 52
206 52
207 53
208 54
209 55
210 56
211 57
212 58
213 59
214 60
215 61
215 62
216 63
217 64
218 65
219 66
220 67
221 68
222 69
223 70
223 71
224 72
225 73
226 74
227 75
228 76
229 77
230 78
231 79
232 80
233 81
234 82
235 83
236 84
237 84
238 85
239 85
240 85
241 86
242 86
243 86
244 86
245 86
246 86
247 85
248 85
249 85
250 84
251 83
252 83
253 82
254 81
255 80
256 80
257 79
258 78
259 77
260 76
261 75
262 74
263 73
264 72
265 71
266 70
267 70
