26 17
27 18
27 19
28 20
28 21
29 22
29 23
30 24
30 25
31 26
31 27
32 28
32 29
33 30
34 31
34 32
35 33
35 34
36 35
36 36
37 37
37 38
38 39
39 40
39 41
40 42
40 43
41 44
41 45
42 46
43 47
43 48
44 49
44 50
45 51
46 52
46 53
47 54
48 55
48 56
49 57
50 58
50 59
51 60
52 61
52 62
53 63
54 64
55 65
55 66
56 67
57 68
58 69
59 70
59 71
60 72
61 73
62 74
62 75
63 76
64 77
65 78
65 79
66 80
67 81
67 82
68 83
69 84
69 85
70 86
70 87
71 88
72 89
72 90
73 91
73 92
74 93
75 94
75 95
76 96
76 97
77 98
77 99
78 100
78 101
79 102
80 103
80 104
81 105
81 106
82 107
82 108
83 109
84 110
84 111
85 112
86 113
86 114
87 115
88 116
88 117
89 118
90 119
91 120
91 121
92 122
93 123
94 124
95 124
96 125
97 126
98 126
99 127
100 127
101 127
102 128
103 128
104 128
105 128
106 128
107 128
108 128
109 128
110 128
111 128
112 128
113 129
114 129
115 129
116 129
117 129
118 129
119 130
120 130
121 130
122 131
123 131
124 131
125 131
126 132
127 132
128 132
129 132
130 133
131 133
132 133
133 133
134 134
135 134
136 134
137 134
138 134
139 134
140 134
141 134
142 134
143 134
144 134
145 134
146 134
147 134
148 134
149 134
150 134
151 134
152 134
153 134
154 134
155 133
156 133
157 133
158 133
159 133
160 133
161 133
162 133
163 133
164 133
165 133
166 133
167 133
168 133
169 134
170 134
171 134
172 134
173 135
174 135
175 136
176 136
177 136
178 137
179 138
180 138
181 139
182 140
183 140
184 141
185 142
186 143
187 143
188 144
189 145
190 146
191 147
192 147
193 148
194 149
195 149
196 150
197 150
198 151
199 151
200 152
201 152
202 152
203 153
204 153
205 153
206 153
207 153
208 153
209 152
210 152
211 152
212 151
213 151
214 151
215 150
216 150
217 149
218 149
219 148
220 148
221 147
222 146
223 146
224 145
225 145
226 144
227 144
228 143
229 142
230 142
231 142
232 141
233 141
234 140
235 140
236 140
237 140
238 139
239 139
240 139
241 139
242 139
243 139
244 139
245 139
246 140
247 140
248 140
249 141
250 141
251 142
252 142
253 143
254 143
255 144
256 145
257 146
258 146
259 147
260 148
261 149
262 149
263 150
264 151
265 152
266 152
267 153
268 153
269 154
270 154
271 155
272 155
273 155
274 156
275 156
276 156
277 156
278 156
279 157
280 157
281 157
282 157
283 157
284 157
285 157
286 157
287 158
288 158
289 158
290 158
291 158
292 158
293 158
294 159
295 159
296 159
297 159
298 160
299 160
300 160
301 160
302 161
303 161
304 161
305 162
306 162
307 162
308 163
309 163
310 164
311 164
312 164
313 165
314 165
315 165
316 166
317 166
318 167
319 167
320 167
321 168
322 168
323 168
324 169
325 169
326 169
327 170
328 170
329 171
330 171
331 171
332 172
333 172
334 172
335 173
336 173
337 174
338 174
339 174
340 175
341 175
342 176
343 176
344 177
345 177
346 178
347 178
348 179
349 179
350 180
351 180
352 181
353 181
354 182
355 182
356 183
357 183
358 184
359 184
360 184
361 185
362 185
363 185
364 185
365 185
366 185
367 185
368 185
369 184
370 184
371 184
372 183
373 182
374 182
375 181
376 180
377 179
378 178
379 177
380 176
381 175
382 174
382 173
383 172
384 171
385 170
386 169
386 168
387 167
388 166
389 165
389 164
390 163
391 162
391 161
392 160
393 159
394 158
394 157
395 156
396 155
397 154
398 153
398 152
399 151
400 150
401 149
402 148
403 147
403 146
404 145
405 144
406 143
407 142
408 142
409 141
410 140
411 139
412 138
413 137
414 137
415 136
416 135
417 135
418 134
419 133
420 133
421 132
422 132
423 132
424 131
425 131
426 131
427 130
428 130
429 130
430 130
431 130
432 129
433 129
434 129
435 129
436 129
437 129
438 129
439 129
440 130
441 130
442 130
443 130
444 130
445 130
446 131
447 131
448 131
449 131
450 131
451 132
452 132
453 132
454 133
455 133
456 133
457 134
458 134
459 135
460 135
461 135
462 136
463 136
464 137
465 137
466 138
467 138
468 139
469 140
470 140
471 141
472 142
473 142
474 143
475 144
476 145
477 145
478 146
479 147
480 148
481 149
482 150
483 151
484 152
484 153
485 154
486 155
487 156
488 157
489 158
489 159
490 160
491 161
492 162
492 163
493 164
494 165
494 166
495 167
496 168
497 169
497 170
498 171
499 172
499 173
500 174
