33 33
34 34
35 35
35 36
36 37
36 38
37 39
37 40
38 41
38 42
39 43
39 44
40 45
40 46
41 47
41 48
42 49
42 50
43 51
43 52
44 53
44 54
45 55
45 56
46 57
46 58
47 59
47 60
48 61
49 62
49 63
50 64
50 65
51 66
51 67
52 68
52 69
53 70
53 71
54 72
55 73
55 74
56 75
56 76
57 77
57 78
58 79
59 80
59 81
60 82
60 83
61 84
62 85
62 86
63 87
64 88
64 89
65 90
65 91
66 92
67 93
67 94
68 95
69 96
70 97
70 98
71 99
72 100
72 101
73 102
74 103
75 104
76 105
76 106
77 107
78 108
79 109
80 110
81 111
82 112
82 113
83 114
84 115
85 116
86 117
87 118
88 119
89 120
90 121
91 122
92 123
93 124
94 125
95 126
96 127
97 128
98 129
99 130
100 130
101 131
102 132
103 132
104 133
105 133
106 134
107 134
108 134
109 134
110 135
111 135
112 135
113 135
114 135
115 135
116 134
117 134
118 134
119 133
120 133
121 133
122 132
123 132
124 131
125 130
126 130
127 129
128 129
129 128
130 127
131 126
132 126
133 125
134 124
135 123
136 123
137 122
138 121
139 121
140 120
141 119
142 118
143 118
144 117
145 117
146 116
147 115
148 115
149 114
150 114
151 113
152 113
153 112
154 112
155 112
156 111
157 111
158 111
159 110
160 110
161 110
162 109
163 109
164 109
165 109
166 109
167 109
168 108
169 108
170 108
171 108
172 108
173 108
174 108
175 108
176 108
177 108
178 108
179 108
180 108
181 108
182 109
183 109
184 109
185 109
186 109
187 109
188 109
189 109
190 109
191 110
192 110
193 110
194 110
195 110
196 110
197 110
198 110
199 110
200 111
201 111
202 111
203 111
204 111
205 111
206 111
207 111
208 111
209 111
210 111
211 111
212 110
213 110
214 110
215 110
216 110
217 109
218 109
219 109
220 109
221 108
222 108
223 108
224 107
225 107
226 107
227 106
228 106
229 106
230 106
231 105
232 105
233 105
234 105
235 105
236 105
237 105
238 105
239 105
240 105
241 105
242 106
243 106
244 106
245 107
246 107
247 108
248 108
249 109
250 109
251 110
252 111
253 111
254 112
255 113
256 114
257 114
258 115
259 116
260 116
261 117
262 118
263 119
264 119
265 120
266 120
267 121
268 122
269 122
270 123
271 123
272 124
273 124
274 124
275 125
276 125
277 126
278 126
279 126
280 126
281 127
282 127
283 127
284 127
285 128
286 128
287 128
288 128
289 128
290 128
291 128
292 128
293 128
294 128
295 128
296 128
297 128
298 128
299 128
300 128
301 128
302 127
303 127
304 127
305 127
306 127
307 127
308 127
309 127
310 128
311 128
312 128
313 128
314 128
315 128
316 128
317 128
318 128
319 129
320 129
321 129
322 129
323 129
324 129
325 130
326 130
327 130
328 130
329 130
330 130
331 131
332 131
333 131
334 131
335 131
336 131
337 131
338 132
339 132
340 132
341 132
342 132
343 132
344 132
345 133
346 133
347 133
348 133
349 133
350 134
351 134
352 134
353 134
354 134
355 135
356 135
357 135
358 135
359 135
360 136
361 136
362 136
363 136
364 137
365 137
366 137
367 137
368 138
369 138
370 138
371 138
372 139
373 139
374 139
375 139
376 139
377 139
378 139
379 139
380 139
381 139
382 139
383 139
384 138
385 138
386 137
387 137
388 136
389 136
390 135
391 134
392 133
393 132
394 131
395 130
396 129
397 128
398 127
398 126
399 125
400 124
401 123
401 122
402 121
402 120
403 119
404 118
404 117
405 116
405 115
406 114
407 113
407 112
408 111
408 110
409 109
409 108
410 107
411 106
411 105
412 104
412 103
413 102
414 101
414 100
415 99
416 98
417 97
417 96
418 95
419 94
420 93
421 92
422 92
423 91
424 91
425 91
426 90
427 90
428 90
429 91
430 91
431 91
432 92
433 92
434 93
435 93
436 94
437 95
438 96
439 97
440 98
441 99
442 99
443 100
444 101
445 102
445 103
446 104
447 105
448 106
449 107
450 108
451 109
452 110
453 111
454 112
455 113
455 114
456 115
457 116
458 117
459 118
460 119
461 120
462 121
463 122
464 123
465 124
466 125
467 125
468 126
469 127
470 127
471 128
472 128
473 129
474 129
475 129
476 129
477 129
478 129
479 129
480 129
481 129
482 129
483 128
484 128
485 128
486 128
487 127
488 127
489 127
490 126
491 126
492 126
493 125
494 125
495 125
496 124
497 124
498 124
499 123
500 123
501 123
502 122
503 122
504 122
505 122
506 121
507 121
508 121
509 120
510 120
511 120
512 120
513 119
514 119
515 119
516 119
517 118
518 118
519 118
520 117
521 117
522 117
523 117
524 116
525 116
526 116
527 115
528 115
529 114
530 114
531 114
532 113
533 113
534 112
535 111
536 111
537 110
538 109
539 109
540 108
541 107
542 107
543 106
544 105
545 104
546 103
547 102
548 102
549 101
550 101
