25 60
26 61
26 62
27 63
27 64
27 65
28 66
28 67
29 68
29 69
29 70
30 71
30 72
31 73
31 74
31 75
32 76
32 77
33 78
33 79
34 80
34 81
35 82
35 83
35 84
36 85
36 86
37 87
37 88
38 89
38 90
39 91
39 92
39 93
40 94
40 95
41 96
41 97
42 98
42 99
43 100
43 101
44 102
45 103
45 104
46 105
46 106
47 107
47 108
48 109
48 110
49 111
50 112
50 113
51 114
52 115
52 116
53 117
53 118
54 119
55 120
55 121
56 122
57 123
57 124
58 125
59 126
60 127
60 128
61 129
62 130
63 131
64 132
65 133
66 134
66 135
67 136
68 136
69 137
70 138
71 139
72 140
73 140
74 141
75 141
76 142
77 142
78 142
79 143
80 143
81 142
82 142
83 142
84 142
85 141
86 141
87 140
88 140
89 139
90 139
91 138
92 137
93 137
94 136
95 135
96 134
97 133
98 132
99 131
100 130
101 129
101 128
102 127
103 126
104 125
105 124
106 123
106 122
107 121
108 120
109 119
110 118
111 117
112 116
113 115
114 114
115 113
116 112
117 111
118 110
119 110
120 109
121 108
122 108
123 107
124 107
125 106
126 106
127 105
128 105
129 105
130 104
131 104
132 104
133 104
134 104
135 104
136 104
137 104
138 104
139 104
140 105
141 105
142 105
143 106
144 106
145 107
146 107
147 108
148 108
149 109
150 109
151 110
152 111
153 111
154 112
155 113
156 113
157 114
158 115
159 115
160 116
161 117
162 117
163 118
164 118
165 119
166 120
167 120
168 121
169 121
170 122
171 122
172 123
173 123
174 124
175 124
176 125
177 126
178 126
179 127
180 127
181 128
182 128
183 129
184 130
185 130
186 131
187 132
188 132
189 133
190 134
191 135
192 136
193 136
194 137
195 138
196 139
197 140
198 141
199 142
200 143
201 144
202 145
203 145
204 146
205 147
206 148
207 149
208 150
209 150
210 151
211 151
212 151
213 152
214 152
215 152
216 151
217 151
218 151
219 150
220 149
221 149
222 148
223 147
224 147
225 146
226 145
227 144
228 143
229 142
230 141
231 140
232 139
233 138
234 137
235 136
236 135
237 134
238 134
239 133
240 132
241 131
242 130
243 129
244 129
245 128
246 127
247 127
248 126
249 125
250 125
251 124
252 124
253 123
254 123
255 122
256 122
257 122
258 121
259 121
260 121
261 121
262 121
263 120
264 120
265 120
266 120
267 120
268 120
269 120
270 120
271 120
272 120
273 120
274 120
275 120
276 120
277 120
278 120
279 120
280 121
281 121
282 121
283 121
284 121
285 122
286 122
287 122
288 122
289 123
290 123
291 123
292 124
293 124
294 124
295 125
296 125
297 126
298 126
299 127
300 127
301 127
302 128
303 128
304 129
305 129
306 130
307 130
308 131
309 131
310 132
311 132
312 133
313 133
314 133
315 134
316 134
317 135
318 135
319 135
320 136
321 136
322 136
323 136
324 137
325 137
326 137
327 137
328 137
329 137
330 137
331 137
332 137
333 137
334 137
335 137
336 137
337 136
338 136
339 136
340 135
341 135
342 134
343 134
344 133
345 132
346 132
347 131
348 130
349 130
350 129
351 128
352 127
353 126
354 126
355 125
356 124
357 123
358 122
359 122
360 121
361 120
362 119
363 119
364 118
365 117
366 117
367 116
368 115
369 115
370 114
371 113
372 113
373 112
374 112
375 111
376 110
377 110
378 109
379 109
380 108
381 108
382 108
383 107
384 107
385 106
386 106
387 106
388 105
389 105
390 105
391 104
392 104
393 104
394 103
395 103
396 103
397 103
398 103
399 102
400 102
401 102
402 102
403 102
404 101
405 101
406 101
407 101
408 101
409 101
410 100
411 100
412 100
413 100
414 100
415 100
416 100
417 100
418 99
419 99
420 99
421 99
422 99
423 99
424 99
425 99
426 99
427 98
428 98
429 98
430 98
431 98
432 98
433 98
434 98
435 98
436 98
437 97
438 97
439 97
440 97
441 97
442 97
443 97
444 97
445 96
446 96
447 96
448 96
449 96
450 96
451 96
452 95
453 95
454 95
455 95
456 95
457 94
458 94
459 94
460 94
461 93
462 93
463 93
464 93
465 92
466 92
467 92
468 91
469 91
470 91
471 91
472 90
473 90
474 90
475 90
476 90
477 89
478 89
479 89
480 89
481 88
482 88
483 88
484 88
485 88
486 87
487 87
488 87
489 87
490 86
491 86
492 86
493 85
494 85
495 85
496 84
497 84
498 84
499 83
500 83
501 82
502 82
503 81
504 81
505 80
506 80
507 79
508 79
509 78
510 78
511 77
512 77
513 76
514 76
