9 56
10 57
11 58
12 59
13 60
14 61
15 62
16 63
17 64
18 65
19 66
20 67
21 68
22 69
23 70
24 71
25 72
26 73
27 74
28 75
29 75
30 76
31 77
32 78
33 79
34 79
35 80
36 81
37 81
38 82
39 83
40 83
41 84
42 84
43 85
44 85
45 86
46 86
47 87
48 87
49 88
50 88
51 88
52 89
53 89
54 90
55 90
56 90
57 90
58 91
59 91
60 91
61 91
62 92
63 92
64 92
65 92
66 92
67 92
68 92
69 93
70 93
71 93
72 93
73 93
74 93
75 93
76 93
77 93
78 93
79 93
80 94
81 94
82 94
83 94
84 94
85 94
86 95
87 95
88 95
89 95
90 95
91 96
92 96
93 96
94 97
95 97
96 97
97 97
98 98
99 98
100 98
101 99
102 99
103 99
104 99
105 100
106 100
107 100
108 100
109 101
110 101
111 101
112 101
113 101
114 101
115 101
116 101
117 101
118 101
119 100
120 100
121 100
122 100
123 100
124 99
125 99
126 99
127 99
128 98
129 98
130 98
131 97
132 97
133 97
134 96
135 96
136 96
137 95
138 95
139 94
140 94
141 94
142 93
143 93
144 93
145 92
146 92
147 92
148 91
149 91
150 91
151 90
152 90
153 90
154 89
155 89
156 89
157 89
158 88
159 88
160 88
161 88
162 88
163 88
164 88
165 88
166 88
167 88
168 88
169 88
170 88
171 88
172 88
173 89
174 89
175 89
176 89
177 90
178 90
179 90
180 91
181 91
182 91
183 91
184 91
185 91
186 90
187 90
188 89
189 89
190 88
191 87
192 86
193 85
194 84
195 83
196 82
197 81
198 80
199 79
200 78
201 77
202 76
203 75
204 74
205 74
206 73
207 72
208 71
209 71
210 70
211 69
212 69
213 68
214 68
215 68
216 68
217 68
218 68
219 68
220 68
221 68
222 68
223 69
224 69
225 70
226 70
227 71
228 72
229 73
230 74
231 75
232 76
233 77
234 78
234 79
235 80
236 81
237 82
238 83
239 84
239 85
240 86
241 87
242 88
243 89
244 90
245 91
246 92
247 93
248 94
249 95
250 96
251 97
252 97
253 98
254 98
255 99
256 99
257 99
258 99
259 98
260 98
261 97
262 97
263 96
264 95
265 94
266 93
266 92
267 91
268 90
269 89
269 88
270 87
271 86
271 85
272 84
272 83
273 82
273 81
274 80
274 79
275 78
276 77
276 76
277 75
277 74
278 73
278 72
279 71
279 70
280 69
280 68
281 67
281 66
282 65
282 64
283 63
283 62
284 61
284 60
285 59
286 58
286 57
287 56
287 55
288 54
289 53
289 52
290 51
291 50
291 49
292 48
293 47
294 46
295 45
296 44
297 43
298 42
299 41
300 40
301 40
302 39
303 38
304 38
305 37
306 37
307 37
308 36
309 36
310 36
311 36
312 36
313 36
314 36
315 37
316 37
317 37
318 38
319 38
320 39
321 39
322 40
323 41
324 41
325 42
326 43
327 44
328 45
329 45
330 46
331 47
332 48
333 49
334 49
335 50
336 51
337 52
338 53
339 54
340 55
341 56
342 57
343 58
344 59
344 60
345 61
346 62
347 63
347 64
348 65
349 66
350 67
350 68
351 69
352 70
352 71
353 72
354 73
354 74
355 75
356 76
356 77
357 78
358 79
358 80
359 81
360 82
361 83
361 84
362 85
363 86
364 87
365 88
365 89
366 90
367 91
368 92
369 93
370 94
371 94
372 95
373 96
374 97
375 97
376 98
377 98
378 99
379 99
380 99
381 99
382 100
383 100
384 100
385 100
386 100
387 99
388 99
389 99
390 99
391 98
392 98
393 98
394 97
395 97
396 96
397 96
398 95
399 95
400 94
401 94
402 93
403 93
404 92
405 92
406 91
407 91
408 90
409 90
410 89
411 89
412 88
413 88
414 87
415 87
416 87
417 86
418 86
419 86
420 85
421 85
422 85
423 84
424 84
425 84
426 83
427 83
428 83
429 82
430 82
431 82
432 82
433 81
