18 27
19 27
20 27
21 28
22 29
23 29
24 30
25 30
26 31
27 32
28 32
29 33
30 34
31 34
32 35
33 36
34 36
35 37
36 38
37 38
38 39
39 40
40 41
41 42
42 42
43 43
44 44
45 45
46 46
47 47
48 48
49 49
50 50
51 51
52 52
53 53
54 54
55 55
55 56
56 57
57 58
58 59
59 60
59 61
60 62
61 63
61 64
62 65
63 66
63 67
64 68
65 69
65 70
66 71
67 72
67 73
68 74
68 75
69 76
70 77
70 78
71 79
71 80
72 81
73 82
73 83
74 84
74 85
75 86
76 87
76 88
77 89
78 90
78 91
79 92
80 93
80 94
81 95
82 96
83 97
84 98
85 99
86 100
87 101
88 102
89 102
90 103
91 103
92 103
93 103
94 103
95 103
96 103
97 103
98 103
99 102
100 102
101 102
102 102
103 101
104 101
105 101
106 101
107 100
108 100
109 100
110 100
111 100
112 99
113 99
114 99
115 99
116 99
117 98
118 98
119 98
120 98
121 98
122 98
123 98
124 97
125 97
126 97
127 97
128 97
129 97
130 97
131 97
132 97
133 97
134 97
135 97
136 97
137 97
138 97
139 97
140 97
141 97
142 97
143 97
144 97
145 97
146 97
147 97
148 97
149 97
150 97
151 98
152 98
153 98
154 98
155 98
156 99
157 99
158 99
159 99
160 99
161 100
162 100
163 100
164 100
165 100
166 100
167 100
168 100
169 100
170 100
171 100
172 100
173 100
174 100
175 100
176 99
177 99
178 99
179 99
180 99
181 98
182 98
183 98
184 97
185 97
186 97
187 97
188 97
189 96
190 96
191 96
192 96
193 96
194 96
195 96
196 96
197 96
198 96
199 96
200 96
201 97
202 97
203 97
204 97
205 98
206 98
207 98
208 99
209 99
210 100
211 100
212 101
213 101
214 102
215 102
216 103
217 103
218 104
219 104
220 105
221 106
222 106
223 107
224 107
225 108
226 108
227 109
228 109
229 110
230 110
231 110
232 111
233 111
234 111
235 112
236 112
237 112
238 112
239 112
240 113
241 113
242 113
243 113
244 113
245 113
246 113
247 113
248 112
249 112
250 112
251 112
252 111
253 111
254 110
255 110
256 110
257 109
258 108
259 108
260 107
261 107
262 106
263 105
264 105
265 104
266 103
267 102
268 101
269 101
270 100
271 99
272 98
273 97
274 96
275 95
276 95
277 94
278 93
279 92
280 91
281 90
282 90
283 89
284 88
285 88
286 87
287 87
288 86
289 86
290 85
291 85
292 85
293 84
294 84
295 84
296 84
297 84
298 84
299 84
300 84
301 84
302 84
303 84
304 85
305 85
306 85
307 86
308 86
309 87
310 88
311 88
312 89
313 90
314 91
315 92
316 92
317 93
318 94
319 95
319 96
320 97
321 98
322 99
323 100
324 101
325 102
326 103
327 104
328 105
329 106
330 107
331 108
332 109
333 109
334 110
335 111
336 111
337 111
338 111
339 111
340 110
341 109
342 109
343 108
344 107
345 106
345 105
346 104
347 103
348 102
348 101
349 100
350 99
351 98
351 97
352 96
353 95
354 94
355 93
355 92
356 91
357 90
358 89
359 89
360 88
361 87
362 87
363 86
364 86
365 85
366 85
367 85
368 85
369 85
370 85
371 85
372 85
373 85
374 85
375 86
376 86
377 86
378 87
379 87
380 88
381 88
382 88
383 89
384 89
385 90
386 90
387 90
388 91
389 91
390 92
391 92
392 92
393 92
394 93
395 93
396 93
397 93
398 94
399 94
400 94
401 94
402 94
403 95
404 95
405 95
406 95
407 95
408 95
409 95
410 95
411 96
412 96
413 96
414 96
415 96
416 96
417 96
418 96
419 96
420 96
421 96
422 96
423 96
424 96
425 96
426 96
427 96
428 96
429 96
430 96
431 96
432 96
433 96
434 96
435 95
436 95
437 95
438 95
439 94
440 94
441 93
442 93
443 92
444 92
445 91
446 90
447 89
448 88
449 87
450 86
451 85
452 84
452 83
453 82
454 81
455 80
456 79
456 78
457 77
458 76
459 75
459 74
460 73
