30 18
31 18
32 18
33 19
34 19
35 20
36 21
37 21
38 22
39 22
40 23
41 23
42 24
43 24
44 25
45 25
46 26
47 27
48 27
49 28
50 28
51 29
52 29
53 30
54 30
55 31
56 32
57 32
58 33
59 33
60 34
61 34
62 35
63 36
64 36
65 37
66 37
67 38
68 38
69 39
70 39
71 40
72 41
73 41
74 42
75 42
76 43
77 43
78 44
79 45
80 45
81 46
82 46
83 47
84 47
85 48
86 49
87 49
88 50
89 50
90 51
91 51
92 52
93 52
94 53
95 53
96 54
97 54
98 55
99 55
100 56
101 56
102 57
103 57
104 58
105 58
106 58
107 59
108 59
109 60
110 60
111 60
112 61
113 61
114 61
115 62
116 62
117 62
118 62
119 63
120 63
121 63
122 63
123 64
124 64
125 64
126 64
127 65
128 65
129 65
130 65
131 65
132 66
133 66
134 66
135 66
136 66
137 66
138 67
139 67
140 67
141 67
142 67
143 68
144 68
145 68
146 68
147 68
148 69
149 69
150 69
151 69
152 70
153 70
154 70
155 70
156 71
157 71
158 71
159 72
160 72
161 72
162 73
163 73
164 74
165 74
166 75
167 75
168 76
169 76
170 77
171 77
172 78
173 79
174 79
175 80
176 81
177 82
178 83
179 83
180 84
181 85
182 86
183 87
184 88
185 88
186 89
187 90
188 91
189 92
190 92
191 93
192 94
193 95
194 95
195 96
196 97
197 97
198 98
199 99
200 100
201 100
202 101
203 102
204 103
205 104
206 105
207 106
208 107
209 108
210 109
211 110
212 111
212 112
213 113
214 114
215 115
216 116
217 117
217 118
218 119
219 120
220 121
220 122
221 123
222 124
223 125
224 126
224 127
225 128
226 129
227 130
227 131
228 132
229 133
230 134
230 135
231 136
232 137
233 138
234 139
235 140
235 141
236 142
237 143
238 144
239 145
240 146
241 147
242 148
242 149
243 150
244 151
245 151
246 152
247 153
248 154
249 155
250 156
251 157
252 157
253 158
254 159
255 159
256 160
257 160
258 161
259 161
260 162
261 162
262 162
263 163
264 163
265 163
266 163
267 164
268 164
269 164
270 164
271 164
272 165
273 165
274 165
275 165
276 165
277 165
278 165
279 165
280 165
281 165
282 165
283 166
284 166
285 166
286 166
287 166
288 166
289 166
290 166
291 166
292 166
293 166
294 166
295 167
296 167
297 167
298 167
299 167
300 168
301 168
302 168
303 168
304 169
305 169
306 169
307 170
308 170
309 170
310 171
311 171
312 172
313 172
314 173
315 173
316 174
317 174
318 175
319 176
320 176
321 177
322 177
323 178
324 179
325 179
326 180
327 181
328 181
329 182
330 183
331 184
332 184
333 185
334 186
335 187
336 187
337 188
338 189
339 190
340 191
341 191
342 192
343 193
344 194
345 195
346 195
347 196
348 197
349 198
350 199
351 199
352 200
353 201
354 202
355 203
356 204
357 204
358 205
359 206
360 207
361 207
362 208
363 209
364 209
365 210
366 211
367 211
368 212
369 212
370 213
371 213
372 214
373 214
374 215
375 215
376 215
377 216
378 216
379 216
380 216
381 216
382 216
383 216
384 216
385 216
386 216
387 216
388 216
389 215
390 215
391 215
392 214
393 214
394 214
395 213
396 212
397 212
398 211
399 211
400 210
401 209
402 209
403 208
404 207
405 206
406 206
407 205
408 204
409 203
410 203
411 202
412 201
413 200
414 199
415 198
416 197
417 197
418 196
419 195
420 194
421 193
422 192
423 192
424 191
425 190
426 189
427 188
428 187
429 187
430 186
431 185
432 184
433 183
434 183
435 182
436 181
437 180
438 180
439 179
440 178
441 177
442 177
443 176
444 175
445 175
446 174
447 173
448 173
449 172
450 171
451 171
452 170
453 169
454 169
455 168
456 167
457 167
458 166
459 166
460 165
461 165
462 164
463 163
464 163
465 162
466 162
467 161
468 161
469 160
470 160
471 159
472 159
473 159
474 158
475 158
476 157
477 157
478 156
479 156
480 156
481 155
482 155
483 155
484 154
485 154
486 154
487 153
488 153
489 153
490 153
491 152
492 152
493 152
494 152
495 151
496 151
497 151
498 151
499 151
500 150
501 150
502 150
503 150
504 150
505 150
506 150
507 150
508 149
509 149
510 149
511 149
512 149
513 149
514 149
515 149
516 149
517 149
518 149
519 149
520 149
521 149
522 149
523 149
524 149
525 149
526 149
527 150
528 150
529 150
530 150
531 150
532 150
533 150
534 150
535 151
536 151
537 151
538 151
539 151
540 152
541 152
542 152
543 152
544 153
545 153
546 153
547 154
548 154
549 154
550 155
551 155
552 155
553 156
554 156
555 157
556 157
557 158
558 158
559 159
560 159
561 160
562 160
563 161
564 161
565 162
566 162
567 163
568 164
569 164
570 165
571 165
572 166
573 167
574 167
575 168
576 169
577 170
578 170
579 171
580 172
581 173
582 173
583 174
584 175
585 176
586 176
587 177
588 178
589 179
590 179
591 180
592 181
593 182
594 182
595 183
596 184
597 184
598 185
599 186
600 186
601 187
602 188
603 188
604 189
605 190
606 190
607 191
608 191
609 192
610 192
611 193
612 194
613 194
614 194
615 195
616 195
617 196
618 196
619 197
620 197
621 197
622 198
623 198
624 198
625 199
626 199
627 199
628 199
629 200
630 200
631 200
632 200
633 200
634 200
635 201
636 201
637 201
638 201
639 201
640 201
641 201
642 201
643 201
644 200
645 200
646 200
647 200
648 200
649 200
650 199
651 199
652 199
653 199
654 198
655 198
656 197
657 197
658 197
659 196
660 196
661 195
662 195
663 194
664 193
665 193
666 192
667 191
668 191
669 190
670 189
671 188
672 187
673 186
674 185
675 184
676 183
677 182
678 181
679 180
679 179
680 178
681 177
682 176
683 175
683 174
684 173
685 172
685 171
686 170
687 169
688 168
688 167
689 166
690 165
690 164
691 163
691 162
692 161
693 160
693 159
694 158
695 157
695 156
696 155
697 154
697 153
698 152
699 151
699 150
700 149
701 148
701 147
702 146
703 145
704 144
704 143
705 142
706 141
707 140
708 139
709 138
710 137
711 136
712 135
713 135
714 134
715 133
716 133
717 133
718 132
719 132
720 132
721 132
722 132
723 132
724 132
725 132
726 132
727 132
728 132
729 132
730 132
731 132
732 133
733 133
734 133
735 133
736 134
737 134
738 134
739 135
740 135
741 135
742 136
743 136
744 136
745 137
746 137
747 137
748 138
749 138
750 139
751 139
752 139
753 140
754 140
755 140
756 141
757 141
758 142
759 142
760 142
761 143
762 143
763 143
764 144
765 144
766 145
767 145
768 145
769 146
770 146
771 146
772 147
773 147
774 147
775 148
776 148
777 149
778 149
779 149
780 150
781 150
782 150
783 151
784 151
785 151
786 152
787 152
788 152
789 153
790 153
791 154
792 154
