10 17
11 18
12 19
12 20
13 21
14 22
14 23
15 24
15 25
16 26
17 27
17 28
18 29
18 30
19 31
20 32
20 33
21 34
21 35
22 36
23 37
23 38
24 39
24 40
25 41
25 42
26 43
26 44
27 45
27 46
28 47
28 48
29 49
29 50
30 51
30 52
31 53
31 54
32 55
32 56
32 57
33 58
33 59
34 60
34 61
35 62
35 63
36 64
36 65
37 66
37 67
38 68
38 69
39 70
39 71
40 72
40 73
41 74
42 75
42 76
43 77
43 78
44 79
45 80
45 81
46 82
47 83
48 84
48 85
49 86
50 87
51 88
52 89
53 89
54 90
55 91
56 91
57 92
58 92
59 93
60 93
61 93
62 93
63 94
64 94
65 94
66 94
67 93
68 93
69 93
70 93
71 93
72 92
73 92
74 92
75 92
76 91
77 91
78 90
79 90
80 90
81 89
82 89
83 89
84 88
85 88
86 87
87 87
88 87
89 87
90 87
91 86
92 86
93 86
94 86
95 86
96 86
97 86
98 86
99 86
100 86
101 87
102 87
103 87
104 87
105 87
106 87
107 87
108 87
109 87
110 87
111 87
112 87
113 87
114 87
115 87
116 87
117 87
118 87
119 86
120 86
121 86
122 86
123 86
124 86
125 85
126 85
127 85
128 85
129 84
130 84
131 84
132 84
133 84
134 83
135 83
136 83
137 83
138 82
139 82
