32 47
33 47
34 48
35 49
36 50
37 51
38 52
39 53
40 54
41 55
42 56
43 57
44 58
45 59
46 60
47 61
48 62
49 63
50 64
51 65
52 66
53 67
54 68
54 69
55 70
56 71
57 72
58 73
59 74
59 75
60 76
61 77
62 78
62 79
63 80
64 81
65 82
65 83
66 84
67 85
67 86
68 87
69 88
69 89
70 90
71 91
71 92
72 93
73 94
73 95
74 96
74 97
75 98
76 99
76 100
77 101
77 102
78 103
78 104
79 105
80 106
80 107
81 108
81 109
82 110
82 111
83 112
83 113
84 114
84 115
84 116
85 117
85 118
86 119
86 120
87 121
87 122
88 123
88 124
89 125
89 126
89 127
90 128
90 129
91 130
91 131
92 132
92 133
92 134
93 135
93 136
94 137
94 138
94 139
95 140
95 141
96 142
96 143
96 144
97 145
97 146
98 147
98 148
98 149
99 150
99 151
100 152
100 153
100 154
101 155
101 156
102 157
102 158
102 159
103 160
103 161
104 162
104 163
104 164
105 165
105 166
106 167
106 168
106 169
107 170
107 171
108 172
108 173
109 174
109 175
110 176
110 177
111 178
111 179
112 180
112 181
113 182
113 183
114 184
114 185
115 186
116 187
116 188
117 189
118 190
119 191
120 192
121 193
122 193
123 194
124 194
125 195
126 195
127 195
128 195
129 194
130 194
131 194
132 193
133 193
134 192
135 191
136 191
137 190
138 189
139 188
140 188
141 187
142 186
143 185
144 184
145 183
146 182
147 181
148 180
149 179
149 178
150 177
151 176
152 175
153 174
154 173
154 172
155 171
156 170
157 169
158 168
158 167
159 166
160 165
161 164
161 163
162 162
163 161
164 160
164 159
165 158
166 157
167 156
167 155
168 154
169 153
170 152
170 151
171 150
172 149
173 148
173 147
174 146
175 145
176 144
177 143
177 142
178 141
179 140
180 139
181 138
182 137
183 136
184 136
185 135
186 134
187 134
188 134
189 133
190 133
191 133
192 133
193 133
194 133
195 133
196 133
197 133
198 133
199 133
200 133
201 133
202 133
203 133
204 132
205 132
206 132
207 132
208 131
209 131
210 131
211 131
212 130
213 130
214 130
215 129
216 129
217 129
218 128
219 128
220 128
221 127
222 127
223 127
224 127
225 126
226 126
227 126
228 126
229 126
230 125
231 125
232 125
233 125
234 125
235 125
236 125
237 124
238 124
239 124
240 124
241 124
242 124
243 124
244 124
245 124
246 124
247 124
248 124
249 124
250 124
251 124
252 124
253 124
254 124
255 124
256 124
257 124
258 124
259 124
260 124
261 124
262 124
263 124
264 124
265 124
266 124
267 124
268 125
269 125
270 125
271 125
272 125
273 125
274 125
275 126
276 126
277 126
278 126
279 127
280 127
281 127
282 127
283 128
284 128
285 128
286 128
287 129
288 129
289 129
290 130
291 130
292 130
293 131
294 131
295 131
296 132
297 132
298 133
299 133
300 134
301 134
302 134
303 135
304 135
305 136
306 136
307 137
308 138
309 138
310 139
311 139
312 140
313 140
314 141
315 142
316 142
317 143
318 143
319 144
320 144
321 145
322 145
323 146
324 146
325 147
326 147
327 148
328 148
329 148
330 148
331 149
332 149
333 149
334 149
335 149
336 150
337 150
338 150
339 150
340 150
341 150
342 150
343 150
344 150
345 150
346 150
347 150
348 150
349 150
350 150
351 150
352 150
353 150
354 150
355 150
356 150
357 150
358 150
359 150
360 151
361 151
362 151
363 151
364 151
365 152
366 152
367 152
368 152
369 152
370 153
371 153
372 153
373 153
374 153
375 153
376 153
377 154
378 154
379 154
380 154
381 153
382 153
383 153
384 153
385 153
386 153
387 152
388 152
389 152
390 152
391 151
392 151
393 151
394 150
395 150
396 150
397 149
398 149
399 148
400 148
401 148
402 147
403 147
404 146
405 146
406 145
407 145
408 145
409 144
410 144
411 143
412 143
413 143
414 142
415 142
416 142
417 141
418 141
419 141
420 141
421 140
422 140
423 140
424 140
425 140
426 140
427 139
428 139
429 139
430 139
431 139
432 139
433 139
434 139
435 139
436 139
437 139
438 139
439 139
440 140
441 140
442 140
443 140
444 140
445 140
446 140
447 140
448 141
449 141
450 141
451 141
452 141
453 142
454 142
455 142
456 142
457 142
458 143
459 143
460 143
461 143
462 144
463 144
464 144
465 144
466 145
467 145
468 145
469 146
470 146
471 146
472 146
473 147
474 147
475 147
476 147
477 148
478 148
479 148
480 148
481 148
482 149
483 149
484 149
485 149
486 149
487 149
488 149
489 149
490 149
491 149
492 149
493 149
494 149
495 149
496 149
497 148
498 148
499 148
500 148
501 148
502 147
503 147
504 147
505 147
506 146
507 146
508 146
509 145
510 145
511 145
512 144
513 144
514 144
515 143
516 143
517 143
518 142
519 142
520 142
521 141
522 141
523 141
524 141
525 140
526 140
527 140
528 140
529 140
530 140
531 140
532 140
533 140
534 140
535 140
536 140
537 140
538 140
539 141
540 141
541 141
542 142
543 143
544 143
545 144
546 145
547 145
548 146
549 147
550 148
551 149
552 150
553 151
554 152
555 153
556 154
557 155
558 156
559 157
560 158
561 159
562 159
563 160
564 161
565 162
566 163
567 163
568 164
569 165
570 165
571 166
572 166
573 167
574 168
575 168
576 168
577 169
578 169
579 170
580 170
581 171
582 171
583 171
584 172
585 172
586 172
587 172
588 173
589 173
590 173
591 173
592 174
593 174
594 174
595 174
596 174
597 175
598 175
599 175
600 175
601 175
602 175
603 175
604 175
605 176
606 176
607 176
608 176
609 176
610 176
611 176
612 177
613 177
614 177
615 177
616 178
617 178
618 178
619 178
620 179
621 179
622 180
623 180
624 181
625 181
626 182
627 182
628 183
629 183
630 184
631 185
632 186
633 186
634 187
635 188
636 189
637 189
638 190
639 191
640 192
641 193
642 194
643 195
644 196
645 197
646 197
647 198
648 199
649 200
650 201
651 202
652 203
653 204
654 205
655 206
656 206
657 207
658 208
659 209
660 210
661 211
662 212
663 213
664 213
665 214
666 215
667 216
668 217
669 218
670 219
671 219
672 220
673 221
674 222
675 223
676 224
677 225
678 225
679 226
680 227
681 228
682 229
683 230
684 230
685 231
686 232
687 233
