14 2
15 3
15 4
15 5
16 6
16 7
16 8
17 9
17 10
18 11
18 12
18 13
19 14
19 15
20 16
20 17
20 18
21 19
21 20
21 21
22 22
22 23
23 24
23 25
23 26
24 27
24 28
24 29
25 30
25 31
25 32
26 33
26 34
26 35
27 36
27 37
28 38
28 39
28 40
29 41
29 42
29 43
30 44
30 45
30 46
31 47
31 48
31 49
32 50
32 51
32 52
33 53
33 54
33 55
34 56
34 57
34 58
35 59
35 60
35 61
36 62
36 63
36 64
37 65
37 66
37 67
38 68
38 69
38 70
39 71
39 72
39 73
40 74
40 75
41 76
41 77
41 78
42 79
42 80
43 81
43 82
44 83
44 84
44 85
45 86
45 87
46 88
46 89
47 90
47 91
48 92
49 93
49 94
50 95
50 96
51 97
52 98
52 99
53 100
54 101
54 102
55 103
56 104
57 105
57 106
58 107
59 108
60 109
61 110
62 111
63 112
64 113
65 114
66 115
67 116
68 117
69 118
70 119
71 119
72 120
73 121
74 122
75 123
76 123
77 124
78 125
79 125
80 126
81 127
82 127
83 128
84 128
85 129
86 130
87 130
88 131
89 131
90 132
91 132
92 133
93 133
94 134
95 134
96 135
97 135
98 135
99 136
100 136
101 137
102 137
103 137
104 138
105 138
106 139
107 139
108 139
109 140
110 140
111 140
112 141
113 141
114 141
115 142
116 142
117 142
118 143
119 143
120 143
121 144
122 144
123 144
124 145
125 145
126 145
127 145
128 146
129 146
130 146
131 146
132 147
133 147
134 147
135 147
136 147
137 148
138 148
139 148
140 148
141 148
142 149
143 149
144 149
145 149
146 149
147 149
148 149
149 150
150 150
151 150
152 150
153 150
154 150
155 150
156 150
157 150
158 150
159 150
160 150
161 150
162 150
163 150
164 150
165 150
166 150
167 150
168 150
169 150
170 150
171 150
172 150
173 150
174 150
175 150
176 150
177 150
178 150
179 150
180 150
181 150
182 150
183 150
184 150
185 149
186 149
187 149
188 149
189 149
190 149
191 149
192 149
193 149
194 149
195 149
196 149
197 149
198 149
199 149
200 149
201 149
202 150
203 150
204 150
205 150
206 150
207 150
208 150
209 150
210 151
211 151
212 151
213 151
214 151
215 152
216 152
217 152
218 153
219 153
220 153
221 154
222 154
223 154
224 155
225 155
226 156
227 156
228 157
229 157
230 158
231 158
232 159
233 159
234 160
235 160
236 161
237 161
238 162
239 162
240 163
241 163
242 164
243 164
244 165
245 165
246 166
247 166
248 167
249 167
250 168
251 168
252 169
253 169
254 169
255 170
256 170
257 170
258 170
259 171
260 171
261 171
262 171
263 171
264 171
265 171
266 171
267 171
268 171
269 171
270 170
271 170
272 170
273 169
274 169
275 169
276 168
277 168
278 168
279 167
280 167
281 166
282 166
283 165
284 165
285 164
286 164
287 163
288 162
289 162
290 161
291 161
292 160
293 159
294 159
295 158
296 158
297 157
298 156
299 156
300 155
301 154
302 154
303 153
304 152
305 152
306 151
307 150
308 149
309 149
310 148
311 147
312 147
