10 8
11 9
12 10
13 11
14 12
15 13
16 14
17 15
18 16
19 17
20 18
21 19
21 20
22 21
23 22
24 23
25 24
26 25
27 26
28 27
29 28
29 29
30 30
31 31
32 32
33 33
34 34
34 35
35 36
36 37
37 38
37 39
38 40
39 41
39 42
40 43
41 44
41 45
42 46
43 47
43 48
44 49
45 50
45 51
46 52
47 53
47 54
48 55
48 56
49 57
50 58
50 59
51 60
51 61
52 62
52 63
53 64
54 65
54 66
55 67
55 68
56 69
56 70
57 71
57 72
58 73
58 74
59 75
60 76
60 77
61 78
61 79
62 80
63 81
63 82
64 83
64 84
65 85
66 86
67 87
67 88
68 89
69 90
70 91
71 92
72 93
73 94
74 95
75 96
76 96
77 97
78 98
79 98
80 99
81 99
82 100
83 100
84 101
85 101
86 102
87 102
88 103
89 103
90 104
91 104
92 104
93 105
94 105
95 106
96 106
97 106
98 107
99 107
100 108
101 108
102 108
103 109
104 109
105 110
106 110
107 111
108 111
109 112
110 112
111 113
112 114
113 114
114 115
115 115
116 116
117 117
118 117
119 118
120 118
121 119
122 120
123 120
124 121
125 121
126 122
127 122
128 123
129 123
130 123
131 124
132 124
133 124
134 124
135 124
136 124
137 123
138 123
139 123
140 122
141 121
142 121
143 120
144 119
145 118
146 117
147 116
148 115
149 115
150 114
151 113
152 112
153 111
154 110
155 110
156 109
157 108
158 107
159 107
160 106
161 105
162 105
163 104
164 104
165 103
166 102
167 102
168 101
169 101
170 100
171 100
172 99
173 98
174 98
175 97
176 97
177 96
178 96
179 95
180 95
181 94
182 94
183 93
184 93
185 92
186 92
187 91
188 91
189 90
190 90
191 89
192 89
193 88
194 88
195 87
196 87
197 86
198 86
199 86
