17 19
17 20
18 21
18 22
19 23
19 24
20 25
21 26
21 27
22 28
22 29
23 30
23 31
24 32
24 33
25 34
25 35
26 36
26 37
27 38
28 39
28 40
29 41
29 42
30 43
30 44
31 45
31 46
32 47
33 48
33 49
34 50
34 51
35 52
35 53
36 54
37 55
37 56
38 57
38 58
39 59
40 60
40 61
41 62
42 63
43 64
43 65
44 66
45 67
46 68
47 69
48 70
49 71
50 72
51 72
52 73
53 73
54 74
55 74
56 74
57 75
58 75
59 75
60 75
61 75
62 76
63 76
64 76
65 76
66 76
67 77
68 77
69 77
70 78
71 78
72 79
73 80
74 80
75 81
76 82
77 83
78 84
79 85
80 86
81 87
82 88
83 89
84 90
85 91
86 92
87 93
88 94
89 95
90 96
90 97
91 98
92 98
93 99
94 100
95 101
96 102
97 103
98 104
99 104
100 105
101 105
102 106
103 106
104 106
105 106
106 106
107 106
108 106
109 106
110 106
111 105
112 105
113 105
114 105
115 105
116 105
117 105
118 105
119 104
120 104
121 104
122 104
123 104
124 104
125 104
126 104
127 104
128 104
129 104
130 104
131 104
132 104
133 104
134 105
135 105
136 105
137 105
138 106
139 106
140 106
141 107
142 107
143 107
144 108
145 108
146 108
147 109
148 109
149 109
150 109
151 110
152 110
153 110
154 110
155 110
156 110
157 110
158 110
159 109
160 109
161 109
162 109
163 109
164 108
165 108
166 108
167 107
168 107
169 106
170 106
171 106
172 106
