23 11
24 12
25 13
25 14
26 15
27 16
27 17
28 18
28 19
29 20
30 21
30 22
31 23
31 24
32 25
33 26
33 27
34 28
34 29
35 30
36 31
36 32
37 33
37 34
38 35
39 36
39 37
40 38
40 39
41 40
42 41
42 42
43 43
43 44
44 45
44 46
45 47
45 48
46 49
47 50
47 51
48 52
48 53
49 54
49 55
50 56
50 57
51 58
51 59
52 60
52 61
53 62
54 63
54 64
55 65
55 66
56 67
56 68
57 69
57 70
58 71
59 72
59 73
60 74
60 75
61 76
62 77
62 78
63 79
64 80
64 81
65 82
66 83
66 84
67 85
68 86
68 87
69 88
70 89
71 90
72 91
72 92
73 93
74 94
75 95
76 96
77 97
78 98
79 99
80 100
81 101
82 102
83 103
84 104
85 105
86 106
87 106
88 107
89 108
90 108
91 108
92 109
93 109
94 109
95 109
96 109
97 109
98 108
99 108
100 107
101 107
102 106
103 105
104 105
105 104
106 103
107 102
108 101
109 101
110 100
111 99
112 98
113 97
114 96
114 95
115 94
116 93
117 92
118 91
119 90
120 89
121 88
122 87
123 86
123 85
124 84
125 83
126 82
127 81
128 80
128 79
129 78
130 77
131 76
132 75
132 74
133 73
134 72
135 71
136 70
136 69
137 68
138 67
139 66
140 65
141 64
141 63
142 62
143 61
144 60
145 59
146 59
147 58
148 58
149 57
150 57
151 57
152 57
153 57
154 57
155 58
156 59
157 60
158 61
159 62
160 63
160 64
161 65
161 66
162 67
162 68
163 69
163 70
164 71
164 72
165 73
165 74
166 75
166 76
167 77
167 78
168 79
168 80
169 81
169 82
170 83
170 84
171 85
171 86
172 87
172 88
173 89
173 90
174 91
175 92
175 93
176 94
176 95
177 96
178 97
179 98
179 99
180 100
181 101
182 102
183 103
183 104
184 105
185 106
186 107
187 107
188 108
189 109
190 110
191 111
192 111
193 112
194 112
195 113
196 113
197 114
198 114
199 115
200 115
201 115
202 116
203 116
204 116
205 117
206 117
207 117
208 118
209 118
210 118
211 119
212 119
213 119
214 119
215 120
216 120
217 120
218 120
219 120
220 120
221 120
222 120
223 120
224 120
225 119
226 119
227 119
228 118
229 117
230 117
231 116
232 116
233 115
234 115
235 114
236 113
237 113
238 112
239 112
240 111
241 111
242 111
243 110
244 110
245 110
246 110
247 110
248 109
249 109
250 109
251 109
252 109
253 109
254 109
255 109
256 109
257 110
258 110
259 110
260 110
261 110
262 110
263 110
264 111
265 111
266 111
267 111
268 111
269 112
270 112
271 112
272 112
273 112
274 113
275 113
276 113
277 113
278 114
279 114
280 114
281 114
282 115
283 115
284 115
285 116
286 116
287 116
288 117
289 117
290 117
291 118
292 118
293 118
294 119
295 119
296 120
297 120
298 121
299 121
300 122
301 122
302 123
303 123
304 124
305 125
306 125
307 126
308 126
309 127
310 128
311 128
312 129
313 129
314 130
315 131
316 131
317 132
318 133
319 133
320 134
321 134
322 135
323 136
324 136
325 137
326 137
327 138
328 139
329 139
330 140
331 140
332 141
333 141
334 142
335 142
336 143
337 144
338 144
339 145
340 145
341 146
342 146
343 147
344 147
345 148
346 148
347 149
348 150
