18 63
19 64
19 65
20 66
21 67
21 68
22 69
22 70
23 71
24 72
24 73
25 74
25 75
26 76
27 77
27 78
28 79
28 80
29 81
30 82
30 83
31 84
31 85
32 86
32 87
33 88
33 89
34 90
34 91
35 92
35 93
36 94
36 95
37 96
38 97
38 98
39 99
39 100
40 101
40 102
41 103
41 104
41 105
42 106
42 107
43 108
43 109
44 110
44 111
45 112
45 113
46 114
46 115
47 116
47 117
48 118
48 119
49 120
49 121
50 122
50 123
51 124
52 125
52 126
53 127
53 128
54 129
54 130
55 131
55 132
56 133
56 134
57 135
58 136
58 137
59 138
60 139
60 140
61 141
62 142
62 143
63 144
64 145
65 146
65 147
66 148
67 149
68 150
69 151
70 151
71 152
72 153
73 154
74 154
75 155
76 155
77 155
78 156
79 156
80 156
81 156
82 156
83 156
84 156
85 156
86 156
87 155
88 155
89 155
90 155
91 154
92 154
93 154
94 153
95 153
96 153
97 153
98 152
99 152
100 152
101 152
102 152
103 152
104 151
105 151
106 151
107 151
108 151
109 151
110 151
111 151
112 151
113 151
114 151
115 151
116 151
117 152
118 152
119 152
120 152
121 152
122 152
123 152
124 152
125 153
126 153
127 153
128 153
129 153
130 154
131 154
132 154
133 154
134 154
135 155
136 155
137 155
138 155
139 155
140 156
141 156
142 156
143 156
144 157
145 157
146 157
147 158
148 158
149 158
150 158
151 159
152 159
153 159
154 160
155 160
156 160
157 160
158 161
159 161
160 161
161 162
162 162
163 162
164 163
165 163
166 163
167 164
168 164
169 165
170 165
171 165
172 166
173 166
174 166
175 167
176 167
177 168
178 168
179 168
180 169
181 169
182 169
183 170
184 170
185 171
186 171
187 171
188 172
189 172
190 172
191 173
192 173
193 173
194 173
195 174
196 174
197 174
198 174
199 174
200 175
201 175
202 175
203 175
204 175
205 175
206 175
207 175
208 175
209 175
210 174
211 174
212 174
213 174
214 173
215 173
216 173
217 173
218 172
219 172
220 171
221 171
222 171
223 170
224 170
225 169
226 169
227 168
228 168
229 167
230 167
231 167
232 166
233 166
234 165
235 165
236 164
237 164
238 163
239 163
240 162
241 162
242 161
243 161
244 160
245 160
246 159
247 159
248 158
249 158
250 157
251 156
252 156
253 155
254 155
255 154
256 154
257 153
258 152
259 152
260 151
261 151
262 150
263 149
264 149
265 148
266 147
267 147
268 146
269 146
270 145
271 144
272 143
273 143
274 142
275 141
276 141
277 140
278 139
279 138
280 138
281 137
282 136
283 135
284 135
285 134
286 133
287 132
288 131
289 131
290 130
291 129
292 128
293 127
294 126
295 125
296 124
297 123
298 122
299 121
300 120
301 119
302 118
303 117
304 116
305 115
306 114
307 113
308 112
309 111
310 110
311 109
311 108
312 107
313 106
314 105
315 104
316 103
316 102
317 101
318 100
319 99
320 98
320 97
321 96
322 95
323 94
323 93
324 92
325 91
326 90
326 89
327 88
328 87
329 86
329 85
330 84
331 83
332 82
333 81
334 80
334 79
335 78
336 77
337 77
338 76
339 75
340 75
341 74
342 74
343 74
344 74
345 74
346 75
347 75
348 75
349 76
350 77
351 78
352 79
353 80
353 81
354 82
355 83
356 84
356 85
357 86
358 87
358 88
359 89
360 90
360 91
361 92
361 93
362 94
363 95
363 96
364 97
365 98
365 99
366 100
366 101
367 102
368 103
368 104
369 105
370 106
370 107
371 108
372 109
373 110
373 111
374 112
375 113
376 114
376 115
377 116
378 117
379 118
380 119
381 120
382 121
382 122
383 123
384 124
385 125
386 126
387 127
388 128
389 129
390 130
391 131
392 132
393 133
394 134
395 135
396 136
397 137
398 138
399 139
400 140
401 141
402 142
403 143
404 144
405 145
406 146
407 147
408 148
409 149
410 150
411 151
412 152
413 153
414 154
414 155
415 156
416 157
417 158
418 159
419 160
420 161
421 162
422 163
423 164
424 165
425 166
426 167
427 168
427 169
428 170
429 171
430 172
431 173
432 174
433 175
433 176
434 177
435 178
436 179
437 180
438 181
438 182
439 183
440 184
441 185
442 186
442 187
443 188
444 189
445 190
446 191
447 192
448 193
449 194
449 195
450 196
451 197
452 197
453 198
454 199
455 200
456 200
457 201
458 202
459 202
460 202
461 203
462 203
463 203
464 203
465 203
466 202
467 202
468 202
469 201
470 201
471 200
472 200
473 199
474 198
475 197
476 197
477 196
478 195
479 194
480 193
481 192
482 191
483 190
483 189
484 188
485 187
486 186
487 185
488 184
489 183
489 182
490 181
491 180
492 179
493 178
494 177
494 176
495 175
496 174
497 173
497 172
498 171
499 170
500 169
501 168
501 167
502 166
503 165
504 164
505 163
505 162
506 161
507 160
508 159
509 158
510 157
511 156
511 155
512 154
513 153
514 152
515 151
516 150
517 149
518 148
519 147
520 146
521 145
522 145
523 144
524 143
525 142
526 142
527 141
528 140
529 140
530 139
531 139
532 139
533 138
534 138
535 138
536 138
537 138
538 138
539 138
540 138
541 138
542 138
543 139
544 139
545 139
546 140
547 140
548 141
549 141
550 142
551 143
552 143
553 144
554 145
555 146
556 146
557 147
558 148
559 149
560 149
561 150
562 151
563 152
564 152
565 153
566 154
567 154
568 155
569 156
570 156
571 157
572 157
573 157
574 158
575 158
576 158
577 158
578 159
579 159
580 159
581 159
582 159
583 159
584 159
585 158
586 158
587 158
588 158
589 158
590 157
591 157
592 157
593 156
594 156
595 155
596 155
597 155
598 154
599 154
600 153
601 153
602 152
603 151
604 151
605 150
606 150
607 149
608 148
609 148
610 147
611 146
612 146
613 145
614 144
615 143
616 143
617 142
618 141
619 141
620 140
621 139
622 138
623 138
624 137
625 137
626 136
627 135
628 135
629 134
630 134
631 133
632 132
633 132
634 131
635 131
636 130
637 130
638 129
639 128
640 128
641 127
642 127
643 126
644 125
645 125
646 124
647 123
648 123
649 122
650 121
651 121
652 120
653 119
654 118
655 117
656 117
657 116
658 115
659 114
660 113
661 113
662 112
663 111
664 110
665 109
666 109
667 108
668 107
669 106
670 105
671 104
672 104
673 103
674 102
675 101
