29 30
29 31
30 32
30 33
30 34
30 35
31 36
31 37
31 38
31 39
32 40
32 41
32 42
32 43
33 44
33 45
33 46
33 47
34 48
34 49
34 50
34 51
35 52
35 53
35 54
35 55
36 56
36 57
36 58
36 59
37 60
37 61
37 62
37 63
38 64
38 65
38 66
38 67
39 68
39 69
39 70
39 71
40 72
40 73
40 74
40 75
41 76
41 77
41 78
42 79
42 80
42 81
42 82
43 83
43 84
43 85
43 86
44 87
44 88
44 89
45 90
45 91
45 92
46 93
46 94
46 95
46 96
47 97
47 98
47 99
48 100
48 101
48 102
49 103
49 104
49 105
50 106
50 107
50 108
51 109
51 110
51 111
52 112
52 113
52 114
53 115
53 116
53 117
54 118
54 119
55 120
55 121
55 122
56 123
56 124
57 125
57 126
58 127
58 128
59 129
59 130
60 131
60 132
61 133
61 134
62 135
62 136
63 137
63 138
64 139
64 140
65 141
66 142
66 143
67 144
67 145
68 146
69 147
70 148
70 149
71 150
72 151
73 152
74 153
75 154
76 155
77 156
78 157
79 157
80 158
81 158
82 159
83 159
84 159
85 159
86 159
87 159
88 159
89 159
90 159
91 158
92 158
93 157
94 157
95 156
96 156
97 155
98 154
99 154
100 153
101 153
102 152
103 151
104 150
105 150
106 149
107 148
108 147
109 147
110 146
111 145
112 145
113 144
114 143
115 142
116 142
117 141
118 140
119 139
120 139
121 138
122 137
123 137
124 136
125 135
126 134
127 134
128 133
129 132
130 131
131 131
132 130
133 129
134 129
135 128
136 127
137 126
138 126
139 125
140 124
141 124
142 123
143 122
144 121
145 121
146 120
147 119
