27 22
28 23
28 24
29 25
29 26
30 27
30 28
31 29
31 30
32 31
33 32
33 33
34 34
34 35
35 36
35 37
36 38
36 39
37 40
38 41
38 42
39 43
39 44
40 45
41 46
41 47
42 48
43 49
43 50
44 51
45 52
45 53
46 54
47 55
47 56
48 57
49 58
50 59
51 60
51 61
52 62
53 63
54 64
55 65
55 66
56 67
57 68
58 69
59 70
60 71
61 72
62 73
63 74
64 75
65 76
66 77
67 77
68 78
69 79
70 79
71 80
72 81
73 81
74 82
75 82
76 83
77 83
78 83
79 83
80 84
81 84
82 84
83 84
84 84
85 84
86 84
87 84
88 84
89 84
90 84
91 84
92 85
93 85
94 85
95 86
96 86
97 87
98 88
99 88
100 89
101 90
102 91
103 92
103 93
104 94
105 95
105 96
106 97
107 98
108 99
108 100
109 101
109 102
110 103
111 104
111 105
112 106
113 107
114 108
114 109
115 110
116 111
116 112
117 113
118 114
119 115
119 116
120 117
121 118
122 119
122 120
123 121
124 122
125 123
126 124
126 125
127 126
128 127
129 128
130 129
131 130
132 131
133 132
133 133
134 134
135 135
136 136
137 137
138 138
139 139
140 140
141 141
142 142
143 143
144 143
145 144
146 145
147 146
148 147
149 147
150 148
151 149
152 149
153 150
154 151
155 151
156 152
157 152
158 152
159 153
160 153
161 153
162 154
163 154
164 154
165 154
166 154
167 154
168 154
169 154
170 154
171 153
172 153
173 152
174 152
175 151
176 151
177 150
178 149
179 148
180 148
181 147
182 146
183 145
183 144
184 143
185 142
186 141
187 140
188 139
189 138
189 137
190 136
191 135
192 134
193 133
194 132
195 131
196 131
197 130
198 130
199 129
200 129
201 129
202 128
203 128
204 128
205 128
206 127
207 127
208 127
209 127
210 127
211 126
212 126
213 126
214 125
215 125
216 124
217 124
218 123
219 123
220 122
221 121
222 121
223 120
224 119
225 118
226 118
227 117
228 116
229 115
230 114
231 113
232 112
233 111
234 110
235 109
236 108
237 108
238 107
239 106
240 105
241 104
242 103
243 103
244 102
245 102
246 101
247 101
248 100
249 100
250 100
251 100
252 100
253 100
254 100
255 100
256 100
257 101
258 101
259 102
260 102
261 103
262 103
263 104
264 105
265 105
266 106
267 107
268 108
269 108
270 109
271 110
272 111
273 111
274 112
275 113
276 114
277 115
278 116
