7 1
8 2
9 2
10 3
11 4
12 5
13 5
14 6
15 7
16 8
17 9
18 10
19 11
20 12
20 13
21 14
22 15
22 16
23 17
24 18
24 19
25 20
25 21
26 22
26 23
27 24
27 25
28 26
28 27
28 28
29 29
29 30
30 31
30 32
31 33
32 34
32 35
33 36
33 37
34 38
35 39
36 40
37 41
38 41
39 42
40 42
41 43
42 43
43 43
44 44
45 44
46 44
47 45
48 45
49 45
50 45
51 45
52 46
53 46
54 46
55 46
56 46
57 46
58 46
59 46
60 46
61 47
62 47
63 47
64 47
65 47
66 47
67 47
68 47
69 47
70 47
71 47
72 47
73 47
74 47
75 47
76 48
77 48
78 48
79 48
80 49
81 49
82 50
83 50
84 51
85 51
86 52
87 53
88 54
89 54
90 55
91 56
92 57
93 58
94 58
95 59
96 60
97 60
98 61
99 62
100 62
101 63
102 64
103 64
104 65
105 65
106 65
107 66
108 66
109 67
110 67
111 68
112 68
113 68
114 69
115 69
116 69
117 69
118 70
119 70
120 70
121 69
122 69
123 69
124 68
125 68
126 67
127 67
128 66
129 65
130 65
131 64
132 63
133 63
134 62
135 62
136 61
137 61
138 60
139 60
140 59
141 59
142 58
143 58
144 57
145 57
146 56
147 56
148 55
149 55
150 54
151 53
152 53
153 52
154 52
155 51
156 51
157 50
158 49
159 49
160 48
161 48
162 47
163 46
164 46
165 45
166 45
