26 53
27 54
27 55
28 56
28 57
28 58
29 59
29 60
30 61
30 62
31 63
31 64
31 65
32 66
32 67
33 68
33 69
34 70
34 71
34 72
35 73
35 74
36 75
36 76
37 77
37 78
37 79
38 80
38 81
39 82
39 83
40 84
40 85
41 86
41 87
42 88
42 89
43 90
43 91
44 92
44 93
45 94
45 95
46 96
47 97
47 98
48 99
49 100
50 101
51 102
52 103
53 104
54 105
55 105
56 106
57 106
58 107
59 107
60 107
61 107
62 107
63 107
64 107
65 107
66 107
67 106
68 106
69 106
70 105
71 105
72 104
73 104
74 103
75 103
76 102
77 102
78 101
79 101
80 100
81 100
82 99
83 99
84 98
85 98
86 97
87 97
88 96
89 96
90 95
91 95
92 94
93 94
94 94
95 93
96 93
97 93
98 93
99 92
100 92
101 92
102 92
103 92
104 92
105 92
106 93
107 93
108 93
109 93
110 94
111 94
112 95
113 95
114 95
115 96
116 97
117 97
118 98
119 98
120 99
121 99
122 100
123 101
124 101
125 101
126 102
127 102
128 102
129 102
130 101
131 101
132 101
133 100
134 100
135 99
136 99
137 98
138 97
139 97
140 96
141 95
142 94
143 94
144 93
145 92
146 91
147 90
148 89
149 89
150 88
151 87
152 86
153 85
154 84
155 83
156 82
157 82
158 81
159 80
160 79
161 78
162 78
163 77
164 76
165 75
166 75
167 74
168 73
169 73
170 72
171 72
172 71
173 70
174 70
175 70
176 69
177 69
178 69
179 68
180 68
181 68
182 68
183 67
184 67
185 67
186 67
187 67
188 67
189 67
190 67
191 68
192 68
193 68
194 68
195 68
196 69
197 69
198 69
199 70
200 70
201 71
202 71
203 72
204 72
205 73
206 73
207 74
208 75
209 76
210 76
211 77
212 78
213 79
214 80
215 81
216 82
217 83
218 84
219 85
220 86
221 87
222 88
222 89
223 90
224 91
225 92
226 93
227 93
228 94
229 95
230 96
231 97
232 98
233 98
234 99
235 100
236 100
237 101
238 101
239 102
240 102
241 103
242 103
243 104
244 104
245 104
246 105
247 105
248 105
249 105
250 105
251 106
252 106
253 106
254 106
255 106
256 107
257 107
258 107
259 107
260 107
261 107
