22 25
23 25
24 25
25 26
26 26
27 26
28 26
29 26
30 27
31 27
32 27
33 27
34 27
35 28
36 28
37 28
38 28
39 29
40 29
41 29
42 29
43 29
44 30
45 30
46 30
47 30
48 30
49 31
50 31
51 31
52 31
53 32
54 32
55 32
56 32
57 33
58 33
59 33
60 33
61 34
62 34
63 34
64 34
65 35
66 35
67 35
68 36
69 36
70 36
71 37
72 37
73 37
74 38
75 38
76 39
77 39
78 39
79 40
80 40
81 41
82 41
83 42
84 42
85 42
86 43
87 43
88 44
89 44
90 44
91 45
92 45
93 46
94 46
95 46
96 47
97 47
98 47
99 48
100 48
101 48
102 49
103 49
104 49
105 49
106 50
107 50
108 50
109 50
110 51
111 51
112 51
113 51
114 51
115 51
116 52
117 52
118 52
119 52
120 52
121 52
122 52
123 53
124 53
125 53
126 53
127 53
128 53
129 53
130 54
131 54
132 54
133 54
134 54
135 54
136 55
137 55
138 55
139 55
140 55
141 56
142 56
143 56
144 56
145 57
146 57
147 57
148 57
149 58
150 58
151 58
152 58
153 59
154 59
155 59
156 59
157 60
158 60
159 60
160 60
161 61
162 61
163 61
164 61
165 62
166 62
167 62
168 62
169 63
170 63
171 63
172 63
173 64
174 64
175 64
176 64
177 65
178 65
179 65
180 65
181 66
182 66
183 66
184 67
185 67
186 67
187 67
188 68
189 68
190 68
191 69
192 69
193 69
194 70
195 70
196 70
197 71
198 71
199 71
200 72
201 72
202 72
203 73
204 73
205 74
206 74
207 74
208 75
209 75
210 76
211 76
212 77
213 77
214 78
215 78
216 79
217 79
218 80
219 80
220 81
221 81
222 82
223 83
224 83
225 84
226 84
227 85
228 86
229 86
230 87
231 87
232 88
233 89
234 89
235 90
236 90
237 91
238 92
239 92
240 93
241 93
242 94
243 95
244 95
245 96
246 96
247 97
248 97
249 98
250 98
251 98
252 99
253 99
254 99
255 100
256 100
257 100
258 100
259 101
260 101
261 101
262 101
263 101
264 101
265 101
266 101
267 101
268 101
269 101
270 101
271 101
272 101
273 100
274 100
275 100
276 100
277 100
278 100
279 99
280 99
281 99
282 99
283 98
284 98
285 98
286 98
287 97
288 97
289 97
290 96
291 96
292 96
293 96
294 95
295 95
296 95
297 94
298 94
299 94
300 93
301 93
302 92
303 92
304 92
305 91
306 91
307 90
308 90
309 90
310 89
311 89
312 88
313 88
314 87
315 87
316 87
317 86
318 86
319 85
320 85
321 84
322 84
323 83
324 83
325 82
326 82
327 81
328 80
329 80
330 79
331 79
332 78
333 78
334 77
335 76
336 76
337 75
338 75
339 74
340 73
341 73
342 72
343 72
344 71
345 70
346 70
347 69
348 69
349 68
350 67
351 67
352 66
353 65
354 65
355 64
356 63
357 63
358 62
359 61
360 61
361 60
362 59
363 58
364 58
365 57
366 56
367 55
368 55
369 54
370 53
371 52
372 51
373 51
374 50
375 49
376 48
377 47
378 46
379 46
380 45
381 44
