27 34
28 35
28 36
29 37
29 38
30 39
30 40
30 41
31 42
31 43
32 44
32 45
33 46
33 47
34 48
34 49
34 50
35 51
35 52
36 53
36 54
37 55
37 56
38 57
38 58
39 59
39 60
40 61
40 62
41 63
41 64
42 65
42 66
43 67
44 68
44 69
45 70
45 71
46 72
47 73
47 74
48 75
49 76
49 77
50 78
51 79
52 80
53 81
54 82
55 83
56 84
57 85
58 86
59 87
60 88
61 88
62 89
63 90
64 90
65 91
66 92
67 92
68 93
69 93
70 94
71 94
72 94
73 95
74 95
75 95
76 96
77 96
78 96
79 96
80 96
81 96
82 97
83 97
84 97
85 97
86 97
87 97
88 97
89 97
90 96
91 96
92 96
93 96
94 96
95 96
96 96
97 95
98 95
99 95
100 94
101 94
102 94
103 93
104 93
105 93
106 92
107 92
108 91
109 91
110 90
111 90
112 89
113 89
114 88
115 88
116 87
117 86
118 86
119 85
120 85
121 84
122 83
123 83
124 82
125 81
126 81
127 80
128 80
129 79
130 79
131 78
132 78
133 78
134 78
135 77
136 77
137 77
138 77
139 78
140 78
141 78
142 79
143 80
144 80
145 81
146 82
146 83
147 84
148 85
148 86
149 87
150 88
150 89
151 90
151 91
152 92
152 93
153 94
153 95
154 96
154 97
155 98
155 99
156 100
156 101
157 102
157 103
158 104
158 105
159 106
159 107
160 108
160 109
161 110
161 111
161 112
162 113
162 114
163 115
163 116
164 117
164 118
165 119
165 120
166 121
166 122
167 123
167 124
168 125
168 126
169 127
170 128
170 129
171 130
171 131
172 132
172 133
173 134
174 135
174 136
175 137
175 138
176 139
177 140
177 141
178 142
179 143
179 144
180 145
181 146
181 147
182 148
183 149
183 150
184 151
185 152
186 153
187 154
187 155
188 156
189 157
190 158
191 159
192 160
193 161
194 162
195 163
196 164
197 165
198 166
199 167
200 168
201 168
202 169
203 170
204 171
205 171
206 172
207 172
208 173
209 174
210 174
211 175
212 175
213 176
214 176
215 176
216 177
217 177
218 178
219 178
220 179
221 179
222 179
223 180
224 180
225 181
226 181
227 181
228 182
229 182
230 182
231 183
232 183
233 184
234 184
235 184
236 185
237 185
238 185
239 186
240 186
241 186
242 186
243 186
244 187
245 187
246 187
247 187
248 186
249 186
250 186
251 186
252 185
253 185
254 184
255 184
256 183
257 183
258 182
259 181
260 180
261 179
262 178
263 177
264 176
265 175
266 174
266 173
267 172
268 171
269 170
270 169
271 168
271 167
272 166
273 165
274 164
274 163
275 162
276 161
277 160
278 159
279 158
279 157
280 156
281 155
282 154
283 153
284 152
285 152
286 151
287 150
288 150
289 149
290 149
291 148
292 148
293 148
294 147
295 147
296 147
297 147
298 147
299 147
300 148
301 148
302 148
303 149
304 149
305 150
306 150
307 151
308 152
309 153
310 153
311 154
312 155
313 156
314 157
315 158
316 159
317 160
318 160
319 161
320 162
321 163
322 164
323 165
324 166
325 167
326 168
327 169
328 170
329 171
330 172
331 173
332 174
333 175
334 176
335 176
336 177
337 178
338 179
339 180
340 180
341 181
342 182
343 183
344 183
345 184
346 185
347 186
348 186
349 187
350 187
351 188
352 189
353 189
354 190
355 190
356 191
357 191
358 192
359 192
360 192
361 193
362 193
363 193
364 194
365 194
366 194
367 194
368 194
369 194
370 195
371 195
372 195
373 195
374 195
375 194
376 194
377 194
378 194
379 194
380 194
381 193
382 193
383 193
384 192
385 192
386 192
387 191
388 191
389 190
390 190
391 189
392 189
393 188
394 188
395 187
396 187
397 186
398 185
399 185
400 184
401 184
402 183
403 182
404 182
405 181
406 180
407 180
408 179
409 178
410 178
411 177
412 176
413 176
414 175
415 175
416 174
417 173
418 173
419 172
420 172
421 171
422 171
423 171
424 170
425 170
426 170
427 169
428 169
429 169
430 169
431 168
432 168
433 168
434 168
435 168
436 168
437 167
438 167
439 167
440 167
441 167
442 167
443 167
444 167
445 167
446 167
447 167
448 166
449 166
450 166
451 166
452 166
453 166
454 166
455 166
456 166
457 166
458 166
459 165
460 165
461 165
462 165
463 165
464 165
465 164
466 164
467 164
468 163
469 163
470 163
471 162
472 162
473 161
474 161
475 160
476 159
477 159
478 158
479 157
480 157
481 156
482 156
483 155
484 155
485 154
486 154
487 153
488 153
489 153
490 153
491 152
492 152
493 152
494 152
495 152
496 152
497 153
498 153
499 153
500 153
501 154
502 154
503 154
504 155
505 155
506 156
507 156
508 157
509 157
510 158
511 158
512 159
513 160
514 160
515 161
516 161
517 162
518 163
519 163
520 164
521 164
522 165
523 166
524 166
525 167
526 168
527 168
528 169
529 169
530 170
531 171
532 171
533 172
534 172
535 173
536 174
537 174
538 175
539 175
540 176
541 176
542 177
543 177
544 178
545 178
546 179
547 180
548 180
549 181
550 181
551 181
552 182
553 182
554 183
555 183
556 184
557 184
558 184
559 185
560 185
561 185
562 186
563 186
564 186
565 187
566 187
567 187
568 187
569 187
570 188
571 188
572 188
573 188
574 188
575 188
576 188
577 188
578 188
579 187
580 187
581 187
582 187
583 187
584 187
585 187
586 187
587 187
588 187
589 187
590 187
591 187
592 187
593 187
594 188
595 188
596 188
597 188
598 189
599 189
600 190
601 190
602 191
603 191
604 192
605 192
606 193
607 194
608 194
609 195
610 196
611 196
612 197
613 198
614 198
615 199
616 200
617 200
618 201
619 202
620 202
621 203
622 204
623 204
624 205
625 205
626 206
627 206
628 207
629 207
630 208
631 208
632 209
633 209
634 210
635 210
636 210
637 211
638 211
639 211
640 211
641 212
642 212
643 212
644 212
645 212
646 212
647 212
648 212
649 212
650 212
651 212
652 212
653 212
654 212
655 212
656 211
657 211
658 211
659 210
660 210
661 210
662 209
663 209
664 208
665 208
666 207
667 207
668 206
669 206
670 205
671 204
672 204
673 203
674 202
675 202
676 201
677 200
678 199
679 199
680 198
681 197
682 196
683 196
684 195
685 194
686 193
687 193
688 192
689 191
690 190
691 189
692 189
693 188
694 187
695 186
696 185
697 185
698 184
699 183
700 182
701 181
702 181
703 180
704 179
705 178
706 177
707 177
708 176
709 175
710 174
711 174
712 173
713 172
714 171
715 170
716 170
717 169
718 168
719 167
720 167
721 166
722 165
723 164
724 163
725 163
