33 58
34 59
35 60
36 61
36 62
37 63
38 64
39 65
40 66
41 67
41 68
42 69
43 70
44 71
45 72
46 73
46 74
47 75
48 76
49 77
50 78
51 79
52 80
52 81
53 82
54 83
55 84
56 85
57 86
58 87
59 88
60 89
61 90
62 91
63 92
63 93
64 94
65 95
66 96
67 97
68 97
69 98
70 99
71 100
72 101
73 102
74 103
75 104
76 105
77 105
78 106
79 107
80 108
81 109
82 109
83 110
84 111
85 111
86 112
87 113
88 113
89 114
90 115
91 115
92 116
93 116
94 117
95 118
96 118
97 119
98 119
99 120
100 120
101 121
102 121
103 122
104 123
105 123
106 124
107 124
108 125
109 125
110 126
111 127
112 127
113 128
114 128
115 129
116 130
117 131
118 132
119 133
120 134
121 135
122 136
123 137
124 138
125 139
125 140
126 141
127 142
128 143
129 144
130 145
130 146
131 147
132 148
133 149
134 150
135 151
136 152
137 153
138 154
139 155
140 156
141 156
142 157
143 158
144 158
145 159
146 159
147 159
148 160
149 160
150 160
151 160
152 160
153 159
154 159
155 159
156 158
157 158
158 157
159 156
160 156
161 155
162 154
163 153
164 152
165 151
166 150
167 149
168 148
169 147
170 146
171 145
172 144
173 143
174 142
174 141
175 140
176 139
177 138
178 137
179 136
179 135
180 134
181 133
182 132
182 131
183 130
184 129
185 128
186 127
187 126
187 125
188 124
189 123
190 122
191 121
192 120
193 119
193 118
194 117
195 116
196 115
197 114
198 113
199 112
200 111
201 110
202 109
203 108
204 107
205 106
206 105
207 104
208 103
209 102
210 101
211 100
212 99
213 98
214 97
215 96
216 95
217 94
218 93
219 92
220 91
221 90
222 89
223 88
224 88
225 87
226 86
227 85
