29 26
30 26
31 27
32 28
33 29
34 30
35 31
36 32
37 33
38 34
39 35
40 36
41 37
42 38
43 39
44 40
45 41
46 42
47 43
48 44
49 45
50 46
51 47
52 48
53 49
54 50
55 51
56 52
57 53
58 54
59 55
60 56
61 57
62 58
63 59
64 60
65 61
65 62
66 63
67 64
68 65
69 66
70 67
71 68
71 69
72 70
73 71
74 72
75 73
75 74
76 75
77 76
78 77
79 78
79 79
80 80
81 81
82 82
83 83
83 84
84 85
85 86
86 87
86 88
87 89
88 90
89 91
89 92
90 93
91 94
92 95
92 96
93 97
94 98
95 99
95 100
96 101
97 102
98 103
98 104
99 105
100 106
100 107
101 108
102 109
102 110
103 111
104 112
104 113
105 114
106 115
106 116
107 117
108 118
108 119
109 120
110 121
110 122
111 123
112 124
112 125
113 126
114 127
114 128
115 129
116 130
116 131
117 132
118 133
118 134
119 135
119 136
120 137
121 138
122 139
122 140
123 141
124 142
124 143
125 144
126 145
126 146
127 147
128 148
129 149
129 150
130 151
131 152
132 153
133 154
133 155
134 156
135 157
136 158
137 159
137 160
138 161
139 162
140 163
141 164
142 165
143 166
144 167
145 168
145 169
146 170
147 171
148 172
149 173
150 174
151 175
152 176
153 177
154 178
155 179
156 180
157 180
158 181
159 182
160 183
161 184
162 185
163 186
164 186
165 187
166 188
167 189
168 189
169 190
170 191
171 191
172 192
173 193
174 193
175 194
176 194
177 195
178 195
179 196
180 196
181 197
182 197
183 198
184 198
185 198
186 198
187 199
188 199
189 199
190 199
191 199
192 199
193 199
194 199
195 199
196 199
197 199
198 199
199 199
200 199
201 199
202 199
203 198
204 198
205 198
206 198
207 198
208 197
209 197
210 197
211 197
212 197
213 196
214 196
215 196
216 196
217 196
218 196
219 195
220 195
221 195
222 195
223 195
224 194
225 194
226 194
227 194
228 194
229 194
230 193
231 193
232 193
233 193
234 193
235 192
236 192
237 192
238 192
239 191
240 191
241 191
242 191
243 190
244 190
245 190
246 189
247 189
248 189
249 188
250 188
251 187
252 187
253 187
254 186
255 186
256 185
257 185
258 184
259 184
260 183
261 182
262 182
263 181
264 180
265 180
266 179
267 178
268 178
269 177
270 176
271 175
272 174
273 174
274 173
275 172
276 171
277 170
278 170
279 169
280 168
281 167
282 167
283 166
284 165
285 165
286 164
287 163
288 163
289 162
290 161
291 161
292 160
293 160
294 159
295 159
296 158
297 158
298 157
299 157
300 156
301 156
302 155
303 155
304 155
305 154
306 154
307 153
308 153
309 153
310 152
311 152
312 152
313 152
314 151
315 151
316 151
317 150
318 150
319 150
320 150
321 150
322 149
323 149
324 149
325 149
326 149
327 148
328 148
329 148
330 148
331 148
332 148
333 148
334 148
335 147
336 147
337 147
338 147
339 147
340 147
341 147
342 147
343 147
344 147
345 147
346 147
347 147
348 147
349 148
350 148
351 148
352 148
353 148
354 148
355 149
356 149
357 149
358 150
359 150
360 150
361 151
362 151
363 151
364 152
365 152
366 153
367 154
368 154
369 155
370 155
371 156
372 157
373 157
374 158
375 159
376 159
377 160
378 161
379 162
380 163
381 163
382 164
383 165
384 166
385 167
386 168
387 169
388 169
389 170
390 171
391 172
392 173
393 174
394 174
395 175
396 176
397 176
398 177
399 178
400 178
401 178
402 179
403 179
404 180
405 180
406 180
407 180
408 180
409 180
410 180
411 180
412 179
413 179
414 179
415 178
416 178
417 178
418 177
419 177
420 176
421 175
422 175
423 174
424 174
425 173
426 172
427 172
428 171
429 171
430 170
431 169
432 169
433 168
434 168
435 168
436 167
437 167
438 167
439 166
440 166
441 166
442 166
443 166
444 166
445 166
446 166
447 166
448 167
449 167
450 167
451 168
452 168
453 168
454 169
455 169
456 170
457 170
458 171
459 172
460 172
461 173
462 173
463 174
464 175
465 175
466 176
467 177
468 177
469 178
470 179
471 179
472 180
473 181
474 181
475 182
476 183
477 183
478 184
479 185
480 185
481 186
482 187
483 187
484 188
485 188
486 189
487 190
488 190
489 191
490 191
491 192
492 192
493 193
494 193
495 194
496 194
497 194
498 195
499 195
500 196
501 196
502 196
503 197
504 197
505 197
506 197
507 198
508 198
509 198
510 198
511 198
512 198
513 198
514 198
515 198
516 198
517 198
518 198
519 198
520 198
521 198
522 197
523 197
524 197
525 197
526 196
527 196
528 196
529 195
530 195
531 195
532 194
533 194
534 194
535 193
536 193
537 192
538 192
539 192
540 191
541 191
542 190
543 190
544 189
545 189
546 189
547 188
548 188
549 187
550 187
551 186
552 186
553 186
554 185
555 185
556 184
557 184
558 184
559 183
560 183
561 183
562 182
563 182
564 182
565 181
566 181
567 181
568 180
569 180
570 180
571 180
572 179
573 179
574 179
575 179
576 179
577 179
578 179
579 178
580 178
581 178
582 178
583 178
584 178
585 178
586 178
587 178
588 178
589 178
590 178
591 179
592 179
593 179
594 179
595 179
596 179
597 179
598 179
599 180
600 180
601 180
602 180
603 180
604 180
605 180
606 181
607 181
608 181
609 181
610 181
611 181
612 182
613 182
614 182
615 182
616 182
617 182
618 182
619 183
620 183
621 183
622 183
623 183
624 183
625 183
626 183
627 184
628 184
629 184
630 184
631 184
632 184
633 184
634 184
635 184
636 184
637 185
638 185
639 185
640 185
641 185
642 185
643 185
