13 2
14 3
15 4
16 5
17 5
18 6
19 7
20 8
21 8
22 9
23 10
24 11
25 12
26 12
27 13
28 14
29 15
30 16
31 17
32 18
33 19
34 20
35 21
35 22
36 23
37 24
38 25
38 26
39 27
40 28
40 29
41 30
42 31
42 32
43 33
43 34
44 35
44 36
45 37
46 38
46 39
47 40
47 41
48 42
48 43
49 44
49 45
49 46
50 47
50 48
51 49
51 50
52 51
52 52
53 53
53 54
54 55
54 56
55 57
55 58
56 59
56 60
57 61
57 62
58 63
58 64
59 65
60 66
60 67
61 68
62 69
63 70
64 71
65 72
66 73
67 74
68 74
69 75
70 76
71 76
72 77
73 77
74 78
75 78
76 78
77 79
78 79
79 79
80 80
81 80
82 80
83 81
84 81
85 81
86 81
87 81
88 82
89 82
90 82
91 82
92 82
93 83
94 83
95 83
96 83
97 83
98 83
99 84
100 84
101 84
102 84
103 84
104 84
105 84
106 84
107 84
108 84
109 85
110 85
111 85
112 85
113 85
114 85
115 85
116 85
117 85
118 85
119 85
120 85
121 85
122 85
123 85
124 85
125 85
126 85
127 85
128 85
129 86
130 86
131 86
132 86
133 86
134 86
135 86
136 86
137 86
138 87
139 87
140 87
141 87
142 88
143 88
144 88
145 89
146 89
147 90
148 90
149 91
150 91
151 92
152 92
153 93
154 94
155 94
156 95
157 96
158 97
159 97
160 98
161 99
162 100
163 101
164 101
165 102
166 103
167 104
168 105
169 105
170 106
171 107
172 108
173 108
174 109
175 110
176 110
177 111
178 112
179 112
180 113
181 113
182 114
183 115
184 115
185 116
186 116
187 117
188 117
189 118
190 118
191 119
192 119
193 119
194 120
195 120
196 121
197 121
198 122
199 122
200 122
201 123
202 123
203 124
204 124
205 124
206 125
207 125
208 125
209 125
210 126
211 126
212 126
213 126
214 126
215 126
216 126
217 126
218 126
219 126
220 126
221 125
222 125
223 124
224 124
225 123
226 123
227 122
228 122
229 121
230 121
231 120
232 119
233 119
234 118
235 117
236 117
237 116
238 115
239 115
240 114
241 114
242 113
243 112
244 112
245 111
246 111
247 110
248 110
249 109
250 109
251 108
252 108
253 107
254 107
255 106
256 106
257 105
258 105
259 104
260 104
261 103
262 103
263 102
264 102
265 101
266 101
267 100
268 100
269 99
270 99
271 98
272 98
273 97
274 96
275 96
276 95
277 95
278 94
279 94
280 93
281 92
282 92
283 91
284 91
285 90
286 89
287 89
288 88
289 88
290 87
291 87
292 86
293 85
294 85
295 84
296 83
297 83
298 82
299 82
300 81
