25 76
26 77
27 78
28 79
29 80
30 81
31 82
32 83
33 83
34 84
35 85
36 86
37 87
38 88
39 89
40 90
41 90
42 91
43 92
44 93
45 94
46 95
47 95
48 96
49 97
50 98
51 98
52 99
53 100
54 100
55 101
56 102
57 102
58 103
59 104
60 104
61 105
62 105
63 106
64 106
65 107
66 107
67 108
68 108
69 109
70 109
71 109
72 110
73 110
74 111
75 111
76 112
77 112
78 113
79 113
80 113
81 114
82 114
83 115
84 116
85 116
86 117
87 117
88 118
89 119
90 119
91 120
92 120
93 121
94 122
95 123
96 123
97 124
98 125
99 126
100 126
101 127
102 128
103 129
104 130
105 130
106 131
107 132
108 133
109 134
110 135
111 136
112 137
113 138
114 138
115 139
116 140
117 141
118 142
119 143
120 144
121 145
122 146
123 147
124 148
124 149
125 150
126 151
127 152
128 153
129 154
130 155
131 156
132 157
133 158
134 159
135 160
136 161
137 162
138 163
139 164
140 165
141 166
142 167
142 168
143 169
144 170
145 171
146 171
147 172
148 173
149 174
150 175
151 176
152 177
153 178
154 178
155 179
156 180
157 181
158 181
159 182
160 182
161 183
162 183
163 184
164 184
165 185
166 185
167 185
168 185
169 186
170 186
171 186
172 186
173 186
174 186
175 186
176 186
177 186
178 186
179 186
180 186
181 186
182 186
183 185
184 185
185 185
186 185
187 185
188 184
189 184
190 184
191 184
192 184
193 183
194 183
195 183
196 183
197 182
198 182
199 182
200 182
201 181
202 181
203 181
204 181
205 180
206 180
207 180
208 180
209 180
210 179
211 179
212 179
213 179
214 179
215 179
216 178
217 178
218 178
219 178
220 178
221 178
222 177
223 177
224 177
225 177
226 177
227 177
228 177
229 177
230 176
231 176
232 176
233 176
234 176
235 176
236 176
237 176
238 175
239 175
240 175
241 175
242 175
243 175
244 175
245 175
246 174
247 174
248 174
249 174
250 174
251 174
252 174
253 173
254 173
255 173
256 173
257 173
258 173
259 172
260 172
261 172
262 172
263 172
264 171
265 171
266 171
267 171
268 171
269 170
270 170
271 170
272 170
273 169
274 169
275 169
276 168
277 168
278 168
279 167
280 167
281 167
282 166
283 166
284 165
285 165
286 164
287 164
288 163
289 163
290 162
291 162
292 161
293 160
294 160
295 159
296 158
297 158
298 157
299 156
300 155
301 154
302 154
303 153
304 152
305 151
306 150
307 150
