12 11
13 11
14 11
15 12
16 12
17 13
18 13
19 14
20 14
21 15
22 16
23 16
24 17
25 17
26 18
27 19
28 19
29 20
30 21
31 21
32 22
33 23
34 24
35 25
36 25
37 26
38 27
39 28
40 29
41 30
42 31
43 32
44 33
45 34
46 35
47 36
48 37
48 38
49 39
50 40
51 41
52 42
53 43
54 44
55 45
56 46
57 47
58 48
59 49
60 49
61 50
62 51
63 52
64 52
65 53
66 53
67 54
68 54
69 55
70 55
71 55
72 56
73 56
74 56
75 56
76 56
77 56
78 56
79 56
80 56
81 56
82 56
83 56
84 56
85 55
86 55
87 55
88 55
89 54
90 54
91 54
92 53
93 53
94 52
95 52
96 52
97 51
98 51
99 50
100 50
101 49
102 48
103 48
104 47
105 47
106 46
107 46
108 45
109 45
110 44
111 43
112 43
113 42
114 42
115 41
116 41
117 40
118 40
119 39
120 38
121 38
122 37
123 37
