24 49
25 49
26 50
27 51
27 52
28 53
29 54
30 55
31 56
32 57
33 58
34 59
35 60
36 61
37 62
38 63
39 64
40 65
41 66
42 67
43 68
44 69
45 69
46 70
47 71
48 72
49 73
50 73
51 74
52 75
53 76
54 76
55 77
56 78
57 79
58 79
59 80
60 81
61 81
62 82
63 83
64 84
65 84
66 85
67 86
68 86
69 87
70 88
71 89
72 89
73 90
74 91
75 91
76 92
77 93
78 93
79 94
80 95
81 95
82 96
83 96
84 97
85 98
86 98
87 99
88 99
89 100
90 100
91 101
92 102
93 102
94 103
95 103
96 104
97 104
98 104
99 105
100 105
101 106
102 106
103 107
104 107
105 107
106 108
107 108
108 108
109 109
110 109
111 109
112 110
113 110
114 110
115 110
116 111
117 111
118 111
119 111
120 112
121 112
122 112
123 112
124 112
125 113
126 113
127 113
128 113
129 113
130 113
131 113
132 113
133 113
134 113
135 113
136 113
137 113
138 113
139 113
140 113
141 113
142 113
143 113
144 113
145 112
146 112
147 112
148 112
149 111
150 111
151 111
152 110
153 110
154 109
155 109
156 108
157 108
158 107
159 107
160 106
161 105
162 105
163 104
164 104
165 104
166 103
167 103
168 103
169 103
170 103
171 104
172 104
173 105
174 106
175 107
175 108
176 109
176 110
177 111
177 112
178 113
178 114
179 115
179 116
180 117
180 118
180 119
181 120
181 121
182 122
182 123
182 124
183 125
183 126
183 127
184 128
184 129
184 130
185 131
185 132
186 133
186 134
186 135
187 136
187 137
187 138
188 139
188 140
189 141
189 142
189 143
190 144
190 145
191 146
191 147
192 148
192 149
193 150
193 151
194 152
194 153
195 154
195 155
196 156
197 157
198 158
199 159
200 160
201 161
202 161
203 162
204 162
205 162
206 161
207 161
208 160
209 160
210 159
211 158
212 158
213 157
214 156
215 155
216 154
217 153
218 152
219 151
220 150
221 149
222 148
223 147
224 147
225 146
226 145
227 144
228 143
229 142
230 142
231 141
232 140
233 139
234 139
235 138
236 137
237 136
238 136
239 135
240 134
241 134
242 133
243 133
244 132
245 132
246 131
247 130
248 130
249 129
250 129
251 128
252 128
253 127
254 127
255 126
256 126
257 125
258 125
259 124
260 123
261 123
262 122
263 122
264 121
265 121
266 120
267 120
268 119
269 118
270 118
271 117
272 117
273 116
274 116
275 115
276 115
277 114
278 114
279 114
280 113
281 113
282 112
283 112
284 112
285 111
286 111
287 111
288 110
289 110
290 110
291 110
292 109
293 109
294 109
295 109
296 109
297 108
298 108
299 108
300 108
301 108
302 107
303 107
304 107
305 107
306 107
307 106
308 106
309 106
310 106
311 106
312 105
313 105
314 105
315 104
316 104
317 104
318 103
319 103
320 103
321 102
322 102
323 101
324 101
325 100
326 100
327 99
328 98
329 98
330 97
331 96
332 95
333 94
334 93
335 92
336 91
337 90
338 89
339 88
340 87
341 86
342 85
343 84
344 84
345 83
346 82
347 82
348 82
349 81
350 81
351 81
352 81
353 81
354 81
355 81
356 81
357 81
358 82
359 82
360 82
361 82
362 83
363 83
364 83
365 84
366 84
367 84
368 85
369 85
370 85
371 85
372 86
373 86
374 86
375 86
376 87
377 87
378 87
379 87
380 87
381 88
382 88
383 88
384 88
385 88
386 88
387 89
388 89
389 89
390 89
391 89
392 89
393 89
394 89
395 90
396 90
397 90
398 90
399 90
400 90
401 90
402 90
403 90
404 90
405 90
406 90
407 90
408 90
409 90
410 90
411 90
412 91
413 91
414 91
415 91
416 91
417 91
418 91
419 91
420 91
421 91
422 91
423 91
424 91
425 91
426 91
427 91
428 92
429 92
430 92
431 92
432 92
433 92
434 92
435 92
436 92
437 93
438 93
439 93
440 93
441 93
442 93
443 93
444 93
445 94
446 94
447 94
448 94
449 94
