33 34
34 35
35 36
36 37
37 38
37 39
38 40
39 41
40 42
41 43
42 44
42 45
43 46
44 47
45 48
46 49
47 50
47 51
48 52
49 53
50 54
51 55
52 56
53 57
54 58
54 59
55 60
56 61
57 62
58 63
59 64
60 65
61 66
62 67
63 68
64 69
65 70
66 71
67 72
68 73
69 74
70 75
71 76
72 77
73 78
74 79
75 80
76 81
77 82
78 83
79 84
80 85
81 86
82 87
83 88
83 89
84 90
85 91
86 91
87 92
87 93
88 94
89 95
90 96
91 97
92 98
93 99
94 100
95 101
96 102
97 103
98 104
99 105
100 106
101 107
102 108
103 109
104 110
105 111
106 112
107 113
108 113
109 114
110 115
111 116
112 117
113 118
114 119
115 120
116 121
117 122
118 123
119 123
120 124
121 125
122 126
123 127
124 128
125 128
126 129
127 130
128 131
129 132
130 132
131 133
132 134
133 135
134 135
135 136
136 137
137 137
138 138
139 139
140 140
141 140
142 141
143 142
144 142
145 143
146 144
147 144
148 145
149 146
150 146
151 147
152 148
153 149
154 149
155 150
156 151
157 152
158 152
159 153
160 154
161 155
162 156
163 157
164 157
165 158
166 159
167 160
168 161
169 162
170 163
171 164
172 165
173 166
174 167
175 168
176 169
177 170
178 170
179 171
180 172
181 172
182 173
183 173
184 174
185 174
186 173
187 173
188 173
189 172
190 171
191 171
192 170
193 169
194 168
195 167
196 166
197 165
198 164
199 163
200 162
201 161
201 160
202 159
203 158
204 157
205 156
206 155
206 154
207 153
208 152
209 151
210 150
210 149
211 148
212 147
213 146
213 145
214 144
215 143
216 142
217 141
217 140
218 139
219 138
220 137
220 136
221 135
222 134
223 133
223 132
224 131
225 130
226 129
226 128
227 127
228 126
