10 30
11 31
12 32
12 33
13 34
14 35
14 36
15 37
15 38
16 39
16 40
17 41
18 42
18 43
19 44
19 45
20 46
20 47
21 48
21 49
22 50
23 51
23 52
24 53
24 54
25 55
25 56
26 57
26 58
27 59
27 60
28 61
28 62
29 63
29 64
30 65
30 66
31 67
31 68
32 69
32 70
33 71
33 72
34 73
34 74
35 75
35 76
35 77
36 78
36 79
37 80
37 81
38 82
38 83
39 84
39 85
40 86
40 87
41 88
42 89
42 90
43 91
43 92
44 93
45 94
45 95
46 96
47 97
48 98
49 99
50 100
51 101
52 102
53 103
54 104
55 104
56 105
57 105
58 105
59 106
60 106
61 106
62 106
63 106
64 105
65 105
66 105
67 104
68 104
69 103
70 103
71 102
72 102
73 101
74 100
75 100
76 99
77 98
78 98
79 97
80 96
81 95
82 95
83 94
84 93
85 93
86 92
87 91
88 90
89 90
90 89
91 88
92 88
93 87
94 87
95 86
96 85
97 85
98 84
99 83
100 83
101 82
102 82
103 81
104 80
105 80
106 79
107 79
108 78
109 78
110 77
111 77
112 76
113 76
114 75
115 75
116 74
117 74
118 73
119 73
120 72
121 72
122 71
123 71
124 70
125 70
126 69
127 69
128 68
129 68
130 67
131 67
132 66
133 66
134 65
135 65
