27 46
28 46
29 47
30 48
31 48
32 49
33 50
34 50
35 51
36 51
37 52
38 53
39 53
40 54
41 54
42 55
43 55
44 56
45 56
46 57
47 57
48 58
49 58
50 58
51 59
52 59
53 60
54 60
55 60
56 60
57 61
58 61
59 61
60 62
61 62
62 62
63 62
64 62
65 63
66 63
67 63
68 63
69 63
70 63
71 63
72 64
73 64
74 64
75 64
76 64
77 64
78 64
79 64
80 64
81 64
82 64
83 64
84 64
85 64
86 64
87 64
88 64
89 64
90 64
91 64
92 64
93 64
94 64
95 64
96 64
97 64
98 64
99 64
100 64
101 64
102 64
103 64
104 64
105 64
106 64
107 64
108 64
109 64
110 64
111 64
112 65
113 65
114 65
115 65
116 65
117 65
118 65
119 65
120 65
121 65
122 65
123 65
124 65
125 65
126 65
127 66
128 66
129 66
130 66
131 66
132 66
133 67
134 67
135 67
136 67
137 67
138 68
139 68
140 68
141 69
142 69
143 69
144 70
145 70
146 71
147 71
148 71
149 72
150 73
151 73
152 74
153 74
154 75
155 75
156 76
157 77
158 77
159 78
160 79
161 80
162 80
163 81
164 82
165 83
166 83
167 84
168 85
169 86
170 87
171 88
172 88
173 89
174 90
175 91
176 92
177 93
178 94
179 95
180 96
181 97
182 98
183 99
184 100
185 101
186 102
187 103
188 104
189 105
190 106
191 107
192 108
193 109
194 110
195 110
196 111
197 112
198 112
199 113
200 113
201 114
202 114
203 114
204 115
205 115
206 115
207 116
208 116
209 116
210 116
211 116
212 116
213 116
214 116
215 117
216 117
217 117
218 117
219 117
220 117
221 117
222 117
223 116
224 116
225 116
226 116
227 116
228 116
229 116
230 116
231 116
232 116
233 116
234 116
235 116
236 116
237 116
238 116
239 116
240 116
241 116
242 116
243 116
244 116
245 117
246 117
247 117
248 117
249 117
250 118
251 118
252 118
253 119
254 119
255 119
256 120
257 120
258 121
259 121
260 122
261 122
262 123
263 123
264 124
265 125
266 125
267 126
268 127
269 127
270 128
271 129
272 129
273 130
274 131
275 131
276 132
277 133
278 133
279 134
280 135
281 136
282 136
283 137
284 137
285 138
286 139
287 139
288 140
289 141
290 141
291 142
292 142
293 143
294 143
295 144
296 144
297 145
298 145
299 146
300 146
301 147
302 147
303 148
304 148
305 148
306 149
307 149
308 149
309 150
310 150
311 150
312 150
313 150
314 150
315 150
316 150
317 150
318 150
319 150
320 150
321 150
322 150
323 149
324 149
325 149
326 148
327 148
328 147
329 147
330 146
331 146
332 145
333 144
334 144
335 143
336 142
337 141
338 140
339 140
340 139
341 138
342 137
343 136
344 135
345 134
346 133
347 132
348 131
349 130
349 129
350 128
351 127
352 126
353 125
354 124
355 123
356 122
357 121
358 120
359 119
360 118
360 117
361 116
362 115
363 114
364 113
365 113
366 112
367 111
368 110
369 109
370 108
371 107
372 106
373 106
374 105
375 104
376 104
377 103
378 102
379 102
380 101
381 101
382 100
383 100
384 99
385 99
386 98
387 98
388 98
389 97
390 97
391 97
392 97
393 97
394 97
395 96
396 96
397 96
398 96
399 97
400 97
401 97
402 97
403 97
404 97
405 97
406 98
407 98
408 98
409 99
410 99
411 99
412 100
413 100
414 101
415 101
416 102
417 102
418 103
419 103
420 104
421 105
422 105
423 106
424 107
425 107
426 108
427 109
428 110
429 110
430 111
431 112
432 113
433 113
434 114
435 115
436 116
437 117
438 118
439 118
440 119
441 120
442 121
443 122
444 122
445 123
446 124
447 125
448 125
449 126
450 126
451 127
452 128
453 128
454 129
455 129
456 130
457 130
458 131
459 131
460 131
461 132
462 132
463 132
464 133
465 133
466 133
467 133
468 134
469 134
470 134
471 134
472 134
473 134
474 134
475 134
476 134
477 134
478 134
479 134
480 135
481 135
482 135
483 135
484 135
485 135
486 135
487 135
488 135
489 135
490 136
491 136
492 136
493 136
494 136
495 137
496 137
497 137
498 137
499 138
500 138
501 138
502 139
503 139
504 140
505 140
506 140
507 141
508 141
509 142
510 142
511 142
512 143
513 143
514 144
515 144
516 145
517 145
518 146
519 146
520 147
521 147
522 148
523 148
524 149
525 149
526 150
527 150
528 151
529 151
530 151
531 152
532 152
533 153
534 153
535 154
536 154
537 155
538 155
539 156
540 156
541 156
542 157
543 157
544 158
545 158
546 159
547 159
548 160
549 160
550 160
551 161
552 161
553 161
554 162
555 162
556 163
557 163
558 163
559 164
560 164
561 164
562 165
563 165
564 165
565 166
566 166
567 166
568 167
569 167
570 167
571 168
572 168
573 168
574 168
575 169
576 169
577 169
578 169
579 169
580 170
581 170
582 170
583 170
584 170
585 170
586 171
587 171
588 171
589 171
590 171
591 171
592 171
593 171
594 171
595 172
596 172
597 172
598 172
599 172
600 172
601 172
602 172
603 172
604 172
605 172
606 172
607 172
608 172
609 172
610 172
611 172
612 172
613 172
614 172
615 172
616 172
617 172
618 172
