28 27
29 28
30 29
30 30
31 31
31 32
32 33
32 34
33 35
33 36
34 37
34 38
35 39
35 40
36 41
37 42
37 43
38 44
38 45
39 46
39 47
40 48
41 49
41 50
42 51
42 52
43 53
44 54
44 55
45 56
46 57
46 58
47 59
48 60
48 61
49 62
50 63
51 64
51 65
52 66
53 67
54 68
55 69
55 70
56 71
57 72
58 73
59 74
59 75
60 76
61 77
61 78
62 79
63 80
63 81
64 82
65 83
65 84
66 85
67 86
67 87
68 88
68 89
69 90
70 91
70 92
71 93
71 94
72 95
73 96
73 97
74 98
74 99
75 100
75 101
76 102
77 103
77 104
78 105
78 106
79 107
79 108
80 109
81 110
81 111
82 112
83 113
83 114
84 115
85 116
85 117
86 118
87 119
88 120
89 121
90 122
91 123
92 124
93 124
94 125
95 125
96 125
97 124
98 124
99 123
100 123
101 122
102 121
103 120
104 119
105 118
105 117
106 116
107 115
108 114
109 113
110 112
111 111
112 110
113 109
114 108
115 107
116 107
117 106
118 106
119 105
120 105
121 105
122 104
123 104
124 104
125 104
126 104
127 104
128 104
129 104
130 105
131 105
132 105
133 105
134 106
135 106
136 106
137 107
138 107
139 108
140 108
141 109
142 109
143 110
144 110
145 111
146 112
147 112
148 113
149 113
150 114
151 115
152 116
153 116
154 117
155 118
156 119
157 120
158 121
159 122
160 123
161 124
162 125
163 126
164 127
165 128
166 129
167 130
168 131
168 132
169 133
170 134
171 135
172 136
172 137
173 138
174 139
174 140
175 141
176 142
176 143
177 144
178 145
178 146
179 147
180 148
180 149
181 150
182 151
183 152
183 153
184 154
185 155
186 156
187 157
188 158
189 159
190 160
191 161
192 162
193 162
194 163
195 164
196 164
197 165
198 165
199 165
200 166
201 166
202 166
203 166
204 166
205 167
206 167
207 167
208 167
209 166
210 166
211 166
212 166
213 166
214 165
215 165
216 164
217 164
218 163
219 163
220 162
221 162
222 161
223 160
224 159
225 159
226 158
227 157
228 156
229 155
230 155
231 154
232 153
233 152
234 151
235 150
236 149
237 148
238 147
239 147
240 146
241 145
242 144
243 143
244 142
245 142
246 141
247 140
248 139
249 138
250 137
251 136
252 136
253 135
254 134
255 133
255 132
256 131
257 130
258 129
259 128
259 127
260 126
261 125
261 124
262 123
263 122
263 121
264 120
265 119
266 118
266 117
267 116
268 115
269 114
270 113
271 112
272 111
273 110
274 109
275 108
276 107
277 107
