17 4
17 5
18 6
19 7
19 8
20 9
20 10
21 11
22 12
22 13
23 14
23 15
24 16
24 17
25 18
26 19
26 20
27 21
27 22
28 23
28 24
29 25
29 26
30 27
31 28
31 29
32 30
32 31
33 32
33 33
34 34
34 35
35 36
35 37
36 38
36 39
37 40
37 41
38 42
39 43
39 44
40 45
40 46
41 47
41 48
42 49
42 50
43 51
44 52
44 53
45 54
45 55
46 56
47 57
47 58
48 59
49 60
49 61
50 62
51 63
52 64
53 65
53 66
54 67
55 68
56 69
57 70
58 71
59 72
60 73
61 74
62 75
63 76
64 76
65 77
66 77
67 78
68 78
69 79
70 79
71 79
72 80
73 80
74 80
75 80
76 80
77 80
78 80
79 80
80 80
81 80
82 80
83 80
84 80
85 81
86 81
87 81
88 81
89 81
90 81
91 81
92 81
93 81
94 81
95 81
96 81
97 81
98 81
99 81
100 81
101 81
102 82
103 82
104 82
105 82
106 82
107 82
108 82
109 82
110 82
111 82
112 82
113 82
114 82
115 82
116 82
117 81
118 81
119 81
120 81
121 81
122 80
123 80
124 80
125 79
126 79
127 79
128 79
129 78
130 78
131 78
132 78
133 78
134 78
135 79
136 79
137 79
138 79
139 80
140 80
141 80
142 81
143 81
144 81
145 82
146 82
147 83
148 83
149 84
150 85
151 86
152 87
152 88
153 89
154 90
155 91
156 92
157 93
158 94
159 95
160 96
161 97
162 98
163 99
164 99
165 100
166 101
167 101
168 102
169 102
170 102
171 103
172 103
173 103
174 104
175 104
176 104
177 104
178 104
179 104
180 104
181 104
182 104
183 104
184 104
185 104
186 104
187 104
188 104
189 104
190 104
191 103
192 103
193 103
194 103
195 102
196 102
197 102
198 102
199 101
200 101
201 101
202 100
203 100
204 100
205 100
206 99
207 99
208 99
209 99
210 99
211 98
212 98
213 98
214 98
215 98
216 98
217 98
218 98
219 98
220 98
221 98
222 98
223 99
224 99
225 99
226 99
227 99
228 100
229 100
230 100
231 101
232 101
233 102
234 102
235 102
236 103
237 103
238 104
239 104
240 105
241 105
242 106
243 106
244 107
245 107
246 108
247 108
248 109
249 109
250 109
251 110
252 110
253 111
254 111
255 111
256 111
257 112
258 112
259 112
260 112
261 112
262 112
263 112
264 112
265 112
266 112
267 112
268 112
269 111
270 111
271 111
272 110
273 110
274 109
275 109
276 108
277 108
278 107
279 106
280 105
281 105
282 104
283 103
284 102
285 101
286 100
286 99
287 98
288 97
289 96
290 95
291 94
291 93
292 92
293 91
294 90
294 89
295 88
