40 22
41 23
41 24
42 25
42 26
43 27
43 28
44 29
44 30
45 31
45 32
45 33
46 34
46 35
47 36
47 37
48 38
48 39
49 40
49 41
50 42
50 43
51 44
51 45
52 46
52 47
53 48
53 49
54 50
54 51
55 52
56 53
56 54
57 55
57 56
58 57
59 58
59 59
60 60
61 61
61 62
62 63
63 64
64 65
64 66
65 67
66 68
67 69
68 70
69 71
70 72
71 73
72 74
73 75
74 75
75 76
76 77
77 78
78 78
79 79
80 80
81 80
82 81
83 82
84 82
85 83
86 84
87 84
88 85
89 86
90 86
91 87
92 88
93 88
94 89
95 90
96 91
97 92
98 92
99 93
100 94
101 95
102 96
103 97
104 98
105 99
106 100
107 101
107 102
108 103
109 104
110 105
110 106
111 107
112 108
112 109
113 110
114 111
114 112
115 113
116 114
116 115
117 116
117 117
118 118
118 119
119 120
119 121
120 122
120 123
121 124
121 125
122 126
122 127
123 128
123 129
123 130
124 131
124 132
125 133
125 134
126 135
126 136
127 137
127 138
127 139
128 140
128 141
129 142
129 143
130 144
130 145
130 146
131 147
131 148
132 149
132 150
132 151
133 152
133 153
134 154
134 155
135 156
135 157
136 158
136 159
136 160
137 161
137 162
138 163
138 164
139 165
139 166
140 167
140 168
141 169
141 170
142 171
143 172
143 173
144 174
144 175
145 176
146 177
146 178
147 179
148 180
149 181
149 182
150 183
151 184
152 185
153 186
154 187
155 188
156 188
157 189
158 190
159 190
160 191
161 191
162 192
163 192
164 193
165 193
166 193
167 194
168 194
169 194
170 194
171 194
172 195
173 195
174 195
175 195
176 195
177 195
178 195
179 194
180 194
181 194
182 194
183 194
184 194
185 193
186 193
187 193
188 193
189 192
190 192
191 192
192 191
193 191
194 191
195 190
196 190
197 190
198 189
199 189
200 188
201 188
202 187
203 187
204 187
205 186
206 186
207 185
208 185
209 184
210 184
211 183
212 183
213 182
214 182
215 181
216 181
217 181
218 180
219 180
220 179
221 179
222 179
223 178
224 178
225 178
226 177
227 177
228 177
229 176
230 176
231 176
232 176
233 176
234 176
235 175
236 175
237 175
238 175
239 175
240 175
241 175
242 175
243 175
244 176
245 176
246 176
247 176
248 176
249 176
250 177
251 177
252 177
253 177
254 178
255 178
256 178
257 179
258 179
259 179
260 179
261 180
262 180
263 180
264 181
265 181
266 181
267 182
268 182
269 182
270 183
271 183
272 183
273 183
274 184
275 184
276 184
277 184
278 185
279 185
280 185
281 185
282 186
283 186
284 186
285 186
286 186
287 186
288 186
289 186
290 186
291 186
292 186
293 186
294 186
295 186
296 186
297 186
298 186
299 186
300 186
301 185
302 185
303 185
304 185
305 184
306 184
307 184
308 184
309 184
310 183
311 183
312 183
313 183
314 183
315 183
316 182
317 182
318 182
319 182
320 182
321 182
322 182
323 182
324 182
325 183
326 183
327 183
328 183
329 184
330 184
331 184
332 185
333 185
334 185
335 186
336 186
337 187
338 187
339 188
340 189
341 189
342 190
343 190
344 191
345 192
346 192
347 193
348 194
349 195
350 195
351 196
352 197
353 198
354 199
355 200
356 200
357 201
358 202
359 203
360 204
361 205
362 206
363 207
364 208
365 209
366 210
367 211
368 212
369 213
370 214
371 215
372 216
373 217
374 218
375 219
376 220
377 221
378 222
379 223
380 224
381 225
382 226
383 227
384 228
385 229
386 230
387 231
388 232
389 233
390 233
391 234
392 235
393 236
394 237
395 238
396 239
397 239
398 240
399 241
400 242
401 242
402 243
403 244
404 244
405 245
406 246
407 246
408 247
409 248
410 248
411 249
412 249
413 250
414 250
415 251
416 251
417 252
418 252
419 252
420 253
421 253
422 254
423 254
424 254
425 254
426 255
427 255
428 255
429 255
430 255
431 255
432 255
433 255
434 255
435 255
436 255
437 255
438 255
439 255
440 254
441 254
442 254
443 253
444 253
445 253
446 252
447 252
448 251
449 251
450 250
451 250
452 249
453 249
454 248
455 247
456 246
457 246
458 245
459 244
460 243
461 242
462 241
463 240
464 239
465 238
466 237
467 236
468 235
468 234
469 233
470 232
471 231
471 230
472 229
473 228
473 227
474 226
474 225
475 224
475 223
476 222
477 221
477 220
478 219
478 218
479 217
479 216
480 215
480 214
481 213
481 212
481 211
482 210
482 209
483 208
483 207
484 206
484 205
485 204
485 203
485 202
486 201
486 200
487 199
487 198
488 197
488 196
489 195
489 194
490 193
490 192
490 191
491 190
491 189
492 188
492 187
493 186
493 185
494 184
494 183
495 182
495 181
496 180
497 179
497 178
498 177
498 176
499 175
500 174
500 173
501 172
502 171
503 170
503 169
504 168
505 167
506 166
507 166
508 165
509 164
510 164
511 163
512 163
513 162
514 162
515 162
516 162
517 162
518 162
519 162
520 162
521 162
522 162
523 163
524 163
525 163
526 164
527 164
528 164
529 165
530 165
531 166
532 166
533 167
534 167
535 168
536 168
537 169
538 170
539 170
540 171
541 171
542 172
543 173
544 173
545 174
546 175
547 175
548 176
549 177
550 177
551 178
552 179
553 179
554 180
555 180
556 181
557 181
558 182
559 182
560 183
561 183
562 184
563 184
564 185
565 185
566 185
567 186
568 186
569 186
570 186
571 186
572 186
573 186
574 186
575 186
576 186
577 186
578 186
579 186
580 186
581 185
582 185
583 185
584 184
585 184
586 184
587 183
588 183
589 183
590 182
591 182
592 182
593 181
594 181
595 181
596 180
597 180
598 180
599 179
600 179
601 179
602 178
603 178
604 178
605 178
606 177
607 177
608 177
609 177
610 177
611 176
612 176
613 176
614 176
615 176
616 176
617 175
618 175
619 175
620 175
621 175
622 175
623 174
624 174
625 174
626 174
627 174
628 174
629 174
630 173
631 173
632 173
633 173
634 173
635 173
636 172
637 172
638 172
639 172
640 171
641 171
642 171
643 171
644 170
645 170
646 170
647 170
648 169
649 169
650 169
651 168
652 168
653 168
654 167
655 167
656 167
657 166
658 166
659 166
660 165
661 165
662 165
663 164
664 164
665 163
666 163
667 163
668 162
669 162
670 161
671 161
672 161
673 160
674 160
675 159
676 159
677 159
678 158
679 158
680 157
681 157
682 156
683 156
684 156
685 155
686 155
687 154
688 154
689 154
690 153
691 153
692 153
693 153
694 153
695 153
696 153
697 153
698 153
699 153
700 153
701 153
702 154
703 154
704 155
705 155
706 156
707 157
708 158
709 159
710 160
711 161
711 162
712 163
713 164
713 165
714 166
715 167
715 168
716 169
717 170
