33 21
34 20
35 20
36 20
37 20
38 20
39 19
40 19
41 19
42 19
43 19
44 19
45 19
46 19
47 19
48 19
49 19
50 19
51 19
52 19
53 19
54 19
55 19
56 19
57 19
58 19
59 20
60 20
61 20
62 21
63 21
64 22
65 22
66 23
67 23
68 24
69 25
70 26
71 27
72 28
73 29
74 30
75 31
76 32
77 33
78 34
78 35
79 36
80 37
81 38
81 39
82 40
83 41
83 42
84 43
85 44
85 45
86 46
87 47
87 48
88 49
89 50
89 51
90 52
91 53
92 54
92 55
93 56
94 57
95 58
95 59
96 60
97 61
98 62
99 63
100 64
101 65
102 66
103 67
104 68
105 69
106 69
107 70
108 71
109 72
110 73
111 73
112 74
113 75
114 76
115 76
116 77
117 78
118 78
119 79
120 80
121 80
122 81
123 82
124 82
125 83
126 84
127 84
128 85
129 86
130 86
131 87
132 88
133 88
134 89
135 90
136 91
137 91
138 92
139 93
140 93
141 94
142 95
143 96
144 97
145 98
146 98
147 99
148 100
149 101
149 102
150 103
151 104
152 105
153 106
153 107
154 108
155 109
155 110
156 111
156 112
157 113
157 114
158 115
159 116
159 117
160 118
160 119
161 120
161 121
162 122
162 123
163 124
163 125
164 126
164 127
165 128
165 129
166 130
166 131
167 132
167 133
168 134
168 135
169 136
169 137
170 138
170 139
171 140
172 141
172 142
173 143
173 144
174 145
175 146
175 147
176 148
177 149
178 150
178 151
179 152
180 153
181 154
182 155
183 156
184 157
185 158
186 159
187 159
188 160
189 161
190 161
191 162
192 162
193 162
194 163
195 163
196 163
197 163
198 164
199 164
200 164
201 164
202 164
203 164
204 164
205 164
206 164
207 163
208 163
209 163
210 163
211 163
212 162
213 162
214 162
215 161
216 161
217 161
218 160
219 160
220 159
221 158
222 158
223 157
224 157
225 156
226 155
227 155
228 154
229 153
230 152
231 151
232 150
233 150
234 149
235 148
236 147
237 146
238 145
239 144
239 143
240 142
241 141
242 140
243 139
244 138
245 137
245 136
246 135
247 134
248 133
248 132
249 131
250 130
250 129
251 128
252 127
252 126
253 125
254 124
254 123
255 122
256 121
256 120
257 119
257 118
258 117
259 116
259 115
260 114
260 113
261 112
262 111
262 110
263 109
264 108
264 107
265 106
265 105
266 104
267 103
267 102
268 101
269 100
270 99
270 98
271 97
272 96
273 95
273 94
274 93
275 92
276 91
277 91
278 90
279 89
280 89
281 89
282 88
283 88
284 88
285 88
286 89
287 89
288 90
289 90
290 91
291 92
292 92
293 93
294 94
295 95
296 96
297 96
298 97
299 98
300 98
301 99
302 99
303 100
304 100
305 101
306 102
307 102
308 103
309 104
310 105
311 106
312 107
313 108
314 109
314 110
315 111
316 112
317 113
318 114
319 115
320 116
321 117
322 118
323 119
324 120
325 121
326 122
327 123
328 124
328 125
