7 5
7 6
7 7
8 8
8 9
8 10
9 11
9 12
9 13
10 14
10 15
10 16
11 17
11 18
11 19
12 20
12 21
12 22
13 23
13 24
13 25
14 26
14 27
15 28
15 29
15 30
16 31
16 32
16 33
17 34
17 35
17 36
18 37
18 38
19 39
19 40
19 41
20 42
20 43
21 44
21 45
21 46
22 47
22 48
23 49
23 50
24 51
24 52
25 53
25 54
26 55
26 56
27 57
27 58
27 59
28 60
29 61
29 62
30 63
30 64
31 65
31 66
32 67
32 68
33 69
33 70
34 71
35 72
35 73
36 74
37 75
37 76
38 77
38 78
39 79
40 80
41 81
41 82
42 83
43 84
44 85
44 86
45 87
46 88
47 89
48 90
49 90
50 91
51 92
52 92
53 92
54 92
55 93
56 92
57 92
58 92
59 92
60 92
61 92
62 92
63 92
64 93
65 93
66 94
67 95
68 95
69 96
70 97
71 98
72 99
72 100
73 101
74 102
75 103
76 104
76 105
77 106
78 107
79 108
79 109
80 110
81 111
82 112
83 113
84 114
84 115
85 116
86 117
87 118
88 119
89 120
90 121
91 121
92 122
93 123
94 124
95 124
96 125
97 125
98 125
99 126
100 126
101 126
102 126
103 126
104 126
105 126
106 126
107 126
108 126
109 125
110 125
111 124
112 123
113 123
114 122
115 121
116 120
117 119
117 118
118 117
119 116
120 115
121 114
122 113
123 113
124 112
125 112
126 111
127 111
128 111
129 111
130 112
131 112
132 112
133 113
134 113
135 114
136 115
137 115
138 116
139 117
140 117
141 118
142 119
143 119
144 120
145 120
146 121
147 122
148 122
149 123
150 123
151 124
152 124
153 124
154 125
155 125
156 125
157 126
158 126
159 126
160 126
161 126
162 126
163 126
164 125
165 125
166 125
167 125
168 124
169 124
170 123
171 123
172 122
173 122
174 121
175 121
176 120
177 120
178 119
179 119
180 118
181 118
182 117
183 116
184 116
185 115
186 115
187 114
188 113
189 113
190 112
191 112
192 111
193 110
194 110
195 109
196 108
197 108
198 107
199 106
200 105
201 105
202 104
203 103
204 102
205 102
206 101
207 100
208 100
209 99
210 98
211 98
212 97
213 97
214 96
215 96
216 96
217 96
218 96
219 96
220 96
221 96
222 96
223 96
224 96
225 97
226 97
227 98
228 98
229 99
230 99
231 100
232 100
233 101
234 101
235 102
236 103
