36 51
37 52
37 53
38 54
38 55
39 56
39 57
40 58
40 59
41 60
41 61
42 62
42 63
43 64
43 65
44 66
44 67
45 68
45 69
46 70
46 71
47 72
48 73
48 74
49 75
49 76
50 77
50 78
51 79
51 80
52 81
52 82
53 83
53 84
54 85
54 86
55 87
56 88
56 89
57 90
57 91
58 92
58 93
59 94
60 95
60 96
61 97
61 98
62 99
63 100
63 101
64 102
64 103
65 104
66 105
66 106
67 107
68 108
68 109
69 110
69 111
70 112
71 113
71 114
72 115
73 116
73 117
74 118
75 119
75 120
76 121
77 122
77 123
78 124
79 125
79 126
80 127
81 128
82 129
82 130
83 131
84 132
84 133
85 134
86 135
86 136
87 137
88 138
89 139
89 140
90 141
91 142
91 143
92 144
93 145
93 146
94 147
95 148
96 149
96 150
97 151
98 152
99 153
99 154
100 155
101 156
101 157
102 158
103 159
104 160
104 161
105 162
106 163
107 164
107 165
108 166
109 167
110 168
110 169
111 170
112 171
113 172
113 173
114 174
115 175
116 176
117 177
117 178
118 179
119 180
120 181
121 182
122 183
122 184
123 185
124 186
125 187
126 188
127 189
128 190
129 191
130 192
131 193
132 194
133 195
134 196
135 196
136 197
137 198
138 199
139 199
140 200
141 201
142 201
143 202
144 203
145 203
146 204
147 204
148 205
149 205
150 205
151 206
152 206
153 206
154 207
155 207
156 207
157 208
158 208
159 208
160 208
161 208
162 208
163 208
164 208
165 208
166 208
167 208
168 208
169 208
170 207
171 207
172 207
173 206
174 206
175 206
176 205
177 205
178 204
179 204
180 203
181 202
182 202
183 201
184 200
185 200
186 199
187 198
188 197
189 197
190 196
191 195
192 194
193 193
194 192
195 191
196 190
197 189
198 188
199 188
200 187
201 186
202 185
203 184
204 183
205 182
206 181
207 181
208 180
209 179
210 179
211 178
212 178
213 177
214 177
215 177
216 176
217 176
218 176
219 176
220 176
221 176
222 176
223 177
224 177
225 177
226 177
227 177
228 178
229 178
230 178
231 179
232 179
233 179
234 179
235 180
236 180
237 181
238 181
239 181
240 182
241 182
242 182
243 183
244 183
245 184
246 184
247 185
248 185
249 186
250 187
251 187
252 188
253 188
254 189
255 190
256 190
257 191
258 192
259 192
260 193
261 194
262 194
263 195
264 196
265 196
266 197
267 198
268 198
269 199
270 200
271 200
272 201
273 202
274 202
275 203
276 204
277 204
278 205
279 205
280 206
281 207
282 207
283 208
284 208
285 209
286 210
287 210
288 211
289 211
290 212
291 212
292 213
293 214
294 214
295 215
296 215
297 216
298 216
299 217
300 217
301 218
302 218
303 219
304 219
305 219
306 220
307 220
308 221
309 221
310 221
311 222
312 222
313 222
314 223
315 223
316 223
317 224
318 224
319 224
320 224
321 224
322 224
323 224
324 224
325 225
326 224
327 224
328 224
329 224
330 224
331 224
332 224
333 224
334 223
335 223
336 223
337 222
338 222
339 222
340 221
341 221
342 221
343 220
344 220
345 219
346 219
347 218
348 218
349 217
350 217
351 216
352 216
353 215
354 215
355 214
356 214
357 213
358 213
359 212
360 212
361 211
362 211
363 210
364 210
365 209
366 209
367 208
368 208
369 207
370 207
371 206
372 206
373 206
374 205
375 205
376 205
377 204
378 204
379 204
380 203
381 203
382 203
383 203
384 202
385 202
386 202
387 202
388 201
389 201
390 201
391 201
392 201
393 200
394 200
395 200
396 200
397 200
398 200
399 200
400 199
401 199
402 199
403 199
404 199
405 199
406 198
407 198
408 198
409 198
410 198
411 197
412 197
413 197
414 197
415 197
416 197
417 196
418 196
419 196
420 196
421 196
422 195
423 195
424 195
425 195
426 195
427 194
428 194
429 194
430 194
431 193
432 193
433 193
434 193
435 193
436 192
437 192
438 192
439 192
440 192
441 191
442 191
443 191
444 191
445 190
446 190
447 190
448 190
449 190
450 189
451 189
452 189
453 189
454 188
455 188
456 188
457 188
458 187
459 187
460 187
461 187
462 186
463 186
464 186
465 185
466 185
467 185
468 185
469 184
470 184
471 184
472 183
473 183
474 183
475 182
476 182
477 182
478 181
479 181
480 180
481 180
482 180
483 179
484 179
485 178
486 178
487 177
488 177
489 176
490 176
491 175
492 175
493 174
494 173
495 173
496 172
497 172
498 171
499 170
500 170
501 169
502 168
503 167
504 167
505 166
506 165
507 164
508 163
509 163
510 162
511 161
512 160
513 159
514 158
515 157
516 156
517 155
518 155
519 154
520 153
521 152
522 151
523 150
524 149
525 148
526 147
527 146
528 145
529 144
530 143
531 142
532 141
533 140
534 139
535 138
536 137
537 136
538 135
539 135
540 134
541 133
542 132
543 131
544 130
545 129
546 128
547 127
548 126
549 126
550 125
551 124
552 123
553 122
554 121
555 120
556 120
