27 17
28 18
29 19
29 20
30 21
31 22
31 23
32 24
33 25
34 26
34 27
35 28
36 29
36 30
37 31
38 32
38 33
39 34
40 35
41 36
41 37
42 38
43 39
43 40
44 41
45 42
46 43
46 44
47 45
48 46
49 47
49 48
50 49
51 50
52 51
52 52
53 53
54 54
55 55
55 56
56 57
57 58
58 59
59 60
60 61
61 62
62 63
62 64
63 65
64 66
65 67
66 68
67 69
68 70
69 71
70 72
71 73
72 74
73 75
74 76
75 77
76 78
76 79
77 80
78 81
79 82
79 83
80 84
81 85
82 86
82 87
83 88
84 89
84 90
85 91
86 92
86 93
87 94
87 95
88 96
89 97
90 98
90 99
91 100
92 101
93 102
93 103
94 104
95 105
96 106
97 106
98 107
99 108
100 108
101 109
102 109
103 110
104 110
105 110
106 110
107 110
108 110
109 110
110 109
111 109
112 109
113 108
114 108
115 108
116 107
117 107
118 107
119 106
120 106
121 106
122 105
123 105
124 105
125 105
126 105
127 105
128 105
129 105
130 105
131 105
132 105
133 105
134 105
135 106
136 106
137 106
138 106
139 106
140 106
141 107
142 107
143 107
144 107
145 107
146 108
147 108
148 108
149 108
150 108
151 109
152 109
153 109
154 109
155 109
156 110
157 110
158 110
159 110
160 110
161 110
162 111
163 111
164 111
165 111
166 111
167 111
168 111
169 112
170 112
171 112
172 112
173 112
174 112
175 112
176 113
177 113
178 113
179 113
180 114
181 114
182 114
183 115
184 115
185 116
186 116
187 117
188 117
189 118
190 119
191 119
192 120
193 121
194 122
195 123
196 124
197 125
198 125
199 126
200 127
201 128
202 129
203 130
204 131
205 132
206 133
207 134
208 135
209 136
210 137
211 138
212 138
213 139
214 140
215 141
216 141
217 142
218 143
219 144
220 144
221 145
222 146
223 146
224 147
225 147
226 148
227 149
228 149
229 150
230 150
231 151
232 151
233 152
234 152
235 153
236 153
237 154
238 154
239 154
240 155
241 155
242 155
243 156
244 156
245 156
246 157
247 157
248 157
249 158
250 158
251 158
252 158
253 159
254 159
255 159
256 160
257 160
258 160
259 160
260 161
261 161
262 161
263 162
264 162
265 162
266 162
267 162
268 163
269 163
270 163
271 163
272 163
273 163
274 163
275 162
276 162
277 162
278 162
279 161
280 161
281 161
282 161
283 160
284 160
285 160
286 159
287 159
288 159
289 159
290 158
291 158
292 158
293 158
294 158
295 158
296 158
297 158
298 158
299 158
300 158
301 158
302 158
303 158
304 158
305 158
306 158
307 158
308 158
309 158
310 158
311 159
312 159
313 159
314 159
315 159
316 160
317 160
318 161
319 162
320 162
321 163
322 164
323 165
323 166
324 167
325 168
326 169
326 170
327 171
328 172
329 173
329 174
330 175
