36 65
37 65
38 66
39 67
40 68
41 69
42 70
43 71
44 72
45 73
46 74
46 75
47 76
48 77
49 78
50 79
51 80
52 81
53 82
54 83
54 84
55 85
56 86
57 87
57 88
58 89
59 90
60 91
60 92
61 93
62 94
62 95
63 96
64 97
64 98
65 99
66 100
66 101
67 102
68 103
68 104
69 105
69 106
70 107
71 108
71 109
72 110
73 111
73 112
74 113
74 114
75 115
76 116
76 117
77 118
78 119
78 120
79 121
79 122
80 123
81 124
81 125
82 126
83 127
83 128
84 129
85 130
85 131
86 132
87 133
88 134
88 135
89 136
90 137
91 138
91 139
92 140
93 141
94 142
95 143
95 144
96 145
97 146
98 147
99 148
99 149
100 150
101 151
102 152
103 153
104 154
105 155
105 156
106 157
107 158
108 159
109 160
110 161
111 162
112 163
113 164
114 165
115 166
116 167
117 168
118 169
119 169
120 170
121 171
122 172
123 172
124 173
125 173
126 173
127 174
128 173
129 173
130 173
131 172
132 172
133 171
134 170
135 169
136 168
137 167
138 166
139 165
139 164
140 163
141 162
141 161
142 160
143 159
143 158
144 157
145 156
145 155
146 154
147 153
148 152
148 151
149 150
150 149
151 148
152 147
153 146
154 145
155 145
156 145
157 144
158 144
159 144
160 144
161 145
162 145
163 145
164 146
165 146
166 147
167 147
168 148
169 149
170 150
171 150
172 151
173 152
174 152
175 153
176 154
177 155
178 155
179 156
180 157
181 157
182 158
183 159
184 159
185 160
186 160
187 161
188 162
189 162
190 163
191 163
192 164
193 164
194 165
195 165
196 166
197 166
198 167
199 167
200 168
201 168
202 168
203 169
204 169
205 170
206 170
207 171
208 171
209 171
210 172
211 172
212 172
213 173
214 173
215 174
216 174
217 174
218 175
219 175
220 175
221 176
222 176
223 176
224 177
225 177
226 177
227 178
228 178
229 178
230 179
231 179
232 179
233 180
234 180
235 180
236 181
237 181
238 181
239 181
240 182
241 182
242 182
243 183
244 183
245 183
246 183
247 184
248 184
249 184
250 185
251 185
252 185
253 185
254 186
255 186
256 186
257 186
258 186
259 186
260 186
261 187
262 187
263 187
264 187
265 187
266 186
267 186
268 186
269 186
270 186
271 185
272 185
273 185
274 184
275 184
276 183
277 183
278 182
279 182
280 181
281 180
282 180
283 179
284 178
285 178
286 177
287 176
288 175
289 175
290 174
291 173
292 172
293 171
294 171
295 170
296 169
297 168
298 167
299 166
300 165
301 164
302 163
303 163
304 162
305 161
305 160
306 159
307 158
308 157
309 156
310 155
311 154
312 153
312 152
313 151
314 150
315 149
315 148
316 147
317 146
318 145
318 144
319 143
320 142
321 141
322 140
322 139
323 138
324 137
325 136
326 135
327 134
328 133
329 132
330 131
331 130
332 129
333 128
334 127
335 126
336 126
337 125
338 124
339 123
340 123
341 122
342 121
343 121
344 120
345 120
346 119
347 118
348 118
349 117
350 117
351 116
352 116
353 116
354 115
355 115
356 115
357 114
358 114
359 114
360 114
361 113
362 113
363 113
364 113
365 113
366 113
367 113
368 113
369 113
370 113
371 113
372 113
373 113
374 114
375 114
376 114
377 114
378 114
379 115
380 115
381 115
382 116
383 116
384 116
385 117
386 117
387 118
388 118
389 119
390 119
391 120
392 120
393 121
394 121
395 122
396 123
397 123
398 124
399 125
400 126
401 126
402 127
403 128
404 129
405 129
406 130
407 131
408 132
409 133
410 133
411 134
412 135
413 135
414 136
415 137
416 137
417 138
418 138
419 138
420 139
421 139
422 139
423 139
424 138
425 138
426 138
427 137
428 136
429 136
430 135
431 134
432 133
433 132
434 131
435 130
436 129
437 128
438 127
439 126
440 125
441 124
442 123
443 122
443 121
444 120
445 119
446 118
447 117
448 116
449 115
450 115
451 114
452 113
453 112
454 111
455 110
456 110
457 109
458 108
459 107
460 107
461 106
462 106
463 105
464 104
465 104
466 104
467 103
468 103
469 102
470 102
471 102
472 101
473 101
474 101
475 100
476 100
477 100
478 100
479 100
480 100
481 100
482 100
483 100
484 100
485 100
486 100
487 100
488 100
489 100
490 100
491 100
492 101
493 101
494 101
495 101
496 101
497 102
498 102
499 102
500 103
501 103
502 103
503 103
504 104
505 104
506 105
507 105
508 105
509 106
510 106
511 106
512 107
513 107
514 108
515 108
516 108
517 109
518 109
519 110
520 110
521 110
522 111
523 111
524 112
525 112
526 113
527 113
528 113
529 114
530 114
531 115
532 115
533 116
534 116
535 116
536 117
537 117
538 117
539 118
540 118
541 118
542 119
543 119
544 119
545 120
546 120
547 120
548 121
549 121
550 121
551 121
552 122
553 122
554 122
555 122
556 122
557 122
558 122
559 123
560 123
561 123
562 123
563 123
564 123
565 123
566 123
567 123
568 123
569 123
570 123
571 123
572 123
573 123
574 123
575 123
576 122
577 122
578 122
579 122
580 122
581 122
582 122
583 122
584 122
585 122
586 122
587 122
588 122
589 122
590 122
591 122
592 122
593 122
594 122
595 122
596 122
597 122
598 122
599 122
600 122
601 122
602 122
603 122
604 122
605 122
606 122
607 122
608 122
609 122
610 122
611 122
612 122
