15 32
16 32
17 32
18 32
19 32
20 31
21 31
22 31
23 31
24 31
25 31
26 31
27 31
28 31
29 31
30 31
31 31
32 31
33 31
34 31
35 32
36 32
37 32
38 32
39 33
40 33
41 33
42 34
43 34
44 34
45 35
46 36
47 36
48 37
49 38
50 38
51 39
52 40
53 41
54 42
55 43
56 44
57 45
57 46
58 47
59 48
60 49
60 50
61 51
62 52
62 53
63 54
64 55
64 56
65 57
66 58
66 59
67 60
68 61
68 62
69 63
69 64
70 65
71 66
71 67
72 68
72 69
73 70
73 71
74 72
74 73
75 74
76 75
76 76
77 77
77 78
78 79
78 80
79 81
79 82
80 83
80 84
81 85
81 86
82 87
82 88
83 89
83 90
84 91
84 92
85 93
85 94
86 95
86 96
87 97
87 98
88 99
88 100
89 101
89 102
90 103
90 104
91 105
91 106
92 107
92 108
93 109
93 110
94 111
94 112
95 113
95 114
96 115
97 116
97 117
98 118
98 119
99 120
100 121
100 122
101 123
102 124
102 125
103 126
104 127
104 128
105 129
106 130
107 131
108 132
109 133
110 134
111 135
112 136
113 137
114 138
115 138
116 139
117 140
118 141
119 141
120 142
121 142
122 143
123 144
124 144
125 145
126 145
127 146
128 146
129 147
130 147
131 148
132 148
133 149
134 149
135 150
136 150
137 151
138 151
139 151
140 152
141 152
142 153
143 153
144 153
145 154
146 154
147 155
148 155
149 155
150 156
151 156
152 156
153 156
154 156
155 157
156 157
157 157
158 157
159 157
160 157
161 157
162 157
163 156
164 156
165 156
166 156
167 155
168 155
169 154
170 154
171 153
172 152
173 152
174 151
175 150
176 149
177 148
178 147
179 146
180 145
180 144
181 143
182 142
183 141
183 140
184 139
185 138
185 137
186 136
187 135
187 134
188 133
188 132
189 131
190 130
190 129
191 128
191 127
192 126
192 125
193 124
193 123
194 122
195 121
195 120
196 119
196 118
197 117
197 116
198 115
198 114
199 113
199 112
200 111
200 110
201 109
202 108
202 107
203 106
203 105
204 104
205 103
205 102
206 101
207 100
208 99
208 98
209 97
210 96
211 95
212 94
213 94
214 93
215 92
216 92
217 91
218 91
219 91
220 90
221 90
222 90
223 90
224 89
225 89
226 89
227 89
228 89
229 89
230 89
231 89
232 89
233 89
234 89
235 90
236 90
237 90
238 90
239 90
240 90
241 90
242 90
243 90
244 90
245 90
246 90
247 90
248 90
249 90
250 90
251 89
252 89
253 89
254 89
255 89
256 89
257 88
258 88
259 88
260 88
261 87
262 87
263 87
264 86
265 86
266 86
267 85
268 85
269 85
270 84
271 84
272 84
273 83
274 83
275 83
276 82
277 82
278 82
279 81
280 81
281 81
282 80
283 80
284 80
285 79
286 79
287 79
288 78
289 78
290 78
291 78
292 78
293 78
294 78
295 78
296 78
297 78
298 78
299 78
300 78
301 78
302 78
303 78
304 78
305 79
306 79
307 79
308 79
309 79
310 79
311 80
312 80
313 80
314 80
315 80
316 80
317 80
318 80
319 80
320 80
321 80
322 80
323 80
324 79
325 79
326 79
327 79
328 78
329 78
330 78
331 77
332 77
333 77
334 76
335 76
336 75
337 75
338 75
339 74
340 74
341 74
342 73
343 73
344 72
345 72
346 72
347 72
348 71
349 71
350 71
351 71
352 70
353 70
354 70
355 70
356 70
357 70
358 70
359 70
360 70
361 70
362 70
363 70
364 70
365 70
366 70
367 70
368 70
369 71
370 71
371 71
372 71
373 72
374 72
375 72
376 73
377 73
378 74
379 74
380 74
381 75
382 75
383 76
384 76
385 77
386 77
387 78
388 78
389 79
390 79
391 80
392 80
393 81
