28 24
28 25
28 26
28 27
29 28
29 29
29 30
29 31
30 32
30 33
30 34
30 35
30 36
31 37
31 38
31 39
31 40
31 41
32 42
32 43
32 44
32 45
33 46
33 47
33 48
33 49
34 50
34 51
34 52
34 53
34 54
35 55
35 56
35 57
35 58
36 59
36 60
36 61
36 62
37 63
37 64
37 65
37 66
38 67
38 68
38 69
38 70
39 71
39 72
39 73
39 74
40 75
40 76
40 77
40 78
41 79
41 80
41 81
41 82
42 83
42 84
42 85
43 86
43 87
43 88
44 89
44 90
44 91
45 92
45 93
45 94
45 95
46 96
46 97
46 98
47 99
47 100
48 101
48 102
48 103
49 104
49 105
49 106
50 107
50 108
51 109
51 110
52 111
52 112
53 113
53 114
54 115
54 116
55 117
55 118
56 119
56 120
57 121
58 122
58 123
59 124
60 125
61 126
62 127
63 128
64 129
65 130
66 131
67 132
68 132
69 133
70 133
71 134
72 134
73 134
74 135
75 135
76 135
77 135
78 135
79 135
80 136
81 135
82 135
83 135
84 135
85 135
86 135
87 135
88 135
89 134
90 134
91 134
92 134
93 133
94 133
95 133
96 133
97 133
98 133
99 132
100 132
101 132
102 132
103 132
104 132
105 132
106 132
107 133
108 133
109 133
110 133
111 134
112 134
113 134
114 135
115 135
116 136
117 137
118 137
119 138
120 139
121 140
122 140
123 141
124 142
125 143
126 144
127 145
128 145
129 146
130 147
131 148
132 149
133 150
134 150
135 151
136 152
137 152
138 153
139 154
140 154
141 155
142 155
143 156
144 157
145 157
146 158
147 158
148 159
149 159
150 160
151 160
152 161
153 162
154 162
155 163
156 163
157 164
158 164
159 165
160 166
161 166
162 167
163 167
164 168
165 168
166 169
167 169
168 170
169 171
170 171
171 172
172 172
173 173
174 173
175 174
176 174
177 175
178 175
179 176
180 176
181 177
182 177
183 178
184 178
185 179
186 179
187 180
188 180
189 181
190 181
191 182
192 182
193 182
194 183
195 183
196 184
197 184
198 184
199 185
200 185
201 185
202 186
203 186
204 186
205 186
206 186
207 187
208 187
209 187
210 187
211 187
212 187
213 187
214 187
215 188
216 188
217 188
218 188
219 188
220 188
221 188
222 188
223 188
224 188
225 188
226 188
227 188
228 188
229 187
230 187
231 187
232 187
233 187
234 187
235 187
236 187
237 187
238 187
239 187
240 187
241 187
242 186
243 186
244 186
245 186
246 186
247 186
248 186
249 185
250 185
251 185
252 185
253 185
254 185
255 185
256 185
257 185
258 185
259 185
260 186
261 186
262 186
263 186
264 187
265 187
266 187
267 188
268 188
269 189
270 189
271 190
272 191
273 191
274 192
275 192
276 193
277 194
278 194
279 195
280 196
281 196
282 197
283 198
284 198
285 199
286 200
287 200
288 201
289 201
290 202
291 202
292 203
293 203
294 204
295 204
296 204
297 205
298 205
299 205
300 205
301 205
302 205
303 205
304 205
305 205
306 205
307 204
308 204
309 203
310 203
311 202
312 201
313 201
314 200
315 199
316 198
317 197
318 196
319 195
320 194
321 193
322 192
323 191
323 190
324 189
325 188
326 187
327 186
328 185
329 184
330 183
331 183
332 182
333 181
334 180
335 179
336 179
337 178
338 177
339 177
340 176
341 176
342 175
343 175
344 174
345 173
346 173
347 172
348 172
349 171
350 171
351 170
352 170
353 169
354 169
355 168
356 167
357 167
358 166
359 165
360 164
361 163
362 162
363 161
364 160
365 159
366 158
367 157
368 156
369 155
370 154
371 153
372 152
373 151
374 150
375 149
376 148
377 147
378 146
379 145
380 144
381 144
382 143
383 142
384 141
385 140
386 140
387 139
388 138
389 138
390 137
391 136
392 136
393 135
394 135
395 134
396 134
397 133
398 133
399 132
400 132
401 131
402 131
403 130
404 130
405 129
406 129
407 129
408 128
409 128
410 127
411 127
412 127
413 126
414 126
415 126
416 126
417 125
418 125
419 125
420 125
421 124
422 124
423 124
424 124
425 124
426 124
427 124
428 123
429 123
430 123
431 123
432 123
433 123
434 123
435 123
436 123
437 123
438 123
439 123
440 123
441 123
442 124
443 124
444 124
445 124
446 124
447 124
448 124
449 125
450 125
451 125
452 125
453 126
454 126
455 126
456 126
457 126
458 127
459 127
460 127
461 127
462 128
463 128
464 128
465 128
466 129
467 129
468 129
469 129
470 130
471 130
472 130
473 130
474 130
475 131
476 131
477 131
478 131
479 131
480 132
481 132
482 132
483 132
484 133
485 133
486 133
487 133
488 134
489 134
490 134
491 135
492 135
493 136
494 136
495 137
496 137
497 138
498 138
499 139
500 139
501 140
502 141
503 141
504 142
505 142
506 143
507 144
508 144
509 145
510 146
511 146
512 147
513 147
514 148
515 148
516 149
517 150
518 150
519 151
520 151
521 152
522 152
523 153
524 153
525 154
526 154
527 155
528 155
529 156
530 156
531 157
