13 33
14 34
15 34
16 34
17 35
18 35
19 36
20 36
21 37
22 37
23 37
24 38
25 38
26 39
27 39
28 39
29 40
30 40
31 41
32 41
33 41
34 42
35 42
36 42
37 43
38 43
39 43
40 44
41 44
42 44
43 45
44 45
45 45
46 46
47 46
48 46
49 46
50 47
51 47
52 47
53 47
54 47
55 48
56 48
57 48
58 48
59 48
60 48
61 49
62 49
63 49
64 49
65 49
66 49
67 49
68 49
69 49
70 49
71 49
72 49
73 50
74 50
75 50
76 50
77 50
78 50
79 50
80 50
81 50
82 50
83 50
84 50
85 50
86 50
87 50
88 50
89 50
90 51
91 51
92 51
93 51
94 51
95 51
96 51
97 51
98 51
99 52
100 52
101 52
102 52
103 52
104 53
105 53
106 53
107 53
108 53
109 54
110 54
111 54
112 55
113 55
114 55
115 56
116 56
117 56
118 57
119 57
120 58
121 58
122 59
123 59
124 60
125 60
126 61
127 62
128 62
129 63
130 63
131 64
132 65
133 65
134 66
135 67
136 67
137 68
138 69
139 70
140 70
141 71
142 72
143 72
144 73
145 74
146 74
147 75
148 76
149 76
150 77
151 78
152 78
153 79
154 79
155 80
156 81
157 81
158 82
159 82
160 83
161 83
162 84
163 85
164 85
165 86
166 86
167 87
168 87
169 88
170 88
171 89
172 90
173 90
174 91
175 91
176 92
177 93
178 93
179 94
180 95
181 96
182 97
183 97
184 98
185 99
186 100
187 101
188 102
189 103
190 104
191 105
192 106
192 107
193 108
194 109
195 110
196 111
197 112
198 113
199 114
200 115
201 116
202 117
203 118
204 118
205 119
206 120
207 120
208 121
209 121
210 122
211 122
212 122
213 123
214 123
215 123
216 123
217 123
218 123
219 123
220 123
221 123
222 122
223 122
224 122
225 122
226 121
227 121
228 121
229 120
230 120
231 119
232 119
233 119
234 118
235 118
236 117
237 117
238 116
239 116
240 115
241 115
242 114
243 114
244 113
245 113
246 112
247 112
248 111
249 110
250 110
251 109
252 109
253 108
254 107
255 107
256 106
257 106
258 105
259 105
260 104
261 103
262 103
263 102
264 102
265 102
266 101
267 101
268 100
269 100
270 100
271 100
272 100
273 100
274 100
275 100
276 100
277 100
278 100
279 100
280 100
281 100
282 100
283 101
284 101
285 101
286 102
287 102
288 102
289 103
290 103
291 103
292 104
293 104
294 104
295 105
296 105
297 105
298 106
299 106
300 107
301 107
302 107
303 108
304 108
305 108
306 109
307 109
308 109
309 110
310 110
311 110
312 111
313 111
314 111
315 111
316 112
317 112
318 112
319 113
320 113
321 114
322 114
323 114
324 115
325 115
326 115
327 116
328 116
329 116
330 117
331 117
332 118
333 118
334 118
335 119
336 119
337 120
338 120
339 121
340 121
341 122
342 122
343 122
344 123
345 123
346 124
347 124
348 125
349 125
350 126
351 127
352 127
353 128
354 128
355 129
356 129
357 130
358 130
359 131
360 132
361 132
362 133
363 134
364 134
365 135
366 136
367 136
368 137
369 138
370 138
371 139
372 140
373 141
374 142
375 142
376 143
377 144
378 145
379 146
380 146
381 147
382 148
383 149
384 150
385 151
386 151
387 152
388 153
389 154
390 155
391 156
392 156
393 157
394 158
395 159
396 159
397 160
398 161
399 161
400 162
401 162
402 163
403 164
404 164
405 164
406 165
407 165
408 165
409 166
410 166
411 166
412 166
413 167
414 167
415 167
416 167
417 167
418 167
419 167
420 167
421 167
422 167
423 167
424 166
425 166
426 166
427 166
428 165
429 165
430 164
431 164
432 163
433 162
434 161
435 160
436 159
437 158
438 157
439 156
440 155
441 154
441 153
442 152
443 151
444 150
444 149
445 148
446 147
446 146
447 145
448 144
448 143
449 142
450 141
451 140
451 139
452 138
453 137
453 136
454 135
455 134
456 133
456 132
457 131
458 130
459 129
460 128
461 127
461 126
462 125
463 124
464 123
465 122
466 121
467 120
468 119
469 118
470 117
471 116
472 115
473 114
474 113
475 112
476 111
477 110
478 109
479 109
480 108
481 107
482 106
483 106
484 105
485 104
486 104
487 103
488 102
489 102
490 101
491 101
492 100
493 100
494 99
495 99
496 98
497 98
498 97
499 97
500 96
501 96
502 96
503 95
504 95
505 94
506 94
507 93
508 93
509 93
510 92
511 92
512 91
513 91
514 91
515 90
516 90
517 90
518 89
519 89
520 88
521 88
522 88
523 87
524 87
525 86
526 86
527 86
528 85
529 85
530 84
531 84
532 84
533 83
