25 37
26 37
27 38
28 39
29 40
30 41
31 41
32 42
33 43
34 44
35 45
36 46
37 46
38 47
39 48
40 49
41 49
42 50
43 51
44 51
45 52
46 52
47 53
48 54
49 54
50 55
51 55
52 56
53 56
54 57
55 57
56 58
57 58
58 59
59 60
60 60
61 61
62 61
63 62
64 63
65 64
66 64
67 65
68 66
69 67
70 68
71 68
72 69
73 70
74 71
75 72
76 73
77 74
77 75
78 76
79 77
80 78
81 79
82 80
83 81
83 82
84 83
85 84
86 85
86 86
87 87
88 88
89 89
89 90
90 91
91 92
91 93
92 94
93 95
94 96
94 97
95 98
96 99
96 100
97 101
98 102
98 103
99 104
99 105
100 106
101 107
101 108
102 109
103 110
103 111
104 112
105 113
105 114
106 115
107 116
108 117
108 118
109 119
110 120
111 121
112 122
112 123
113 124
114 125
115 126
116 126
117 127
118 128
119 129
120 129
121 130
122 130
123 131
124 131
125 132
126 132
127 132
128 132
129 133
130 133
131 133
132 133
133 133
134 134
135 134
136 134
137 134
138 134
139 134
140 134
141 134
142 134
143 133
144 133
145 133
146 133
147 133
148 132
149 132
150 132
151 131
152 131
153 130
154 130
155 130
156 129
157 129
158 128
159 128
160 127
161 127
162 126
163 126
164 125
165 125
166 124
167 124
168 124
169 123
170 123
171 122
172 122
173 121
174 121
175 121
176 120
177 120
178 120
179 119
180 119
181 119
182 118
183 118
184 118
185 118
186 117
187 117
188 117
189 117
190 116
191 116
192 116
193 116
194 115
195 115
196 115
197 115
198 114
199 114
200 114
201 114
202 113
203 113
204 113
205 113
206 112
207 112
208 112
209 111
210 111
211 111
212 111
213 110
214 110
215 110
216 110
217 110
218 109
219 109
220 109
221 109
222 109
223 109
224 109
225 109
226 109
227 109
228 109
229 109
230 109
231 109
232 109
233 109
234 110
235 110
236 110
237 110
238 111
239 111
240 111
241 112
242 112
243 113
244 113
245 113
246 114
247 114
248 115
249 115
250 116
251 116
252 116
253 117
254 117
255 117
256 118
257 118
258 118
259 118
260 118
261 118
262 118
263 118
264 118
265 118
266 118
267 118
268 117
269 117
270 117
271 117
272 116
273 116
274 116
275 115
276 115
277 115
278 114
279 114
280 113
281 113
282 113
283 112
284 112
285 111
286 111
287 110
288 110
289 110
290 109
291 109
292 108
293 108
294 107
295 107
296 107
297 106
298 106
299 105
300 105
301 105
302 104
303 104
304 103
305 103
306 103
307 102
308 102
309 102
310 101
311 101
312 101
313 100
314 100
315 100
316 100
317 99
318 99
319 99
320 99
321 99
322 99
323 98
324 98
325 98
326 98
327 98
328 98
329 98
330 98
331 98
332 98
333 98
334 98
335 98
336 98
337 98
338 98
339 98
340 99
341 99
342 99
343 99
344 99
345 100
346 100
347 100
348 101
349 101
350 102
351 102
352 103
353 104
354 104
355 105
356 106
357 107
358 108
359 109
360 110
361 111
362 112
363 113
364 114
365 115
366 116
367 117
368 118
369 119
370 120
371 121
372 122
373 123
374 124
375 125
376 126
377 127
378 128
379 129
380 130
381 131
382 132
383 133
384 133
385 134
386 135
387 135
388 136
389 137
390 137
391 138
392 138
393 139
394 139
395 139
396 140
397 140
398 140
399 140
400 140
401 140
402 140
403 140
404 140
405 139
406 139
407 139
408 138
409 138
410 138
411 137
412 137
413 136
414 135
415 135
416 134
417 133
418 133
419 132
420 131
421 130
422 129
423 129
424 128
425 127
426 126
427 125
428 124
429 123
430 122
431 121
431 120
432 119
433 118
434 117
435 116
436 115
436 114
437 113
438 112
439 111
439 110
440 109
441 108
442 107
442 106
443 105
444 104
