34 8
35 9
36 10
37 11
37 12
38 13
39 14
39 15
40 16
41 17
41 18
42 19
43 20
43 21
44 22
45 23
45 24
46 25
47 26
47 27
48 28
49 29
49 30
50 31
51 32
51 33
52 34
53 35
53 36
54 37
55 38
55 39
56 40
57 41
58 42
58 43
59 44
60 45
60 46
61 47
62 48
62 49
63 50
63 51
64 52
65 53
65 54
66 55
67 56
67 57
68 58
68 59
69 60
69 61
70 62
70 63
71 64
71 65
72 66
72 67
73 68
73 69
74 70
74 71
75 72
75 73
75 74
76 75
76 76
77 77
77 78
77 79
78 80
78 81
79 82
79 83
79 84
80 85
80 86
81 87
81 88
81 89
82 90
82 91
82 92
83 93
83 94
83 95
84 96
84 97
84 98
85 99
85 100
85 101
86 102
86 103
86 104
87 105
87 106
87 107
88 108
88 109
88 110
89 111
89 112
89 113
90 114
90 115
90 116
91 117
91 118
91 119
92 120
92 121
92 122
93 123
93 124
94 125
94 126
94 127
95 128
95 129
96 130
96 131
96 132
97 133
97 134
98 135
98 136
99 137
99 138
100 139
100 140
101 141
102 142
102 143
103 144
104 145
105 146
106 146
107 147
108 147
109 147
110 146
111 146
112 145
113 144
114 143
115 142
116 141
117 140
118 139
119 138
120 137
121 136
121 135
122 134
123 133
124 132
124 131
125 130
126 129
127 128
127 127
128 126
129 125
130 124
131 123
132 122
133 121
134 120
135 119
136 118
137 117
138 116
139 115
140 114
141 114
142 113
143 112
144 112
145 111
146 111
147 110
148 110
149 110
150 109
151 109
152 109
153 109
154 108
155 108
156 108
157 108
158 108
159 108
160 108
161 108
162 108
163 108
164 108
165 108
166 108
167 108
168 109
169 109
170 109
171 109
172 109
173 110
174 110
175 110
176 110
177 111
178 111
179 111
180 111
181 112
182 112
183 112
184 113
185 113
186 113
187 114
188 114
189 114
190 115
191 115
192 115
193 115
194 116
195 116
196 116
197 116
198 117
199 117
200 117
201 117
202 117
203 117
204 118
205 118
206 118
207 118
208 118
209 118
210 118
211 118
212 118
213 118
214 118
215 118
216 119
217 119
218 119
219 119
220 120
221 120
222 120
223 121
224 121
225 122
226 123
227 123
228 124
229 125
230 126
231 126
232 127
233 128
234 129
235 129
236 130
237 131
238 131
239 132
240 133
241 133
242 134
243 134
244 135
245 135
246 135
247 135
248 135
249 135
250 135
251 135
252 134
253 134
254 134
255 133
256 133
257 133
258 133
259 132
260 132
261 132
262 132
263 132
264 132
265 132
266 132
267 132
268 132
269 132
270 132
271 132
272 132
273 132
274 132
275 132
276 132
277 132
278 132
279 132
280 132
281 133
282 133
283 133
284 133
285 133
286 133
287 133
288 133
289 133
290 133
291 133
292 133
293 133
294 134
295 134
296 134
297 134
298 134
299 134
300 134
301 134
302 134
303 134
304 134
305 135
306 135
307 135
308 135
309 135
310 135
311 135
312 135
313 136
314 136
315 136
316 136
317 136
318 136
319 137
320 137
321 137
322 137
323 137
324 137
325 137
326 138
327 138
328 138
329 138
330 138
331 138
332 138
333 138
334 137
335 137
336 137
337 137
338 137
339 136
340 136
341 136
342 135
343 135
344 134
345 134
346 133
347 133
348 132
349 132
350 131
351 130
352 130
353 129
354 128
355 128
356 127
357 126
358 125
359 125
360 124
361 123
362 123
363 122
364 121
365 121
366 120
367 119
368 119
369 119
370 118
371 118
372 118
373 118
374 118
375 118
376 118
377 118
378 118
379 119
380 119
381 119
382 120
383 120
384 121
385 121
386 122
387 123
388 123
389 124
390 125
