13 39
14 39
15 39
16 40
17 40
18 40
19 40
20 40
21 40
22 40
23 40
24 40
25 40
26 41
27 41
28 41
29 41
30 41
31 41
32 41
33 41
34 41
35 41
36 41
37 41
38 41
39 41
40 41
41 42
42 42
43 42
44 42
45 43
46 43
47 43
48 44
49 44
50 45
51 45
52 46
53 47
54 47
55 48
56 49
57 50
58 51
59 51
60 52
61 53
62 54
62 55
63 56
64 57
65 58
66 59
66 60
67 61
68 62
69 63
69 64
70 65
70 66
71 67
72 68
72 69
73 70
73 71
74 72
74 73
75 74
75 75
76 76
76 77
77 78
77 79
78 80
78 81
79 82
79 83
80 84
80 85
80 86
81 87
81 88
82 89
82 90
83 91
83 92
84 93
84 94
84 95
85 96
85 97
86 98
86 99
87 100
87 101
88 102
88 103
89 104
90 105
90 106
91 107
92 108
92 109
93 110
94 111
95 112
96 113
97 114
98 115
99 115
100 116
101 116
102 116
103 116
104 116
105 116
106 116
107 115
108 115
109 114
110 114
111 114
112 113
113 113
114 112
115 112
116 111
117 111
118 111
119 110
120 110
121 110
122 110
123 110
124 109
125 109
126 109
127 109
128 110
129 110
130 110
131 110
132 110
133 111
134 111
135 111
136 112
137 112
138 113
139 113
140 114
141 114
142 115
143 115
144 116
145 116
146 117
147 117
148 118
149 119
150 119
151 120
152 121
153 121
154 122
155 123
156 123
157 124
158 125
159 126
160 126
161 127
162 128
163 129
164 129
165 130
166 131
167 132
168 132
169 133
170 134
171 135
172 135
173 136
174 137
175 137
176 138
177 138
178 138
179 139
180 139
181 139
182 140
183 140
184 140
185 140
186 140
187 140
188 140
189 140
190 140
191 140
192 140
193 140
194 139
195 139
196 139
197 139
198 139
199 139
200 139
201 138
202 138
203 138
204 138
205 138
