37 10
38 11
38 12
38 13
39 14
39 15
40 16
40 17
40 18
41 19
41 20
42 21
42 22
42 23
43 24
43 25
44 26
44 27
44 28
45 29
45 30
45 31
46 32
46 33
47 34
47 35
47 36
48 37
48 38
49 39
49 40
49 41
50 42
50 43
51 44
51 45
52 46
52 47
52 48
53 49
53 50
54 51
54 52
54 53
55 54
55 55
56 56
56 57
57 58
57 59
58 60
58 61
59 62
59 63
59 64
60 65
60 66
61 67
61 68
62 69
62 70
63 71
63 72
64 73
64 74
65 75
65 76
66 77
66 78
67 79
67 80
68 81
69 82
69 83
70 84
70 85
71 86
71 87
72 88
73 89
73 90
74 91
75 92
76 93
76 94
77 95
78 96
79 97
80 98
81 99
82 100
83 101
84 102
85 103
86 103
87 104
88 104
89 105
90 105
91 105
92 106
93 106
94 106
95 106
96 106
97 106
98 106
99 106
100 106
101 106
102 106
103 106
104 106
105 105
106 105
107 105
108 105
109 105
110 105
111 105
112 104
113 104
114 104
115 104
116 104
117 103
118 103
119 103
120 103
121 103
122 102
123 102
124 102
125 102
126 102
127 101
128 101
129 101
130 100
131 100
132 100
133 100
134 99
135 99
136 99
137 98
138 98
139 98
140 98
141 97
142 97
143 97
144 96
145 96
146 96
147 96
148 95
149 95
150 95
151 95
152 94
153 94
154 94
155 94
156 93
157 93
158 93
159 93
160 93
161 93
162 92
163 92
164 92
165 92
166 92
167 92
168 92
169 92
170 92
171 92
172 92
173 92
174 92
175 92
176 93
177 93
178 93
179 93
180 93
181 94
182 94
183 94
184 95
185 95
186 96
187 96
188 97
189 98
190 98
191 99
192 100
193 100
194 101
195 102
196 103
197 104
198 105
199 106
200 107
201 108
202 109
203 110
204 111
205 112
206 113
206 114
207 115
208 116
209 117
210 118
210 119
211 120
212 121
213 122
213 123
214 124
215 125
216 126
216 127
217 128
218 129
218 130
219 131
220 132
221 133
221 134
222 135
223 136
224 137
224 138
225 139
226 140
226 141
227 142
228 143
229 144
229 145
230 146
231 147
232 148
233 149
233 150
234 151
235 152
236 153
237 154
238 155
239 156
239 157
240 158
241 159
242 160
243 161
244 162
245 163
246 164
247 165
248 166
249 167
250 168
251 169
252 170
253 170
254 171
255 172
256 173
257 174
258 175
259 175
260 176
261 177
262 178
263 178
264 179
265 179
266 180
267 180
268 181
269 181
270 181
271 181
272 181
273 181
274 181
275 181
276 181
277 181
278 181
279 181
280 181
281 181
282 180
283 180
284 180
285 180
286 180
287 179
288 179
289 179
290 179
291 179
292 179
293 179
294 178
295 178
296 178
297 178
298 178
299 178
300 178
301 178
302 178
303 178
304 178
305 178
306 178
307 178
308 178
309 178
310 178
311 178
312 178
313 179
314 179
315 179
316 179
317 179
318 179
319 179
320 179
321 179
322 180
323 180
324 180
325 180
326 180
327 180
328 180
329 181
330 181
331 181
332 181
333 181
334 182
335 182
336 182
337 182
338 182
339 182
340 183
341 183
342 183
343 183
344 183
345 183
346 183
347 183
348 183
349 184
350 184
351 184
352 184
353 184
354 184
355 184
356 184
357 184
358 184
359 184
360 183
361 183
362 183
363 183
364 183
365 183
366 182
367 182
368 182
369 182
370 181
371 181
372 181
373 180
374 180
375 179
376 179
377 179
378 178
379 178
380 177
381 177
382 176
383 176
384 175
385 174
386 174
387 173
388 173
389 172
390 171
391 171
392 170
393 169
394 169
395 168
396 167
397 167
398 166
399 165
400 164
401 164
402 163
403 162
404 161
405 161
406 160
407 159
408 158
409 158
410 157
411 156
412 155
413 154
414 154
415 153
416 152
417 151
418 151
419 150
420 149
421 148
422 148
423 147
424 147
425 146
426 145
427 145
428 144
429 144
430 143
431 143
432 143
433 143
434 142
435 142
436 142
437 142
438 142
439 143
440 143
441 143
442 143
443 144
444 144
445 145
446 146
447 146
448 147
449 148
450 149
451 150
452 151
453 152
454 153
455 154
456 155
457 156
458 157
459 158
460 159
461 160
462 161
463 162
464 163
465 164
466 165
467 166
468 167
469 168
470 169
471 170
472 171
473 171
474 172
475 172
476 173
477 173
478 174
479 174
480 174
481 174
482 174
483 174
484 174
485 173
486 173
487 173
488 172
489 172
490 171
491 171
492 170
493 170
494 169
495 169
496 168
497 168
498 167
499 167
500 166
501 166
502 165
503 165
504 165
505 164
506 164
507 164
508 163
509 163
510 163
511 162
512 162
513 162
514 161
515 161
516 161
517 160
518 160
519 160
520 159
521 159
522 159
523 158
524 158
525 158
526 157
527 157
528 157
529 156
530 156
531 156
532 155
533 155
534 155
535 154
536 154
537 154
538 154
539 153
540 153
541 153
542 153
543 152
544 152
545 152
546 152
547 152
548 152
549 151
550 151
551 151
552 151
553 151
554 151
555 151
556 151
557 151
558 151
559 151
560 151
561 151
562 151
563 152
564 152
565 152
566 152
567 152
568 152
569 152
570 153
571 153
572 153
573 153
574 153
575 154
576 154
577 154
578 154
579 155
580 155
581 155
582 155
583 155
584 156
585 156
586 156
587 156
588 156
589 157
590 157
591 157
592 157
593 157
594 157
595 157
596 157
597 158
598 158
599 158
600 158
601 158
602 158
603 158
604 158
605 158
606 158
607 158
608 158
609 158
610 158
611 158
612 158
613 158
614 157
615 157
616 157
617 157
618 157
619 157
620 156
621 156
622 156
623 156
624 155
625 155
626 155
627 154
628 154
629 154
630 153
631 153
632 153
633 152
634 152
635 152
636 151
637 151
638 151
639 151
640 150
641 150
642 150
643 150
644 150
645 150
646 149
647 149
648 149
649 149
650 150
651 150
652 150
653 150
654 150
655 151
656 151
657 151
658 152
659 152
660 153
661 153
662 154
663 154
664 155
665 156
666 156
667 157
668 158
669 159
670 159
671 160
672 161
673 162
674 163
675 164
676 165
677 166
678 167
679 168
680 169
681 170
682 171
683 172
683 173
684 174
685 175
686 176
687 177
688 178
688 179
689 180
690 181
691 182
691 183
692 184
693 185
694 186
694 187
695 188
696 189
697 190
697 191
698 192
699 193
699 194
700 195
701 196
702 197
702 198
703 199
704 200
704 201
705 202
706 203
706 204
707 205
708 206
709 207
709 208
710 209
710 210
