15 29
16 29
17 29
18 29
19 30
20 30
21 30
22 30
23 31
24 31
25 31
26 32
27 32
28 32
29 33
30 33
31 33
32 34
33 34
34 35
35 35
36 36
37 36
38 37
39 37
40 38
41 38
42 39
43 40
44 41
45 41
46 42
47 43
48 44
49 45
50 46
51 47
52 48
53 49
54 50
54 51
55 52
56 53
57 54
57 55
58 56
59 57
59 58
60 59
61 60
61 61
62 62
63 63
63 64
64 65
65 66
65 67
66 68
66 69
67 70
68 71
68 72
69 73
69 74
70 75
71 76
71 77
72 78
72 79
73 80
74 81
74 82
75 83
75 84
76 85
76 86
77 87
78 88
78 89
79 90
79 91
80 92
81 93
81 94
82 95
82 96
83 97
84 98
84 99
85 100
86 101
86 102
87 103
88 104
89 105
89 106
90 107
91 108
92 109
93 110
94 111
95 112
96 113
97 114
98 115
99 116
100 117
101 118
102 119
103 119
104 120
105 121
106 121
107 122
108 123
109 123
110 124
111 124
112 125
113 125
114 126
115 126
116 127
117 127
118 127
119 128
120 128
121 128
122 129
123 129
124 129
125 129
126 130
127 130
128 130
129 130
130 130
131 130
132 130
133 131
134 131
135 131
136 131
137 131
138 131
139 131
140 131
141 131
142 131
143 131
144 131
145 131
146 131
147 131
148 131
149 131
150 131
151 132
152 132
153 132
154 132
155 132
156 132
157 132
158 132
159 132
160 132
161 132
162 132
163 132
164 133
165 133
166 133
167 133
168 133
169 133
170 133
171 132
172 132
173 132
174 132
175 132
176 131
177 131
178 131
179 130
180 130
181 129
182 128
183 128
184 127
185 126
186 126
187 125
188 124
189 123
190 123
191 122
192 121
193 120
194 120
195 119
196 118
197 118
198 117
199 116
200 116
201 115
202 115
203 114
204 114
205 113
206 113
207 112
208 112
209 111
210 111
211 111
212 110
213 110
214 110
215 109
216 109
217 109
218 108
219 108
220 108
221 108
222 108
223 107
224 107
225 107
226 107
227 106
228 106
229 106
230 106
231 106
232 105
233 105
234 105
235 104
236 104
237 104
238 103
239 103
240 102
241 102
242 101
243 101
244 100
245 100
246 99
247 99
248 98
249 98
250 97
251 96
252 96
253 95
254 94
255 94
256 93
257 93
258 92
259 91
260 91
261 90
262 90
263 89
264 88
265 88
266 87
267 87
268 86
269 86
270 85
271 85
272 84
273 84
274 83
275 83
276 82
277 82
278 81
279 81
280 81
281 80
282 80
283 79
284 79
285 79
286 79
287 78
288 78
289 78
290 78
291 77
292 77
293 77
294 77
295 77
296 77
297 77
298 77
299 77
300 77
301 77
302 77
303 77
304 77
305 77
306 78
307 78
308 78
309 78
310 78
311 79
312 79
313 79
314 80
315 80
316 80
317 81
318 81
319 82
320 82
321 83
322 83
323 84
324 84
325 85
326 85
327 86
328 86
329 87
330 88
331 88
332 89
333 90
334 90
335 91
336 92
337 93
338 93
339 94
340 94
341 95
342 96
343 96
344 96
345 97
346 97
347 98
348 98
349 98
350 98
351 99
352 99
353 99
354 99
355 100
356 100
357 101
358 101
359 101
360 102
361 102
362 102
363 103
364 103
365 104
366 104
367 105
368 105
369 105
370 106
371 106
372 106
373 107
374 107
375 108
376 108
377 108
378 109
379 109
380 109
381 110
382 110
383 110
384 111
385 111
386 111
387 112
388 112
389 112
390 113
391 113
392 113
393 114
394 114
395 114
396 115
397 115
398 115
399 116
400 116
401 116
402 117
403 117
404 117
405 118
406 118
407 119
408 119
409 119
410 120
411 120
412 121
413 121
414 121
415 122
416 122
417 123
418 123
419 123
420 124
421 124
422 124
423 125
424 125
425 125
426 125
427 125
428 126
429 126
430 126
431 126
432 126
433 126
434 126
435 126
436 126
437 126
438 126
439 126
440 126
441 126
442 126
443 126
444 125
445 125
446 125
447 125
448 125
449 125
450 125
451 125
452 125
453 124
454 124
455 124
456 124
457 124
458 124
459 123
460 123
461 123
462 123
463 122
464 122
465 122
466 121
467 121
468 121
469 120
470 120
471 119
472 119
473 118
474 118
475 117
476 117
477 116
478 116
479 115
480 114
481 114
482 113
483 113
484 112
485 111
486 111
487 110
488 109
489 109
490 108
491 108
492 107
493 106
494 106
495 105
496 105
497 104
498 103
499 103
500 102
501 102
502 101
503 101
504 100
505 100
506 99
507 99
508 99
509 98
510 98
511 97
512 97
513 97
514 97
515 96
516 96
517 96
518 96
519 96
520 95
521 95
522 95
523 95
524 95
525 95
526 94
527 94
528 94
529 94
530 93
531 93
532 93
533 93
534 92
535 92
536 92
537 91
538 91
539 91
540 90
541 90
542 89
543 89
544 88
545 88
546 87
547 87
548 87
549 86
550 86
551 85
552 85
553 84
554 84
555 83
556 83
557 82
558 82
559 81
560 81
