15 78
16 79
17 80
17 81
18 82
19 83
19 84
20 85
21 86
21 87
22 88
23 89
23 90
24 91
25 92
26 93
26 94
27 95
28 96
28 97
29 98
30 99
30 100
31 101
32 102
33 103
33 104
34 105
35 106
36 107
36 108
37 109
38 110
39 111
40 112
40 113
41 114
42 115
43 116
44 117
45 118
45 119
46 120
47 121
48 122
49 123
50 124
51 125
52 126
53 127
54 128
55 129
56 130
57 131
58 132
59 133
60 134
61 135
62 136
63 137
64 138
65 139
66 140
67 141
68 141
69 142
70 143
71 144
72 145
73 145
74 146
75 147
76 147
77 148
78 149
79 149
80 150
81 150
82 151
83 151
84 152
85 152
86 153
87 153
88 154
89 154
90 154
91 154
92 155
93 155
94 155
95 155
96 156
97 156
98 156
99 156
100 156
101 156
102 156
103 157
104 157
105 157
106 157
107 157
108 157
109 157
110 157
111 157
112 157
113 157
114 157
115 157
116 157
117 157
118 157
119 157
120 157
121 157
122 157
123 157
124 157
125 157
126 157
127 157
128 157
129 158
130 158
131 158
132 158
133 158
134 159
135 159
136 159
137 159
138 160
139 160
140 161
141 161
142 162
143 162
144 163
145 163
146 164
147 164
148 165
149 165
150 166
151 166
152 167
153 167
154 168
155 168
156 169
157 169
158 170
159 170
160 171
161 171
162 171
163 172
164 172
165 172
166 172
167 173
168 173
169 173
170 173
171 173
172 173
173 174
174 174
175 174
176 174
177 173
178 173
179 173
180 173
181 173
182 173
183 172
184 172
185 172
186 171
187 171
188 170
189 170
190 169
191 169
192 168
193 167
194 167
195 166
196 165
197 164
198 164
199 163
200 162
201 161
202 160
203 159
204 158
205 157
206 156
207 155
208 154
209 153
209 152
210 151
211 150
212 149
213 148
214 147
214 146
215 145
216 144
217 143
217 142
218 141
219 140
220 139
220 138
221 137
222 136
223 135
223 134
224 133
225 132
225 131
226 130
227 129
227 128
228 127
229 126
229 125
230 124
231 123
231 122
232 121
233 120
233 119
234 118
235 117
235 116
236 115
236 114
237 113
238 112
238 111
239 110
239 109
240 108
241 107
241 106
242 105
243 104
243 103
244 102
244 101
245 100
246 99
246 98
247 97
247 96
248 95
249 94
249 93
250 92
251 91
251 90
252 89
252 88
253 87
254 86
254 85
255 84
256 83
257 82
257 81
258 80
259 79
260 78
261 77
261 76
262 75
263 74
264 73
265 73
266 72
267 71
268 70
269 70
270 69
271 69
272 68
273 68
274 67
275 67
276 67
277 67
278 67
279 67
280 67
281 67
282 67
283 67
284 67
285 67
286 67
287 67
288 68
289 68
290 68
291 69
292 69
293 69
294 70
295 70
296 71
297 71
298 71
299 72
300 72
301 73
302 73
303 74
304 74
305 74
306 75
307 75
308 75
309 76
310 76
311 76
312 77
313 77
314 77
315 77
316 77
317 77
318 78
319 78
320 78
321 78
322 78
323 78
324 78
325 78
326 78
327 78
328 77
329 77
330 77
331 77
332 77
333 77
334 77
335 77
336 76
337 76
338 76
339 76
340 76
341 76
342 75
343 75
344 75
