26 86
27 87
28 88
28 89
29 90
30 91
30 92
31 93
32 94
32 95
33 96
34 97
34 98
35 99
36 100
36 101
37 102
38 103
38 104
39 105
40 106
41 107
41 108
42 109
43 110
43 111
44 112
45 113
46 114
46 115
47 116
48 117
49 118
50 119
50 120
51 121
52 122
53 123
54 124
55 125
56 126
57 126
58 127
59 128
60 128
61 129
62 130
63 130
64 131
65 131
66 131
67 132
68 132
69 132
70 133
71 133
72 133
73 134
74 134
75 134
76 135
77 135
78 135
79 136
80 136
81 136
82 136
83 137
84 137
85 137
86 138
87 138
88 138
89 138
90 139
91 139
92 139
93 139
94 140
95 140
96 140
97 140
98 141
99 141
100 141
101 141
102 142
103 142
104 142
105 143
106 143
107 143
108 144
109 144
110 144
111 145
112 145
113 146
114 146
115 147
116 147
117 148
118 148
119 149
120 150
121 150
122 151
123 152
124 152
125 153
126 154
127 155
128 156
129 157
130 158
131 159
132 160
133 161
134 162
135 163
136 164
137 165
138 166
139 167
140 168
140 169
141 170
142 171
143 172
144 173
145 174
145 175
146 176
147 177
148 178
149 179
149 180
150 181
151 182
152 183
152 184
153 185
154 186
155 187
156 188
156 189
157 190
158 191
159 192
160 193
161 194
161 195
162 196
163 197
164 198
165 199
166 200
167 201
168 202
169 203
170 204
171 205
172 206
173 207
174 207
175 208
176 209
177 210
178 211
179 211
180 212
181 212
182 213
183 214
184 214
185 215
186 215
187 216
188 216
189 216
190 217
191 217
192 217
193 217
194 217
195 217
196 217
197 218
198 217
199 217
200 217
201 217
202 217
203 217
204 217
205 217
206 216
207 216
208 216
209 215
210 215
211 215
212 215
213 214
214 214
215 214
216 213
217 213
218 213
219 212
220 212
221 211
222 211
223 211
224 210
225 210
226 210
227 209
228 209
229 209
230 208
231 208
232 208
233 207
234 207
235 207
236 206
237 206
238 206
239 205
240 205
241 205
242 204
243 204
244 204
245 204
246 203
247 203
248 203
249 203
250 202
251 202
252 202
253 202
254 202
255 201
256 201
257 201
258 201
259 201
260 201
261 200
262 200
263 200
264 200
265 200
266 200
267 200
268 200
269 199
270 199
271 199
272 199
273 199
274 199
275 199
276 198
277 198
278 198
279 198
280 198
281 198
282 197
283 197
284 197
285 197
286 196
287 196
288 196
289 195
290 195
291 195
292 194
293 194
294 193
295 193
296 192
297 192
298 191
299 190
300 190
301 189
302 188
303 187
304 187
305 186
306 185
307 184
308 183
309 182
310 181
311 180
312 179
313 178
314 177
315 176
316 175
317 174
318 173
319 172
320 171
321 170
322 169
323 168
324 167
325 166
326 165
327 165
328 164
329 163
330 162
331 162
332 161
333 160
334 160
335 159
336 159
337 158
338 158
339 158
340 157
341 157
342 157
343 156
344 156
345 156
346 156
347 156
348 156
349 155
350 155
351 155
352 156
353 156
354 156
355 156
356 156
357 156
358 157
359 157
360 157
361 158
362 158
363 159
364 159
365 160
366 161
367 161
368 162
369 163
370 163
371 164
372 165
373 166
374 167
375 167
376 168
377 169
378 170
379 171
380 172
381 173
382 174
383 175
384 176
385 177
386 178
387 179
388 180
389 181
390 182
391 183
392 184
393 185
394 186
395 187
396 188
397 189
398 189
399 190
400 191
401 192
402 193
403 194
404 195
405 196
406 197
407 197
408 198
409 199
410 200
411 201
412 201
413 202
414 203
415 203
416 204
417 204
418 205
419 205
420 206
421 206
422 207
423 207
424 208
425 208
426 209
427 209
428 210
429 210
430 210
431 211
432 211
433 212
434 212
435 212
436 213
437 213
438 213
439 214
440 214
441 215
442 215
443 215
444 216
445 216
446 217
447 217
448 217
449 218
450 218
451 219
452 219
453 220
454 220
455 221
456 221
457 222
458 222
459 223
460 223
461 224
462 224
463 225
464 225
465 226
466 226
467 227
468 227
469 228
470 228
471 229
472 229
473 230
474 231
475 231
476 232
477 232
478 233
479 233
480 234
481 234
482 235
483 235
484 236
485 236
486 237
487 237
488 238
489 238
490 238
491 239
492 239
493 239
494 240
495 240
496 240
497 241
498 241
499 241
500 242
501 242
502 242
503 242
504 243
505 243
506 243
507 243
508 243
509 244
510 244
511 244
512 244
513 244
514 245
