13 27
14 28
14 29
15 30
15 31
16 32
16 33
17 34
18 35
18 36
19 37
20 38
20 39
21 40
22 41
23 42
24 43
25 44
26 45
27 45
28 46
29 46
30 46
31 47
32 47
33 47
34 47
35 47
36 47
37 48
38 48
39 48
40 48
41 48
42 48
43 48
44 48
45 49
46 49
47 49
48 49
49 49
50 49
51 50
52 50
53 50
54 50
55 51
56 51
57 51
58 52
59 52
60 53
61 53
62 53
63 54
64 54
65 54
66 54
67 55
68 55
69 55
70 55
71 55
72 55
73 55
74 55
75 55
76 55
77 55
78 55
79 56
80 56
81 57
82 57
83 58
84 59
85 60
86 61
87 62
88 63
89 64
90 65
91 66
92 67
93 68
94 69
95 70
96 71
97 72
98 72
99 73
100 74
101 75
102 75
103 76
104 76
105 77
106 77
107 77
108 77
109 77
110 77
111 76
112 75
113 74
114 73
115 72
115 71
116 70
117 69
117 68
118 67
118 66
119 65
119 64
