11 3
12 4
13 5
13 6
14 7
14 8
15 9
15 10
16 11
17 12
17 13
18 14
18 15
19 16
19 17
20 18
20 19
21 20
22 21
22 22
23 23
23 24
24 25
24 26
25 27
25 28
26 29
26 30
27 31
27 32
28 33
29 34
29 35
30 36
31 37
31 38
32 39
33 40
33 41
34 42
35 43
36 44
37 45
37 46
38 47
39 48
40 49
41 49
42 50
43 51
44 51
45 52
46 52
47 53
48 53
49 53
50 53
51 53
52 53
53 53
54 53
55 53
56 53
57 53
58 53
59 53
60 53
61 53
62 54
63 54
64 54
65 54
66 54
67 54
68 54
69 54
70 54
71 54
72 54
73 54
74 54
75 54
76 54
77 54
78 54
79 54
80 53
81 53
82 53
83 53
84 52
85 52
86 52
87 52
88 52
89 52
90 52
91 52
92 53
93 53
94 53
95 54
96 54
97 54
98 55
99 56
100 57
101 58
102 59
103 60
104 61
105 62
106 63
107 64
108 65
109 66
110 66
111 67
112 67
113 68
114 68
115 69
116 69
117 69
118 69
119 69
120 69
121 69
122 69
123 69
124 69
125 69
126 69
127 68
128 68
129 68
130 68
131 67
132 67
133 67
134 67
135 66
136 66
137 66
138 66
139 65
140 65
141 65
142 65
143 65
144 65
145 65
146 65
147 65
148 65
149 65
150 66
151 66
152 66
153 67
154 67
155 67
156 68
157 68
158 69
159 69
160 70
161 70
162 71
163 71
164 72
165 72
166 72
167 73
168 73
169 74
170 74
171 74
172 74
173 74
174 74
175 74
176 74
177 74
178 74
179 74
180 74
181 73
182 73
183 72
184 72
185 71
186 70
187 69
188 68
189 67
190 66
191 65
192 64
193 63
193 62
194 61
195 60
196 59
197 59
