22 12
23 13
24 13
25 14
26 15
27 15
28 16
29 16
30 17
31 17
32 18
33 18
34 19
35 20
36 20
37 21
38 21
39 22
40 22
41 23
42 23
43 24
44 25
45 25
46 26
47 26
48 27
49 27
50 28
51 29
52 29
53 30
54 30
55 31
56 31
57 32
58 33
59 33
60 34
61 34
62 35
63 35
64 36
65 36
66 37
67 37
68 38
69 39
70 39
71 40
72 40
73 40
74 41
75 41
76 42
77 42
78 43
79 43
80 43
81 44
82 44
83 44
84 44
85 45
86 45
87 45
88 45
89 46
90 46
91 46
92 46
93 47
94 47
95 47
96 47
97 47
98 47
99 48
100 48
101 48
102 48
103 48
104 49
105 49
106 49
107 49
108 50
109 50
110 50
111 50
112 51
113 51
114 51
115 52
116 52
117 52
118 53
119 53
120 54
121 54
122 55
123 55
124 56
125 57
126 58
127 58
128 59
129 60
130 61
131 62
132 62
133 63
134 64
135 65
136 66
137 66
138 67
139 68
140 69
141 69
142 70
143 71
144 71
145 72
146 73
147 74
148 75
149 76
150 77
151 78
152 79
153 80
153 81
154 82
155 83
156 84
157 85
157 86
158 87
159 88
160 89
160 90
161 91
162 92
163 93
164 94
164 95
165 96
166 97
167 98
167 99
168 100
169 101
170 102
171 103
172 104
173 105
173 106
174 107
175 108
176 109
177 109
178 110
179 111
180 112
181 113
182 113
183 114
184 115
185 115
186 116
187 116
188 116
189 117
190 117
191 117
192 118
193 118
194 118
195 118
196 118
197 118
198 119
199 119
200 119
201 119
202 119
203 119
204 119
205 119
206 119
207 119
208 119
209 119
210 119
211 120
212 120
213 120
214 120
215 120
216 120
217 121
218 121
219 121
220 122
221 122
222 122
223 123
224 123
225 124
226 124
227 125
228 125
229 126
230 126
231 127
232 128
233 128
234 129
235 130
236 130
237 131
238 132
239 133
240 133
241 134
242 135
243 136
244 136
245 137
246 138
247 139
248 140
249 140
250 141
251 142
252 143
253 144
254 145
255 145
256 146
257 147
258 148
259 148
260 149
261 150
262 150
263 151
264 152
265 152
266 153
267 153
268 154
269 154
270 155
271 155
272 155
273 155
274 155
275 156
276 156
277 155
278 155
279 155
280 155
281 154
282 154
283 154
284 153
285 153
286 152
287 151
288 151
289 150
290 149
291 148
292 148
293 147
294 146
295 145
296 144
297 144
298 143
299 142
300 141
301 140
302 139
303 139
304 138
305 137
306 136
307 135
308 134
309 134
310 133
311 132
312 131
313 130
314 130
315 129
316 128
317 127
318 127
319 126
320 125
321 125
322 124
323 123
324 123
325 122
326 121
327 121
328 120
329 120
330 119
331 118
332 118
333 117
334 117
335 116
336 116
337 115
338 115
339 114
340 114
341 113
342 113
343 113
344 112
345 112
346 112
347 111
348 111
349 111
350 110
351 110
352 110
353 109
354 109
355 109
356 109
357 109
358 108
359 108
360 108
361 108
362 108
363 108
364 107
365 107
366 107
367 107
368 107
369 107
370 107
371 107
372 107
373 107
374 107
375 107
376 107
377 107
378 107
379 107
380 107
381 108
382 108
383 108
384 108
385 108
386 108
387 109
388 109
389 109
390 109
391 110
392 110
393 110
394 110
395 111
396 111
397 112
398 112
399 112
400 113
401 113
402 114
403 114
404 115
405 115
406 116
407 116
408 117
409 118
410 118
411 119
412 120
413 120
414 121
415 122
416 122
417 123
418 124
419 125
420 125
421 126
422 127
423 128
424 128
425 129
426 130
427 131
428 131
429 132
430 133
431 133
432 134
433 135
434 135
435 136
436 137
437 137
438 138
439 138
440 139
441 139
442 140
443 140
444 141
445 141
446 141
447 142
448 142
449 142
450 143
451 143
452 143
453 143
454 144
455 144
456 144
457 144
458 144
459 144
460 144
461 144
462 144
463 144
464 144
465 144
466 144
467 143
468 143
469 143
470 143
471 142
472 142
473 141
474 141
475 140
476 140
477 139
478 139
479 138
480 137
481 137
482 136
483 135
484 134
485 133
486 132
487 131
488 130
489 129
489 128
490 127
491 126
492 125
492 124
493 123
494 122
494 121
495 120
496 119
496 118
497 117
498 116
498 115
499 114
500 113
500 112
501 111
502 110
502 109
503 108
504 107
504 106
505 105
506 104
506 103
507 102
508 101
509 100
510 99
511 98
512 97
513 97
514 96
515 96
516 95
517 95
518 95
519 95
520 95
521 95
522 95
523 95
524 95
525 95
526 95
527 95
528 95
529 96
530 96
531 96
532 97
533 97
534 97
535 98
536 98
537 98
538 99
539 99
540 99
541 100
542 100
543 101
544 101
545 101
546 102
547 102
548 103
549 103
550 103
551 104
552 104
553 104
554 105
555 105
556 105
557 106
558 106
559 107
560 107
561 107
562 108
563 108
564 108
565 109
566 109
567 109
568 110
569 110
570 111
