22 3
23 3
24 3
25 4
26 4
27 4
28 5
29 5
30 5
31 6
32 6
33 6
34 6
35 7
36 7
37 7
38 8
39 8
40 8
41 9
42 9
43 9
44 9
45 10
46 10
47 10
48 10
49 11
50 11
51 11
52 11
53 11
54 12
55 12
56 12
57 12
58 13
59 13
60 13
61 14
62 14
63 14
64 15
65 15
66 16
67 16
68 17
69 17
70 18
71 18
72 19
73 20
74 21
75 21
76 22
77 23
78 24
79 25
80 26
81 27
82 28
83 29
83 30
84 31
85 32
86 33
86 34
87 35
88 36
89 37
89 38
90 39
91 40
91 41
92 42
93 43
93 44
94 45
94 46
95 47
96 48
96 49
97 50
98 51
98 52
99 53
100 54
100 55
101 56
102 57
102 58
103 59
104 60
105 61
105 62
106 63
107 64
108 65
109 66
110 67
111 68
112 69
113 70
114 71
115 72
116 72
117 73
118 74
119 75
120 75
121 76
122 76
123 77
124 78
125 78
126 79
127 79
128 80
129 81
130 81
131 82
132 82
133 83
134 83
135 84
136 84
137 85
138 85
139 86
140 86
141 87
142 87
143 87
144 88
145 88
146 88
147 89
148 89
149 89
150 89
151 90
152 90
153 90
154 90
155 90
156 90
157 90
158 90
159 90
160 90
161 90
162 90
163 89
164 89
165 89
166 89
167 89
168 88
169 88
170 88
171 87
172 87
173 87
174 87
175 86
176 86
177 86
178 85
179 85
180 85
181 84
182 84
183 84
184 83
185 83
186 83
187 82
188 82
189 82
190 81
191 81
192 81
193 80
194 80
195 80
196 80
197 79
198 79
199 79
200 78
201 78
202 78
203 78
204 77
205 77
206 77
207 77
208 77
209 76
210 76
211 76
212 76
213 76
214 75
215 75
216 75
217 75
218 75
219 74
220 74
221 74
222 74
223 74
224 73
225 73
226 73
227 72
228 72
229 72
230 71
231 71
232 71
233 70
234 70
235 69
236 69
237 68
238 68
239 67
240 67
241 67
