43 96
44 96
45 96
46 95
47 95
48 95
49 95
50 95
51 95
52 94
53 94
54 94
55 94
56 94
57 94
58 93
59 93
60 93
61 93
62 93
63 93
64 93
65 92
66 92
67 92
68 92
69 92
70 92
71 92
72 91
73 91
74 91
75 91
76 91
77 91
78 91
79 91
80 90
81 90
82 90
83 90
84 90
85 90
86 90
87 90
88 90
89 89
90 89
91 89
92 89
93 89
94 89
95 89
96 89
97 89
98 89
99 89
100 89
101 89
102 89
103 89
104 89
105 89
106 89
107 89
108 89
109 89
110 89
111 89
112 89
113 89
114 89
115 89
116 89
117 89
118 89
119 90
120 90
121 90
122 90
123 90
124 90
125 91
126 91
127 91
128 91
129 92
130 92
131 92
132 93
133 93
134 93
135 94
136 94
137 95
138 95
139 96
140 96
141 97
142 97
143 98
144 98
145 99
146 99
147 100
148 101
149 101
150 102
151 103
152 104
153 104
154 105
155 106
156 107
157 108
158 108
159 109
160 110
161 111
162 112
163 113
164 114
165 115
165 116
166 117
167 118
168 119
169 120
170 121
171 122
172 123
172 124
173 125
174 126
175 127
176 128
176 129
177 130
178 131
179 132
179 133
180 134
181 135
182 136
182 137
183 138
184 139
185 140
185 141
186 142
187 143
187 144
188 145
189 146
190 147
190 148
191 149
192 150
193 151
193 152
194 153
195 154
196 155
196 156
197 157
198 158
199 159
200 160
201 161
201 162
202 163
203 164
204 165
205 166
206 167
207 168
208 168
209 169
210 170
211 171
212 171
213 172
214 173
215 173
216 174
217 174
218 174
219 175
220 175
221 175
222 175
223 176
224 176
225 176
226 176
227 176
228 176
229 176
230 176
231 176
232 176
233 176
234 176
235 176
236 175
237 175
238 175
239 175
240 175
241 175
242 174
243 174
244 174
245 174
246 174
247 173
248 173
249 173
250 173
251 173
252 173
253 172
254 172
255 172
256 172
257 172
258 172
259 172
260 171
261 171
262 171
263 171
264 171
265 171
266 171
267 171
268 171
269 171
270 171
271 171
272 171
273 171
274 172
275 172
276 172
277 172
278 172
279 172
280 172
281 172
282 172
283 172
284 172
285 172
286 172
287 173
288 173
289 173
290 173
291 173
292 173
293 173
294 173
295 173
296 173
297 173
298 173
299 173
300 173
301 173
302 173
303 173
304 173
305 173
306 173
307 173
308 173
309 173
310 173
311 173
312 173
313 173
314 173
315 173
316 174
317 174
318 174
319 174
320 174
321 175
322 175
323 175
324 176
325 176
326 176
327 177
328 177
329 178
330 178
331 178
332 179
333 179
334 180
335 180
336 181
337 181
338 182
339 182
340 183
341 183
342 184
343 184
344 185
345 185
346 186
347 186
348 187
349 187
350 188
351 188
352 189
353 189
354 190
355 191
356 191
357 192
358 192
359 193
360 193
361 194
362 195
363 195
364 196
365 196
366 197
367 197
368 198
369 198
370 199
371 200
372 200
373 201
374 201
375 202
376 202
377 203
378 203
379 204
380 204
381 205
382 206
383 206
384 207
385 207
386 208
387 208
388 209
389 209
390 210
391 210
392 211
393 211
394 212
395 212
396 212
397 213
398 213
399 214
400 214
401 215
402 215
403 215
404 216
405 216
406 217
407 217
408 217
409 218
410 218
411 218
412 219
413 219
414 219
415 219
416 219
417 220
418 220
419 220
420 220
421 220
422 220
423 220
424 220
425 220
426 220
427 220
428 219
429 219
430 219
431 218
432 218
433 218
434 217
435 216
436 216
437 215
438 215
439 214
440 213
441 212
442 211
443 210
444 210
445 209
446 208
447 207
448 206
449 205
449 204
450 203
451 202
452 201
453 200
454 199
