8 53
9 53
10 52
11 52
12 52
13 52
14 52
15 52
16 52
17 52
18 52
19 52
20 52
21 51
22 51
23 51
24 51
25 51
26 51
27 51
28 51
29 51
30 51
31 51
32 51
33 51
34 51
35 51
36 51
37 51
38 51
39 51
40 51
41 52
42 52
43 52
44 52
45 52
46 52
47 52
48 52
49 53
50 53
51 53
52 53
53 54
54 54
55 54
56 55
57 55
58 55
59 56
60 56
61 56
62 57
63 57
64 58
65 58
66 59
67 59
68 60
69 60
70 61
71 61
72 62
73 62
74 63
75 64
76 64
77 65
78 65
79 66
80 67
81 67
82 68
83 69
84 70
85 70
86 71
87 72
88 72
89 73
90 74
91 75
92 75
93 76
94 77
95 78
96 79
97 79
98 80
99 81
100 82
101 83
102 83
103 84
104 85
105 86
106 87
107 87
108 88
109 89
110 90
111 91
112 92
113 93
114 93
115 94
116 95
117 96
118 97
119 98
120 98
121 99
122 100
123 101
124 102
125 103
126 103
127 104
128 105
129 106
130 107
131 108
132 108
133 109
134 110
135 111
136 112
137 113
138 113
139 114
140 115
141 116
142 116
143 117
144 118
145 119
146 120
147 120
148 121
149 122
150 123
151 123
152 124
153 125
154 126
155 126
156 127
157 128
158 128
159 129
160 130
161 131
162 131
163 132
164 133
165 133
166 134
167 135
168 135
169 136
170 137
171 137
172 138
173 138
174 139
175 140
176 140
177 141
178 141
179 142
180 142
181 143
182 143
183 144
184 144
185 145
186 145
187 145
188 146
189 146
190 146
191 146
192 147
193 147
194 147
195 147
196 147
197 147
198 147
199 147
200 147
201 147
202 147
203 147
204 147
205 147
206 147
207 146
208 146
209 146
210 145
211 145
212 145
213 144
214 144
215 144
216 143
217 143
218 142
219 142
220 141
221 141
222 140
223 140
224 139
225 138
226 138
227 137
228 137
229 136
230 135
231 135
232 134
233 133
234 133
235 132
236 131
237 131
238 130
239 129
240 128
241 128
242 127
243 126
244 126
245 125
246 124
247 124
248 123
249 122
250 122
251 121
252 121
253 120
254 119
255 119
256 118
257 118
258 117
259 117
260 116
261 116
262 116
263 115
264 115
265 115
266 114
267 114
268 114
269 114
270 113
271 113
272 113
273 113
274 113
275 113
276 113
277 113
278 113
279 113
280 113
281 114
282 114
283 114
284 115
285 115
286 116
287 116
288 117
289 118
290 118
291 119
292 120
293 121
294 122
295 123
296 124
297 125
298 126
298 127
299 128
300 129
301 130
302 131
302 132
303 133
304 134
304 135
305 136
306 137
307 138
307 139
308 140
309 141
310 142
310 143
311 144
312 145
312 146
313 147
314 148
315 149
315 150
316 151
317 152
318 153
318 154
319 155
320 156
321 157
322 158
323 159
324 160
324 161
325 162
326 163
327 164
328 165
329 166
330 167
331 168
332 169
333 170
334 171
335 171
336 172
337 173
338 174
339 175
340 175
341 176
342 177
343 178
344 178
345 179
346 179
347 180
348 181
349 181
350 181
351 182
352 182
353 183
354 183
355 183
356 184
357 184
358 184
359 184
360 184
361 184
362 185
363 185
364 185
365 184
366 184
367 184
368 184
369 184
370 184
371 184
372 183
373 183
374 183
375 182
376 182
377 182
378 181
379 181
380 181
381 180
382 180
383 179
384 179
385 179
386 178
387 178
388 177
389 177
390 176
391 176
392 176
393 175
394 175
395 175
396 174
397 174
398 174
399 173
400 173
401 173
402 173
403 173
404 173
405 173
406 173
407 173
408 173
409 174
410 174
411 174
412 175
413 175
414 176
415 177
416 177
417 178
418 179
419 180
420 181
421 182
422 183
423 184
424 185
425 186
425 187
426 188
427 189
428 190
429 191
430 192
431 193
432 194
433 195
434 196
435 196
436 197
437 198
438 198
439 199
440 199
441 200
442 200
443 200
444 200
445 200
446 200
447 200
448 200
449 200
450 199
451 199
452 198
453 198
454 197
455 196
456 196
457 195
458 194
459 193
460 192
461 191
462 190
463 189
464 188
465 187
466 186
467 185
468 184
469 183
470 182
471 181
471 180
472 179
473 178
474 177
475 176
475 175
476 174
477 173
478 172
478 171
479 170
480 169
481 168
481 167
482 166
483 165
484 164
484 163
485 162
486 161
487 160
487 159
488 158
489 157
490 156
490 155
491 154
492 153
493 152
494 151
495 150
495 149
496 148
497 147
498 146
499 145
500 144
501 143
502 142
503 141
504 141
505 140
506 139
507 138
508 137
509 137
510 136
511 135
512 134
513 134
514 133
515 133
516 132
517 131
518 131
519 130
520 129
521 128
522 128
523 127
524 126
525 125
526 124
527 123
528 122
529 121
530 120
531 119
532 118
533 117
533 116
534 115
535 114
536 113
537 112
538 111
538 110
539 109
540 108
541 107
542 106
543 105
