22 28
23 28
24 29
25 29
26 30
27 31
28 31
29 32
30 33
31 33
32 34
33 34
34 35
35 36
36 36
37 37
38 37
39 38
40 39
41 39
42 40
43 40
44 41
45 42
46 42
47 43
48 43
49 44
50 45
51 45
52 46
53 46
54 47
55 48
56 48
57 49
58 49
59 50
60 51
61 51
62 52
63 53
64 53
65 54
66 55
67 55
68 56
69 57
70 58
71 59
72 59
73 60
74 61
75 62
76 63
77 64
78 65
79 66
80 66
81 67
82 68
83 69
84 70
85 71
86 72
87 73
88 74
89 75
90 76
91 77
92 78
93 78
94 79
95 80
96 81
97 82
98 83
99 84
100 84
101 85
102 86
103 87
104 88
105 88
106 89
107 90
108 91
109 91
110 92
111 93
112 94
113 94
114 95
115 96
116 97
117 97
118 98
119 99
120 99
121 100
122 101
123 102
124 103
125 103
126 104
127 105
128 106
129 107
130 108
131 108
132 109
133 110
134 111
135 112
136 113
137 114
138 115
139 116
140 116
141 117
142 118
143 119
144 120
145 120
146 121
147 122
148 122
149 123
150 123
151 124
152 124
153 124
154 124
155 125
156 125
157 125
158 124
159 124
160 124
161 124
162 124
163 123
164 123
165 123
166 123
167 122
168 122
169 122
170 121
171 121
172 121
173 121
174 120
175 120
176 120
177 120
178 120
179 119
180 119
181 119
182 119
183 119
184 119
185 119
186 119
187 118
188 118
189 118
190 118
191 118
192 118
193 118
194 118
195 118
196 118
197 118
198 119
199 119
200 119
201 119
202 119
203 120
204 120
205 120
206 120
207 120
208 120
209 120
210 120
211 120
212 120
213 120
214 120
215 120
216 120
217 120
218 120
219 120
220 120
221 120
222 121
223 121
224 122
225 123
226 124
227 124
228 125
229 126
230 127
231 128
232 129
233 130
234 130
235 131
236 132
237 133
238 133
239 134
240 134
241 135
242 135
243 136
244 136
245 136
246 137
247 137
248 137
249 137
250 137
251 137
252 137
253 137
254 137
255 137
256 137
257 137
258 136
259 136
260 136
261 135
262 135
263 135
264 134
265 134
266 133
267 133
268 133
269 132
270 132
271 132
272 131
273 131
274 131
275 130
276 130
277 130
278 130
279 129
280 129
281 129
282 129
283 129
284 129
285 129
286 129
287 130
288 130
289 130
290 130
291 130
292 131
293 131
294 131
295 132
296 132
297 132
298 133
299 133
300 134
301 134
302 135
303 135
304 136
305 136
306 137
307 138
308 138
309 139
310 140
311 140
312 141
313 142
314 142
315 143
316 144
317 145
318 145
319 146
320 147
321 148
322 148
323 149
324 150
325 151
326 151
327 152
328 153
329 153
330 154
331 155
332 155
333 156
334 156
335 157
336 157
337 158
338 158
339 159
340 159
341 160
342 160
343 161
344 161
345 162
346 162
347 162
348 163
349 163
350 163
351 164
352 164
353 164
354 165
355 165
356 165
357 166
358 166
359 166
360 167
361 167
362 167
363 167
364 167
365 168
366 168
367 168
368 168
369 168
370 169
371 169
372 169
373 169
374 169
375 169
376 169
377 169
378 169
379 169
380 169
381 169
382 169
383 169
384 169
385 168
386 168
387 168
388 168
389 168
390 167
391 167
392 167
393 167
394 166
395 166
396 166
397 165
398 165
399 165
400 164
401 164
402 164
403 163
404 163
405 162
406 162
407 162
408 161
