13 56
14 57
15 58
16 59
16 60
17 61
18 62
19 63
20 64
20 65
21 66
22 67
23 68
24 69
24 70
25 71
26 72
27 73
28 74
28 75
29 76
30 77
31 78
32 79
32 80
33 81
34 82
35 83
35 84
36 85
37 86
38 87
39 88
39 89
40 90
41 91
42 92
42 93
43 94
44 95
45 96
46 97
46 98
47 99
48 100
49 101
49 102
50 103
51 104
52 105
52 106
53 107
54 108
55 109
55 110
56 111
57 112
58 113
59 114
59 115
60 116
61 117
62 118
63 119
64 120
65 121
66 122
67 123
68 124
69 125
70 126
71 127
72 128
73 128
74 129
75 129
76 129
77 129
78 128
79 127
80 127
81 126
82 125
82 124
83 123
84 122
85 121
85 120
86 119
86 118
87 117
88 116
88 115
89 114
89 113
90 112
90 111
91 110
91 109
92 108
92 107
93 106
93 105
94 104
94 103
95 102
95 101
96 100
96 99
97 98
97 97
98 96
98 95
99 94
99 93
100 92
100 91
101 90
101 89
102 88
102 87
103 86
103 85
104 84
104 83
105 82
105 81
106 80
106 79
107 78
107 77
108 76
108 75
109 74
109 73
110 72
110 71
111 70
112 69
112 68
113 67
114 66
114 65
115 64
116 63
116 62
117 61
118 60
119 59
119 58
120 57
121 56
122 55
123 54
124 53
125 52
126 51
127 50
128 49
129 48
130 47
131 46
132 45
133 45
134 44
135 43
136 42
137 41
138 40
139 40
140 39
141 38
142 37
143 37
144 36
145 35
146 34
147 34
