26 5
27 6
28 7
29 8
29 9
30 10
31 11
32 12
33 13
33 14
34 15
35 16
36 17
36 18
37 19
38 20
39 21
39 22
40 23
41 24
41 25
42 26
43 27
44 28
44 29
45 30
46 31
46 32
47 33
47 34
48 35
49 36
49 37
50 38
50 39
51 40
52 41
52 42
53 43
53 44
54 45
54 46
55 47
55 48
56 49
56 50
57 51
57 52
58 53
58 54
59 55
59 56
60 57
60 58
61 59
61 60
62 61
62 62
62 63
63 64
63 65
64 66
64 67
65 68
65 69
66 70
66 71
66 72
67 73
67 74
68 75
68 76
69 77
69 78
70 79
70 80
71 81
71 82
72 83
72 84
73 85
73 86
74 87
74 88
75 89
75 90
76 91
76 92
77 93
78 94
78 95
79 96
80 97
80 98
81 99
82 100
82 101
83 102
84 103
85 104
85 105
86 106
87 107
88 108
89 109
90 110
91 111
92 112
93 113
94 114
95 115
96 116
97 117
98 118
99 119
100 120
101 120
102 121
103 122
104 123
105 123
106 124
107 125
108 125
109 126
110 126
111 127
112 127
113 127
114 128
115 128
116 128
117 129
118 129
119 129
120 129
121 129
122 129
123 128
124 128
125 128
126 127
127 127
128 126
129 126
130 125
131 125
132 124
133 123
134 122
135 122
136 121
137 120
138 119
139 118
140 117
141 116
142 115
143 115
144 114
145 113
146 112
147 112
148 111
149 111
150 110
151 109
152 109
153 109
154 108
155 108
156 108
157 108
158 107
159 107
160 107
161 107
162 107
163 107
164 108
165 108
166 108
167 109
168 109
169 110
170 110
171 111
172 112
173 112
174 113
175 114
176 114
177 115
178 115
179 116
180 116
181 117
182 116
183 116
184 115
185 115
186 114
187 113
187 112
188 111
189 110
190 109
190 108
191 107
191 106
192 105
192 104
193 103
193 102
194 101
194 100
195 99
195 98
196 97
196 96
197 95
197 94
197 93
198 92
198 91
199 90
199 89
200 88
200 87
201 86
201 85
202 84
202 83
202 82
203 81
203 80
204 79
204 78
