7 13
8 14
8 15
9 16
9 17
10 18
10 19
11 20
12 21
12 22
13 23
13 24
14 25
15 26
15 27
16 28
17 29
18 30
18 31
19 32
20 33
21 34
22 35
23 36
24 37
25 38
26 39
27 40
28 41
29 42
30 42
31 43
32 44
33 45
34 45
35 46
36 47
37 48
38 48
39 49
40 50
41 50
42 51
43 52
44 53
45 53
46 54
47 55
48 56
49 57
50 57
51 58
52 59
53 60
54 61
55 62
56 63
57 64
58 65
59 66
60 67
61 68
62 69
63 70
64 71
65 72
66 73
67 74
68 75
69 76
70 76
71 77
72 78
73 79
74 80
75 81
76 81
77 82
78 83
79 84
80 84
81 85
82 86
83 86
84 87
85 88
86 88
87 89
88 89
89 90
90 91
91 91
92 92
93 92
94 93
95 93
96 94
97 94
98 95
99 95
100 95
101 96
102 96
103 97
104 97
105 97
106 97
107 98
108 98
109 98
110 98
111 98
112 99
113 99
114 99
115 99
116 99
117 99
118 99
119 99
120 99
121 98
122 98
123 98
124 98
125 98
126 98
127 97
128 97
129 97
130 97
131 96
132 96
133 96
134 96
135 96
136 95
137 95
138 95
139 95
140 94
141 94
142 94
143 94
144 93
145 93
146 93
147 92
148 92
149 92
150 91
151 91
152 90
153 90
154 89
155 89
156 88
157 88
158 88
159 87
160 87
161 87
162 87
163 87
164 87
165 87
166 87
167 87
168 87
169 87
170 88
171 88
172 88
173 89
174 89
175 90
176 90
177 91
178 91
179 92
180 92
181 93
182 94
183 94
184 95
185 96
186 96
187 97
188 98
189 98
190 99
191 100
192 100
193 101
194 102
195 102
196 103
197 104
198 104
199 105
200 106
201 106
202 107
203 108
204 109
205 109
206 110
207 111
208 111
209 112
210 113
211 113
212 114
213 115
214 115
215 116
216 116
217 117
218 117
219 118
220 118
221 119
222 119
223 119
224 119
225 119
226 118
227 118
228 118
229 117
230 117
231 116
232 116
233 115
234 115
235 114
236 114
237 114
238 114
239 114
240 114
241 114
242 115
243 115
244 115
245 116
246 116
247 117
248 117
249 118
250 118
