29 11
30 11
31 12
32 13
33 14
34 15
35 16
36 17
37 18
38 18
39 19
40 20
41 21
42 22
43 23
44 24
45 25
46 26
47 26
48 27
49 28
50 29
51 30
52 31
53 32
54 32
55 33
56 34
57 35
58 36
59 37
60 38
61 38
62 39
63 40
64 41
65 42
66 42
67 43
68 44
69 45
70 46
71 46
72 47
73 48
74 49
75 50
76 50
77 51
78 52
79 53
80 54
81 54
82 55
83 56
84 57
85 57
86 58
87 59
88 60
89 61
90 61
91 62
92 63
93 64
94 65
95 66
96 66
97 67
98 68
99 69
100 70
101 71
102 72
103 73
104 74
105 74
106 75
107 76
108 77
108 78
109 79
110 80
111 81
112 82
113 83
114 84
114 85
115 86
116 87
117 88
117 89
118 90
119 91
119 92
120 93
121 94
121 95
122 96
122 97
123 98
124 99
124 100
125 101
126 102
126 103
127 104
128 105
129 106
129 107
130 108
131 109
132 110
133 111
134 112
135 113
136 114
137 115
138 115
139 116
140 117
141 118
142 118
143 119
144 119
145 120
146 120
147 121
148 121
149 122
150 122
151 122
152 123
153 123
154 123
155 123
156 124
157 124
158 124
159 124
160 125
161 125
162 125
163 125
164 125
165 125
166 125
167 125
168 125
169 125
170 125
171 125
172 125
173 125
174 125
175 125
176 125
177 124
178 124
179 124
180 124
181 124
182 124
183 123
184 123
185 123
186 123
187 122
188 122
189 122
190 121
191 121
192 121
193 120
194 120
195 120
196 119
197 119
198 119
199 118
200 118
201 117
202 117
203 117
204 116
205 116
206 115
207 115
208 115
209 114
210 114
211 113
212 113
213 113
214 112
215 112
216 112
217 111
218 111
219 111
220 110
221 110
222 110
223 110
224 110
225 109
226 109
227 109
228 109
229 109
230 109
231 109
232 109
233 109
234 109
235 110
236 110
237 110
238 110
239 111
240 111
241 111
242 112
243 112
244 113
245 113
246 114
247 115
248 115
249 116
250 116
251 117
252 117
253 118
254 118
255 119
256 119
257 120
258 120
259 121
260 121
261 121
262 122
263 122
264 122
265 122
266 123
267 123
268 123
269 123
270 123
271 124
272 124
273 124
274 124
275 124
276 124
277 125
278 125
279 125
280 125
281 125
282 125
283 126
284 126
285 126
286 126
287 126
288 127
289 127
290 127
291 127
292 127
293 128
294 128
295 128
296 128
297 129
298 129
299 129
300 129
301 129
302 130
303 130
304 130
305 130
306 130
307 131
308 131
309 131
310 131
311 131
312 131
313 131
314 131
315 132
316 132
317 132
318 132
319 132
320 132
321 131
322 131
323 131
324 131
325 131
326 131
327 130
328 130
329 130
330 129
331 129
332 128
333 128
334 127
335 127
336 126
337 126
338 125
339 124
340 124
341 123
342 122
343 122
344 121
345 121
346 120
347 119
348 119
349 118
350 117
351 117
352 116
353 115
354 115
355 114
356 113
357 112
358 112
359 111
360 110
361 109
362 108
363 107
364 106
365 105
366 105
367 104
368 103
369 102
370 101
371 100
372 99
373 98
374 97
375 97
376 96
377 95
378 94
379 93
380 93
381 92
382 91
383 90
384 90
385 89
386 89
387 88
388 87
389 87
390 86
391 86
392 85
393 85
394 85
395 84
396 84
397 84
398 83
399 83
400 83
401 83
402 83
403 82
404 82
405 82
406 82
407 82
408 82
409 82
410 82
411 83
412 83
413 83
414 83
415 84
416 84
417 84
418 85
419 85
420 86
421 86
422 87
423 87
424 88
425 89
426 89
427 90
428 91
429 92
430 93
431 94
432 95
433 96
434 97
435 98
436 99
437 100
438 101
439 102
440 103
441 104
441 105
442 106
443 107
444 108
444 109
445 110
446 111
447 112
447 113
448 114
449 115
449 116
450 117
451 118
451 119
452 120
453 121
453 122
454 123
455 124
455 125
456 126
457 127
457 128
458 129
458 130
459 131
460 132
460 133
461 134
462 135
462 136
463 137
464 138
464 139
465 140
466 141
467 142
467 143
468 144
469 145
469 146
470 147
471 148
472 149
473 150
473 151
474 152
475 153
476 154
477 155
477 156
478 157
479 158
480 159
481 160
482 161
483 162
484 163
485 164
486 165
487 166
488 167
489 168
490 169
491 170
492 171
493 172
494 172
495 173
496 174
497 174
498 175
499 175
500 175
501 175
502 176
503 176
504 176
505 176
506 176
