23 13
24 13
25 13
26 13
27 14
28 14
29 14
30 15
31 15
32 15
33 15
34 16
35 16
36 16
37 16
38 17
39 17
40 17
41 17
42 17
43 18
44 18
45 18
46 18
47 18
48 18
49 19
50 19
51 19
52 19
53 19
54 19
55 19
56 19
57 19
58 19
59 19
60 19
61 19
62 19
63 19
64 19
65 19
66 19
67 19
68 19
69 19
70 19
71 19
72 19
73 18
74 18
75 18
76 18
77 18
78 18
79 18
80 18
81 18
82 18
83 18
84 18
85 18
86 18
87 18
88 18
89 18
90 18
91 18
92 18
93 18
94 18
95 18
96 18
97 18
98 19
99 19
100 19
101 19
102 20
103 20
104 20
105 21
106 21
107 22
108 22
109 23
110 24
111 24
112 25
113 26
114 26
115 27
116 28
117 29
118 30
119 30
120 31
121 32
122 33
123 34
124 35
125 36
126 37
127 38
128 39
129 40
130 41
131 42
132 43
133 44
134 45
135 46
136 47
137 48
138 49
139 50
140 51
141 52
142 53
143 54
144 55
145 56
146 56
147 57
148 58
149 59
150 60
151 61
152 61
153 62
154 63
155 64
156 64
157 65
158 66
159 67
160 67
161 68
162 69
163 70
164 71
165 71
166 72
167 73
168 74
169 75
170 75
171 76
172 77
173 78
174 79
175 80
176 80
177 81
178 82
179 83
180 84
181 85
182 85
183 86
184 87
185 88
186 89
187 90
188 91
189 91
190 92
191 93
192 94
193 95
194 96
195 97
196 97
197 98
198 99
199 100
200 101
201 102
202 103
203 103
204 104
205 105
206 106
207 107
208 108
209 109
210 110
211 111
212 111
213 112
214 113
215 114
216 115
217 115
218 116
219 117
220 117
221 118
222 118
223 119
224 119
225 119
226 119
227 120
228 120
229 120
230 120
231 120
232 120
233 120
234 120
235 120
236 120
237 119
238 119
239 119
240 119
241 119
242 119
243 119
244 120
245 120
246 120
247 120
248 120
249 121
250 121
251 121
252 121
253 122
254 122
255 122
256 123
257 123
258 123
259 124
260 124
261 125
262 125
263 125
264 126
265 126
266 126
267 127
268 127
269 128
270 128
271 129
272 129
273 129
274 130
275 130
276 131
277 131
278 132
279 132
280 132
281 133
282 133
283 133
284 133
285 134
286 134
287 134
288 134
289 134
290 134
291 135
292 135
293 135
294 135
295 134
296 134
297 134
298 134
299 134
300 133
301 133
302 133
303 133
304 132
305 132
306 131
307 131
308 131
309 130
310 130
311 129
312 129
313 128
314 128
315 127
316 127
317 126
318 125
319 125
320 124
321 124
322 123
323 123
324 122
325 122
326 121
327 121
328 120
329 120
330 119
331 119
332 118
333 118
334 117
335 117
336 116
337 116
338 115
339 115
