6 26
7 26
8 27
9 28
10 29
11 29
12 30
13 31
14 32
15 32
16 33
17 34
18 34
19 35
20 36
21 36
22 37
23 38
24 38
25 39
26 40
27 40
28 41
29 41
30 42
31 43
32 43
33 44
34 44
35 45
36 45
37 46
38 47
39 47
40 48
41 48
42 49
43 50
44 51
45 52
46 52
47 53
48 54
49 55
50 56
51 57
52 58
53 58
54 59
55 60
56 61
57 62
58 62
59 63
60 64
61 65
62 65
63 66
64 67
65 67
66 68
67 69
68 69
69 70
70 70
71 71
72 72
73 72
74 73
75 74
76 74
77 75
78 76
79 77
80 78
81 78
82 79
83 80
84 81
85 81
86 82
87 83
88 83
89 84
90 84
91 85
92 85
93 85
94 85
95 86
96 86
97 86
98 86
99 86
100 86
101 86
102 86
103 86
104 86
105 86
106 87
107 87
108 87
109 87
110 88
111 88
112 88
113 89
114 89
115 89
116 90
117 90
118 90
119 90
120 90
121 90
122 90
123 90
124 89
125 88
126 88
127 87
128 86
129 85
130 85
131 84
132 84
133 84
134 84
135 83
136 83
137 83
138 83
139 83
140 83
141 83
142 83
143 83
144 83
145 83
146 83
