5 18
5 19
5 20
6 21
6 22
6 23
6 24
7 25
7 26
7 27
8 28
8 29
8 30
9 31
9 32
9 33
10 34
10 35
10 36
11 37
11 38
12 39
12 40
13 41
13 42
14 43
14 44
15 45
16 46
17 47
18 48
19 49
20 50
21 51
22 52
23 52
24 53
25 54
26 54
27 55
28 55
29 55
30 56
31 56
32 56
33 57
34 57
35 57
36 57
37 57
38 57
39 57
40 57
41 57
42 57
43 57
44 57
45 57
46 56
47 56
48 56
49 55
50 55
51 55
52 54
53 54
54 53
55 53
56 53
57 52
58 52
59 52
60 52
61 51
62 51
63 51
64 51
65 51
66 51
67 51
68 51
69 51
70 51
71 51
72 51
73 52
74 52
75 52
76 53
77 53
78 54
79 54
80 55
81 55
82 56
83 57
84 57
85 58
86 59
87 59
88 60
89 61
90 61
91 62
92 63
93 63
94 64
95 65
96 66
97 66
98 67
99 68
100 68
101 69
102 69
103 70
104 71
105 71
106 72
107 73
108 73
109 74
110 74
111 75
112 76
113 76
114 77
115 78
116 78
117 79
118 80
119 81
120 81
121 82
122 83
123 84
124 84
125 85
126 86
127 87
128 88
129 88
130 89
131 90
132 91
133 91
134 92
135 93
136 93
137 94
138 95
139 95
140 96
141 96
142 97
143 97
144 98
145 98
146 98
147 98
148 99
149 99
150 99
151 99
152 99
153 99
154 98
155 98
156 98
157 98
158 97
159 97
160 97
161 96
162 96
163 95
164 95
165 94
166 94
167 93
168 93
169 92
170 91
171 90
172 89
173 88
173 87
174 86
175 85
175 84
176 83
176 82
177 81
178 80
178 79
179 78
179 77
180 76
181 75
182 74
183 73
184 72
185 71
186 70
187 69
188 68
188 67
189 66
190 65
191 64
191 63
192 62
193 61
194 60
195 59
196 58
196 57
197 56
198 55
199 54
200 53
201 52
202 51
203 50
204 49
205 48
206 47
207 46
208 46
209 45
210 44
211 43
212 42
213 41
214 41
215 40
216 39
217 38
218 37
219 37
220 36
221 35
