7 13
8 14
9 14
10 15
11 16
12 17
13 18
14 18
15 19
16 20
17 20
18 21
19 22
20 22
21 23
22 23
23 23
24 24
25 24
26 24
27 25
28 25
29 25
30 25
31 26
32 26
33 26
34 26
35 26
36 26
37 27
38 27
39 27
40 27
41 28
42 28
43 28
44 29
45 29
46 30
47 31
48 31
49 32
50 33
51 34
52 35
53 36
54 37
55 38
56 39
57 40
57 41
58 42
59 43
60 44
60 45
61 46
62 47
62 48
63 49
63 50
64 51
65 52
65 53
66 54
66 55
67 56
68 57
68 58
69 59
69 60
70 61
70 62
71 63
72 64
72 65
73 66
73 67
74 68
74 69
75 70
76 71
76 72
77 73
77 74
78 75
79 76
79 77
80 78
81 79
82 80
82 81
83 82
84 83
85 84
86 85
87 85
88 86
89 87
90 87
91 87
92 87
93 88
94 88
95 87
96 87
97 87
98 87
99 87
100 87
101 87
102 86
103 86
104 86
105 86
106 86
107 86
108 86
109 86
110 86
111 86
112 86
113 86
114 86
115 86
116 86
117 86
118 86
119 86
120 86
121 87
122 87
123 87
124 87
125 87
126 88
127 88
128 88
129 88
130 89
131 89
132 89
133 90
134 90
135 90
136 91
137 91
138 91
139 92
140 92
141 93
142 93
143 93
144 94
145 94
146 95
147 95
148 95
149 96
150 96
151 97
152 97
153 98
154 98
155 99
156 99
157 100
158 100
159 101
160 101
161 101
162 102
163 102
164 103
165 103
166 104
167 104
168 105
169 105
170 106
171 106
172 107
173 107
174 107
175 108
176 108
177 109
178 109
179 110
180 110
181 110
182 111
183 111
184 112
185 112
186 112
187 113
188 113
189 114
190 114
191 114
192 115
193 115
194 115
195 116
196 116
197 116
198 117
199 117
200 117
201 118
202 118
203 118
204 118
205 119
206 119
207 119
208 120
209 120
210 120
211 120
212 121
