29 33
30 34
31 34
32 35
33 35
34 36
35 36
36 37
37 37
38 38
39 39
40 39
41 40
42 40
43 41
44 42
45 42
46 43
47 44
48 45
49 45
50 46
51 47
52 48
53 49
54 50
55 50
56 51
57 52
58 53
59 54
60 55
60 56
61 57
62 58
63 59
64 60
65 61
66 62
67 63
68 64
69 65
70 66
70 67
71 68
72 69
73 70
74 71
75 72
76 73
77 74
78 75
79 76
80 77
81 78
82 79
83 80
84 81
85 82
86 83
87 84
88 85
89 86
90 87
91 88
92 89
93 90
94 91
95 92
96 92
97 93
98 94
99 95
100 95
101 96
102 97
103 97
104 98
105 98
106 99
107 99
108 99
109 99
110 100
111 100
112 100
113 100
114 99
115 99
116 99
117 98
118 98
119 98
120 97
121 97
122 96
123 95
124 95
125 94
126 93
127 93
128 92
129 91
130 90
131 89
132 89
133 88
134 87
135 86
136 85
137 84
138 84
139 83
140 82
141 81
142 80
143 79
144 78
145 78
146 77
147 76
148 75
149 74
150 73
151 73
152 72
153 71
154 70
155 69
156 69
157 68
158 67
159 66
160 66
161 65
162 64
163 64
164 63
165 62
166 62
167 61
168 61
169 60
170 59
171 59
172 58
173 58
174 58
175 57
176 57
177 57
178 56
179 56
180 56
181 56
182 56
183 56
184 56
185 56
186 56
187 56
188 56
189 56
190 57
191 57
192 57
193 58
194 59
195 59
196 60
197 61
198 62
199 63
200 64
200 65
201 66
202 67
203 68
203 69
204 70
205 71
206 72
206 73
207 74
208 75
208 76
209 77
210 78
210 79
211 80
212 81
212 82
213 83
214 84
215 85
215 86
216 87
217 88
218 89
219 90
220 91
221 92
222 93
223 94
224 94
225 95
226 96
227 96
228 97
229 97
230 97
231 98
232 98
233 98
234 98
235 99
236 99
237 99
238 99
239 99
240 99
241 99
242 99
243 98
244 98
245 98
246 98
247 98
248 97
249 97
250 97
251 96
252 96
253 95
254 95
255 94
256 94
257 93
258 93
259 92
260 91
261 91
262 90
263 90
264 89
265 88
266 88
267 87
268 86
269 85
270 85
271 84
272 83
273 83
274 82
275 81
276 81
277 80
278 79
279 79
280 78
281 77
282 76
283 76
284 75
285 74
286 74
287 73
288 72
289 72
290 71
291 70
292 70
293 69
294 68
295 68
296 67
297 66
298 66
299 65
300 64
301 64
302 63
303 62
304 62
305 61
306 60
307 60
308 59
309 58
310 58
311 57
312 57
313 56
314 55
315 55
316 54
317 53
318 53
319 52
320 51
321 51
322 50
323 50
324 49
325 48
326 48
327 47
328 47
329 46
330 46
331 45
332 45
333 44
334 44
335 43
336 43
337 42
338 42
339 41
340 41
341 40
342 40
343 40
344 39
345 39
346 39
347 38
348 38
349 37
350 37
351 37
352 36
353 36
354 36
355 35
356 35
357 35
358 34
359 34
360 34
361 33
362 33
363 33
364 32
