14 84
14 85
15 86
15 87
16 88
16 89
17 90
17 91
17 92
18 93
18 94
19 95
19 96
20 97
20 98
20 99
21 100
21 101
22 102
22 103
23 104
23 105
24 106
24 107
24 108
25 109
25 110
26 111
26 112
27 113
27 114
28 115
28 116
29 117
29 118
30 119
30 120
30 121
31 122
31 123
32 124
32 125
33 126
33 127
34 128
34 129
35 130
35 131
36 132
36 133
37 134
37 135
38 136
38 137
39 138
39 139
40 140
40 141
41 142
41 143
42 144
42 145
43 146
43 147
44 148
44 149
45 150
45 151
46 152
46 153
47 154
47 155
48 156
48 157
49 158
50 159
50 160
51 161
51 162
52 163
52 164
53 165
53 166
54 167
54 168
55 169
55 170
56 171
57 172
57 173
58 174
58 175
59 176
60 177
60 178
61 179
62 180
62 181
63 182
64 183
65 184
65 185
66 186
67 187
68 188
69 189
70 190
71 191
72 192
73 192
74 193
75 194
76 194
77 194
78 195
79 195
80 195
81 195
82 195
83 195
84 195
85 194
86 194
87 194
88 193
89 193
90 193
91 192
92 192
93 191
94 191
95 191
96 191
97 190
98 190
99 190
100 190
101 190
102 190
103 190
104 190
105 190
106 190
107 190
108 191
109 191
110 191
111 191
112 191
113 191
114 191
115 191
116 192
117 192
118 192
119 192
120 192
121 192
122 192
123 192
124 192
125 192
126 192
127 192
128 192
129 192
130 192
131 192
132 192
133 192
134 192
135 192
136 192
137 192
138 192
139 192
140 192
141 192
142 192
143 192
144 192
145 192
146 192
147 192
148 192
149 192
150 192
151 192
152 192
153 192
154 192
155 192
156 192
157 192
158 192
159 192
160 192
161 192
162 192
163 192
164 193
165 193
166 193
167 193
168 193
169 193
170 194
171 194
172 194
173 194
174 194
175 195
176 195
177 195
178 196
179 196
180 196
181 197
182 197
183 197
184 198
185 198
186 198
187 199
188 199
189 200
190 200
191 201
192 201
193 202
194 202
195 203
196 203
197 204
198 204
199 205
200 205
201 206
202 206
203 206
204 207
205 207
206 208
207 208
208 209
209 209
210 209
211 210
212 210
213 210
214 210
215 211
216 211
217 211
218 211
219 211
220 211
221 211
222 211
223 211
224 211
225 211
226 211
227 211
228 211
229 210
230 210
231 210
232 209
233 209
234 208
235 208
236 207
237 207
238 206
239 206
240 205
241 204
242 204
243 203
244 202
245 202
246 201
247 200
248 199
249 198
250 197
251 196
252 196
253 195
254 194
255 193
256 192
257 191
258 190
259 189
260 188
261 187
262 186
263 185
264 184
265 183
266 182
267 181
268 180
269 179
270 178
271 177
272 176
273 175
274 174
275 173
276 172
277 171
278 171
279 170
280 169
281 168
282 167
283 166
284 166
285 165
286 164
287 163
288 163
289 162
290 161
291 161
292 160
293 160
294 159
295 158
296 158
297 158
298 157
299 157
300 156
301 156
302 156
303 155
304 155
305 155
306 155
307 155
308 154
309 154
310 154
311 154
312 154
313 154
314 154
315 154
316 154
317 154
318 154
319 154
320 155
321 155
322 155
323 155
324 155
325 155
326 156
327 156
328 156
329 156
330 157
331 157
332 157
333 158
334 158
335 158
336 159
337 159
338 159
339 160
340 160
341 160
342 161
343 161
344 162
345 162
346 162
347 163
348 163
349 164
350 164
351 164
352 165
353 165
354 166
355 166
356 167
357 167
358 168
359 168
360 168
361 169
362 169
363 170
364 170
365 171
366 171
367 172
368 172
369 173
370 173
371 174
372 174
373 175
374 175
375 176
376 176
377 177
378 177
379 178
380 178
381 179
382 179
383 180
384 180
385 181
386 181
387 182
388 182
389 183
390 183
391 184
392 184
393 185
394 185
395 186
396 186
397 187
398 188
399 188
400 189
401 189
402 190
403 190
404 191
405 191
406 192
407 192
408 193
409 193
410 194
411 195
412 195
413 196
414 196
415 197
416 197
417 198
418 198
419 199
420 199
421 200
422 200
423 201
424 201
425 202
426 202
427 202
428 203
429 203
430 204
431 204
432 205
433 205
434 205
435 206
436 206
437 207
438 207
439 207
440 208
441 208
442 208
443 209
444 209
445 209
446 210
447 210
448 210
449 210
450 211
451 211
452 211
453 211
454 212
455 212
456 212
457 212
458 213
459 213
460 213
461 213
462 214
463 214
464 214
465 214
466 215
467 215
468 215
469 215
470 215
471 216
472 216
473 216
474 216
475 217
476 217
477 217
478 217
479 218
480 218
481 218
482 218
483 219
484 219
485 219
486 220
487 220
488 220
489 221
490 221
491 221
492 222
493 222
494 222
495 223
496 223
497 223
498 224
499 224
500 224
501 225
502 225
503 225
504 226
505 226
506 226
507 227
508 227
509 227
510 228
511 228
512 229
513 229
514 229
515 230
516 230
517 230
518 231
519 231
520 231
521 232
522 232
523 232
524 233
525 233
526 233
527 233
528 234
529 234
530 234
531 235
532 235
533 235
534 236
535 236
536 236
537 236
538 237
539 237
540 237
541 237
542 238
543 238
544 238
545 238
546 239
547 239
548 239
549 239
550 239
551 240
552 240
553 240
554 240
555 240
556 241
557 241
558 241
559 241
560 241
561 242
562 242
563 242
564 242
565 242
566 242
567 243
568 243
569 243
570 243
571 243
572 243
573 244
574 244
575 244
576 244
577 244
578 244
579 245
