31 22
32 23
33 24
34 25
35 26
36 27
37 28
38 29
38 30
39 31
40 32
41 33
42 34
43 35
44 36
45 37
45 38
46 39
47 40
48 41
49 42
50 43
50 44
51 45
52 46
53 47
53 48
54 49
55 50
56 51
56 52
57 53
58 54
59 55
59 56
60 57
61 58
61 59
62 60
63 61
63 62
64 63
65 64
65 65
66 66
67 67
67 68
68 69
68 70
69 71
70 72
70 73
71 74
71 75
72 76
73 77
73 78
74 79
74 80
75 81
75 82
76 83
76 84
77 85
77 86
78 87
79 88
79 89
80 90
80 91
81 92
81 93
82 94
82 95
83 96
83 97
84 98
84 99
85 100
85 101
86 102
86 103
87 104
87 105
88 106
88 107
89 108
89 109
90 110
90 111
91 112
91 113
92 114
93 115
93 116
94 117
94 118
95 119
96 120
96 121
97 122
98 123
99 124
99 125
100 126
101 127
102 128
103 129
104 130
104 131
105 132
106 133
107 134
108 135
109 136
110 136
111 137
112 138
113 139
114 140
115 140
116 141
117 142
118 142
119 143
120 143
121 144
122 144
123 144
124 145
125 145
126 145
127 146
128 146
129 146
130 146
131 147
132 147
133 147
134 147
135 147
136 147
137 148
138 148
139 148
140 148
141 148
142 148
143 148
144 149
145 149
146 149
147 149
148 149
149 149
150 150
151 150
152 150
153 150
154 150
155 150
156 151
157 151
158 151
159 151
160 151
161 152
162 152
163 152
164 152
165 152
166 152
167 153
168 153
169 153
170 153
171 153
172 153
173 154
174 154
175 154
176 154
177 154
178 154
179 154
180 155
181 155
182 155
183 155
184 155
185 155
186 156
187 156
188 156
189 156
190 157
191 157
192 157
193 157
194 158
195 158
196 158
197 159
198 159
199 160
200 160
201 161
202 161
203 162
204 162
205 163
206 164
207 164
208 165
209 165
210 166
211 166
212 167
213 168
214 168
215 169
216 169
217 170
218 170
219 171
220 171
221 171
222 172
223 172
224 172
225 172
226 172
227 172
228 172
229 172
230 172
231 172
232 172
233 172
234 171
235 171
236 170
237 170
238 169
239 169
240 168
241 167
242 167
243 166
244 165
245 164
246 163
247 162
248 162
249 161
250 160
251 159
252 159
253 158
254 158
255 157
256 157
257 157
258 156
259 156
260 156
261 156
262 156
263 156
264 156
265 157
266 157
267 157
268 157
269 158
270 158
271 158
272 159
273 159
274 160
275 160
276 161
277 161
278 162
279 162
280 163
281 163
282 164
283 164
284 165
285 165
286 165
287 166
288 166
289 167
290 167
291 167
292 167
293 167
294 167
295 167
296 167
297 166
298 166
299 166
300 165
301 164
302 163
303 163
304 162
305 161
306 160
307 159
308 158
309 157
309 156
310 155
311 154
312 153
313 152
314 151
314 150
315 149
316 148
317 147
318 146
319 145
319 144
320 143
321 142
322 141
323 141
324 140
325 139
326 138
327 138
328 137
329 137
330 136
331 136
332 135
333 135
334 135
335 135
336 134
337 134
338 134
339 134
340 134
341 134
342 133
343 133
344 133
345 133
346 133
347 132
348 132
349 132
350 132
351 132
352 131
353 131
354 131
355 130
356 130
357 130
358 130
359 129
360 129
361 129
362 129
363 129
364 128
365 128
366 128
367 128
368 127
369 127
370 127
371 127
372 127
373 127
374 127
375 127
376 127
377 127
378 126
379 126
380 126
381 127
382 127
383 127
384 127
385 127
386 127
387 127
388 127
389 128
390 128
391 128
392 128
393 129
394 129
395 129
396 130
397 130
398 131
399 131
400 132
401 132
402 133
403 133
404 134
405 135
406 135
407 136
408 137
409 138
410 139
411 140
412 141
413 142
414 143
415 144
416 145
417 146
418 147
419 148
420 149
421 150
422 151
423 152
424 153
425 154
426 155
427 156
428 157
429 157
430 158
431 159
432 160
433 160
434 161
435 162
436 162
437 163
