10 64
11 65
12 66
13 67
14 68
15 69
16 70
17 71
18 71
19 72
20 73
21 74
22 75
23 76
24 77
25 78
26 79
27 79
28 80
29 81
30 82
31 83
32 84
33 84
34 85
35 86
36 86
37 87
38 88
39 89
40 89
41 90
42 90
43 91
44 92
45 92
46 93
47 93
48 94
49 94
50 95
51 96
52 96
53 97
54 97
55 98
56 98
57 99
58 99
59 100
60 100
61 101
62 102
63 102
64 103
65 103
66 104
67 104
68 105
69 105
70 106
71 106
72 107
73 107
74 108
75 109
76 109
77 109
78 110
79 110
80 111
81 111
82 112
83 112
84 113
85 113
86 113
87 114
88 114
89 114
90 115
91 115
92 115
93 116
94 116
95 116
96 116
97 117
98 117
99 117
100 117
101 117
102 117
103 118
104 118
105 118
106 118
107 118
108 118
109 118
110 118
111 118
112 118
113 118
114 118
115 118
116 118
117 118
118 117
119 117
120 117
121 117
122 117
123 117
124 116
125 116
126 116
127 116
128 115
129 115
130 115
131 115
132 114
133 114
134 114
135 114
136 113
137 113
138 113
139 112
140 112
141 112
142 111
143 111
144 111
145 111
146 110
147 110
148 110
149 109
150 109
151 109
152 108
153 108
154 108
155 108
156 107
157 107
158 107
159 106
160 106
161 106
162 106
163 105
164 105
165 105
166 105
167 105
168 105
169 104
170 104
171 104
172 104
173 104
174 104
175 104
176 104
177 104
178 104
179 104
180 105
181 105
182 105
183 105
184 105
185 105
186 106
187 106
188 106
189 106
190 106
191 107
192 107
193 107
194 107
195 107
196 107
197 107
198 107
199 107
200 107
201 107
202 107
203 107
204 107
205 107
206 107
207 107
208 107
209 107
210 107
211 107
212 106
213 106
214 106
215 106
216 106
217 106
218 106
219 105
220 105
221 105
222 105
223 105
224 105
225 104
226 104
227 104
228 104
229 104
230 104
231 104
232 104
233 104
234 103
235 103
236 103
237 103
238 103
239 103
240 103
241 103
242 103
243 103
244 103
245 103
246 104
247 104
248 104
249 104
250 104
251 104
252 105
253 105
254 105
255 105
256 106
257 106
258 107
259 107
260 107
261 108
262 108
263 109
264 110
265 110
266 111
267 111
268 112
269 113
270 113
271 114
272 115
273 116
274 116
275 117
276 118
277 119
278 120
279 121
280 121
281 122
282 123
283 124
284 125
285 126
286 127
287 128
288 129
289 130
290 131
291 132
292 133
293 134
294 135
295 136
296 136
297 137
298 138
299 139
300 140
301 140
302 141
303 141
304 142
305 143
306 143
307 144
308 144
309 145
310 145
311 145
312 146
313 146
314 146
315 147
316 147
317 147
318 147
319 148
320 148
321 148
322 148
323 148
324 148
325 149
326 149
327 149
328 149
329 149
330 149
331 149
332 149
333 149
334 149
335 149
336 149
337 149
338 149
339 149
340 149
341 149
342 149
343 149
344 149
345 148
346 148
347 148
348 148
349 148
350 148
351 148
352 148
353 148
354 147
355 147
356 147
357 147
358 147
359 147
360 146
361 146
362 146
363 146
364 145
365 145
366 145
367 145
368 144
369 144
370 144
371 144
372 143
373 143
374 143
375 142
376 142
377 142
378 141
379 141
380 141
381 140
382 140
383 140
384 139
385 139
386 139
387 138
388 138
389 138
390 137
391 137
392 136
393 136
394 136
395 135
396 135
397 135
398 134
399 134
400 134
401 133
402 133
403 133
404 133
405 132
406 132
407 132
408 132
409 131
410 131
411 131
412 131
413 131
414 131
415 131
416 131
417 131
418 131
419 131
420 131
421 131
422 131
423 131
424 132
425 132
426 132
427 133
428 134
429 134
430 135
431 136
432 136
433 137
434 138
435 139
436 139
437 140
438 141
439 141
440 142
441 142
442 142
443 143
444 143
445 143
446 143
447 143
448 144
449 144
450 144
451 144
452 144
453 144
454 144
455 143
456 143
457 143
458 143
459 143
460 143
461 143
462 143
463 143
464 143
465 143
466 142
467 142
468 142
469 142
470 142
471 142
472 142
473 141
474 141
475 141
476 141
477 141
478 140
479 140
480 140
481 140
482 140
483 139
484 139
485 139
486 139
487 138
488 138
489 138
490 138
491 137
492 137
493 137
494 137
495 136
496 136
497 136
498 136
499 135
500 135
