8 28
9 28
10 28
11 28
12 28
13 28
14 28
15 28
16 28
17 28
18 28
19 28
20 28
21 28
22 28
23 28
24 28
25 29
26 29
27 29
28 29
29 29
30 30
31 30
32 30
33 31
34 31
35 32
36 32
37 33
38 33
39 34
40 34
41 35
42 36
43 36
44 37
45 38
46 39
47 40
48 41
49 42
50 43
51 44
52 45
53 46
53 47
54 48
55 49
56 50
56 51
57 52
58 53
58 54
59 55
60 56
60 57
61 58
62 59
62 60
63 61
63 62
64 63
65 64
65 65
66 66
66 67
67 68
67 69
68 70
69 71
69 72
70 73
70 74
71 75
71 76
72 77
73 78
73 79
74 80
74 81
75 82
76 83
76 84
77 85
77 86
78 87
79 88
79 89
80 90
81 91
81 92
82 93
83 94
84 95
84 96
85 97
86 98
87 99
88 100
89 101
90 102
91 103
92 104
93 105
94 106
95 107
96 107
97 108
98 108
99 109
100 109
101 110
102 110
103 110
104 110
105 110
106 110
107 110
108 110
109 110
110 109
111 109
112 109
113 108
114 108
115 107
116 107
117 106
118 105
119 105
120 104
121 104
122 103
123 102
124 102
125 101
126 101
127 100
128 100
129 99
130 99
131 98
132 98
133 97
134 97
135 96
136 96
137 96
138 95
139 94
140 94
141 93
142 93
143 92
144 92
145 91
146 91
147 90
148 90
149 90
150 89
151 89
152 88
153 88
154 87
155 87
156 87
157 87
158 86
159 86
160 86
161 86
162 86
163 85
164 85
165 85
166 85
167 85
168 85
169 85
170 85
171 85
172 85
173 85
174 85
175 85
176 86
177 86
178 86
179 86
180 86
181 86
182 87
183 87
184 87
185 87
186 87
187 88
188 88
189 88
190 89
191 89
192 89
193 90
194 90
195 90
196 91
197 91
198 91
199 92
200 92
201 93
202 93
203 94
204 94
205 95
206 95
207 95
208 96
209 96
210 96
211 96
212 96
213 96
214 96
215 96
216 95
217 95
218 94
219 94
220 93
221 93
222 92
223 91
224 91
225 90
226 89
227 89
228 88
229 87
230 86
231 86
232 85
233 84
234 84
235 83
236 82
237 82
238 81
239 80
240 80
241 79
242 79
243 78
244 78
245 78
246 77
247 77
248 76
249 76
250 76
251 75
252 75
253 75
254 74
255 74
256 74
257 74
258 73
259 73
260 73
261 72
262 72
263 72
264 72
265 72
