20 17
21 17
22 18
22 19
23 20
24 21
25 22
25 23
26 24
27 25
28 26
29 27
29 28
30 29
31 30
32 31
33 32
33 33
34 34
35 35
36 36
37 37
37 38
38 39
39 40
40 41
41 42
41 43
42 44
43 45
44 46
45 47
46 48
47 49
47 50
48 51
49 52
50 53
51 54
52 55
53 56
54 57
55 58
55 59
56 60
57 61
58 62
59 63
60 64
61 65
62 66
63 67
64 68
65 69
66 70
67 71
68 72
69 73
70 74
71 75
72 76
73 77
74 77
75 78
76 79
77 80
78 81
79 82
80 83
81 83
82 84
83 85
84 86
85 87
86 87
87 88
88 89
89 90
90 91
91 91
92 92
93 93
94 93
95 94
96 95
97 96
98 96
99 97
100 98
101 98
102 99
103 100
104 100
105 101
106 101
107 102
108 103
109 103
110 104
111 105
112 105
113 106
114 107
115 108
116 108
117 109
118 110
119 111
120 112
121 112
122 113
123 114
124 115
125 116
126 116
127 117
128 118
129 119
130 119
131 120
132 121
133 121
134 122
135 122
136 123
137 123
138 124
139 125
140 125
141 126
142 126
143 127
144 127
145 128
146 128
147 129
148 129
149 130
150 130
151 131
152 131
153 132
154 132
155 132
156 133
157 133
158 134
159 134
160 135
161 135
162 136
163 137
164 137
165 138
166 139
167 140
168 141
169 142
170 143
171 144
171 145
172 146
173 147
174 148
175 149
175 150
176 151
177 152
178 153
178 154
179 155
180 156
181 157
182 158
183 159
184 160
185 160
186 161
187 162
188 162
189 162
190 162
191 162
192 162
193 161
194 161
195 160
196 160
197 159
198 158
199 157
200 156
201 156
202 155
203 154
204 153
205 152
206 151
207 150
208 149
209 148
210 147
211 146
212 145
213 144
214 143
215 142
216 141
217 140
218 139
219 138
220 137
221 137
222 136
223 135
224 134
225 134
226 133
227 132
228 132
229 131
230 131
231 130
232 130
233 129
234 129
235 128
236 128
237 128
238 127
239 127
240 127
241 127
242 127
243 127
244 127
245 127
246 127
247 127
248 127
249 127
250 127
251 127
252 127
253 127
254 127
255 128
256 128
257 128
258 128
259 128
260 129
261 129
262 129
263 129
264 130
265 130
266 130
267 131
268 131
269 131
270 132
271 132
272 132
273 133
274 133
275 133
276 134
277 134
278 135
