8 15
9 16
10 17
11 18
11 19
12 20
13 21
14 22
15 23
15 24
16 25
17 26
18 27
19 28
20 29
21 30
22 31
23 32
24 32
25 33
26 34
27 34
28 35
29 35
30 36
31 36
32 36
33 37
34 37
35 37
36 38
37 38
38 38
39 39
40 39
41 40
42 40
43 41
44 41
45 42
46 43
47 44
48 45
49 46
50 47
51 48
52 49
53 49
54 50
55 51
56 52
57 52
58 53
59 54
60 54
61 55
62 56
63 57
64 57
65 58
66 59
67 60
68 61
69 62
70 62
71 63
72 64
73 65
74 66
75 67
76 67
77 68
78 69
79 70
80 71
81 71
82 72
83 73
84 73
85 74
86 75
87 75
88 76
89 76
90 77
91 77
92 77
93 78
94 78
95 78
96 78
97 79
98 79
99 79
100 79
101 79
102 78
103 78
104 78
105 77
106 77
107 77
108 76
109 76
110 75
111 74
112 74
113 73
114 72
115 72
116 71
117 70
118 69
119 68
120 67
121 66
122 65
123 64
124 63
125 62
126 61
126 60
127 59
128 58
129 57
130 56
131 55
131 54
132 53
133 52
134 51
135 50
136 49
136 48
137 47
138 46
139 46
140 45
141 44
142 44
143 43
144 43
145 43
146 43
147 43
148 43
149 43
150 43
151 44
152 44
153 44
154 45
155 45
156 46
157 46
158 47
159 47
160 48
161 48
162 49
163 49
164 50
165 51
166 51
167 52
168 53
169 53
170 54
171 55
172 55
173 56
174 57
175 57
176 58
177 58
178 59
179 59
180 60
181 60
182 61
183 61
184 62
185 62
186 62
187 63
188 63
189 63
190 63
191 64
192 64
193 64
194 64
195 64
196 64
197 64
198 65
199 65
200 65
201 65
202 65
203 65
204 65
205 65
206 65
207 65
208 65
209 66
210 66
211 67
212 67
213 68
214 68
215 69
216 70
217 70
218 71
219 72
220 73
221 74
222 74
223 75
224 76
225 77
226 77
227 78
228 78
229 79
230 79
231 79
232 79
233 78
234 78
235 78
236 77
237 77
238 77
239 77
240 77
241 76
242 76
243 76
244 75
245 75
246 75
247 74
248 74
249 73
250 73
251 72
252 71
253 71
254 70
255 70
256 69
257 68
258 68
259 67
260 67
261 66
262 65
263 65
264 64
265 64
266 63
267 62
268 62
269 61
270 61
271 60
272 60
273 60
274 59
275 59
276 58
277 58
278 58
279 57
280 57
281 57
282 57
283 56
284 56
285 56
286 56
287 55
288 55
289 55
290 55
291 54
292 54
293 54
294 53
295 53
296 53
297 52
298 52
299 51
300 51
301 51
302 50
303 50
304 49
305 49
306 49
307 48
308 48
309 48
310 48
311 47
312 47
313 47
314 47
315 47
316 47
317 47
318 47
319 47
320 47
321 47
322 46
323 46
324 46
325 45
326 45
327 44
328 44
329 43
330 43
