6 55
7 55
8 56
8 57
9 58
10 59
10 60
11 61
12 62
13 63
13 64
14 65
15 66
15 67
16 68
17 69
18 70
19 71
19 72
20 73
21 74
22 75
23 76
24 77
25 78
26 79
27 80
28 81
29 82
30 83
31 84
32 85
33 86
34 86
35 87
36 88
37 89
38 90
39 91
40 92
41 93
42 94
43 95
44 96
45 97
46 98
47 99
48 100
49 101
50 102
51 103
52 104
53 105
54 106
55 107
56 108
57 109
58 110
59 111
60 112
61 113
62 114
63 115
64 116
65 117
66 117
67 118
68 119
69 119
70 119
71 119
72 120
73 120
74 119
75 119
76 119
77 119
78 118
79 118
80 117
81 117
82 117
83 116
84 116
85 115
86 115
87 114
88 114
89 113
90 113
91 113
92 112
93 112
94 111
95 111
96 111
97 110
98 110
99 110
100 109
101 109
102 109
103 109
104 109
105 109
106 109
107 108
108 108
109 108
110 108
111 109
112 109
113 109
114 109
115 109
116 109
117 109
118 110
119 110
120 110
121 111
122 111
123 111
124 112
125 112
126 113
127 113
128 114
129 114
130 115
131 115
132 116
133 116
134 117
135 117
136 118
137 118
138 119
139 119
140 120
141 120
142 121
143 121
144 122
145 122
146 123
147 123
148 123
149 124
150 124
151 124
152 125
153 125
154 125
155 125
156 126
157 126
158 126
159 126
160 126
161 126
162 126
163 125
164 125
165 125
166 125
167 124
168 124
169 124
170 123
171 123
172 122
173 122
174 121
175 120
176 120
177 119
