17 21
18 22
19 23
20 24
20 25
21 26
21 27
22 28
23 29
23 30
24 31
25 32
25 33
26 34
26 35
27 36
28 37
28 38
29 39
30 40
30 41
31 42
32 43
32 44
33 45
34 46
34 47
35 48
36 49
36 50
37 51
38 52
38 53
39 54
40 55
41 56
41 57
42 58
43 59
44 60
44 61
45 62
46 63
47 64
47 65
48 66
49 67
50 68
51 69
52 70
52 71
53 72
54 73
55 74
56 75
57 76
58 77
59 78
60 79
61 80
62 81
63 82
64 83
65 84
66 85
67 86
68 87
69 88
70 89
71 90
72 90
73 91
74 92
75 93
76 94
77 94
78 95
79 96
80 96
81 97
82 97
83 98
84 99
85 99
86 100
87 100
88 100
89 101
90 101
91 101
92 102
93 102
94 102
95 102
96 102
97 102
98 103
99 103
100 103
101 102
102 102
103 102
104 102
105 102
106 102
107 102
108 102
109 102
110 102
111 102
112 102
113 102
114 102
115 102
116 102
117 103
118 103
119 103
120 103
121 104
122 104
123 104
124 104
125 105
126 105
127 105
128 106
129 106
130 106
131 107
132 107
133 107
134 108
135 108
136 108
137 108
138 109
139 109
140 109
141 110
142 110
143 110
144 111
145 111
146 111
147 112
148 112
149 113
150 113
151 113
152 114
153 114
154 114
155 115
156 115
157 116
158 116
159 116
160 117
161 117
