13 17
14 17
15 18
16 19
17 20
18 21
19 22
20 23
21 23
22 24
23 25
24 26
24 27
25 28
26 29
27 30
28 31
28 32
29 33
30 34
30 35
31 36
32 37
32 38
33 39
33 40
34 41
34 42
35 43
36 44
36 45
37 46
37 47
38 48
39 49
39 50
40 51
41 52
42 53
43 54
44 55
45 55
46 56
47 56
48 56
49 56
50 56
51 56
52 56
53 56
54 56
55 56
56 56
57 56
58 56
59 56
60 56
61 56
62 56
63 56
64 57
65 57
66 57
67 58
68 58
69 58
70 59
71 59
72 60
73 60
74 61
75 61
76 62
77 62
78 63
79 63
80 64
81 64
82 65
83 65
84 66
85 67
86 67
87 68
