30 22
30 23
30 24
31 25
31 26
31 27
32 28
32 29
33 30
33 31
33 32
34 33
34 34
34 35
35 36
35 37
35 38
36 39
36 40
37 41
37 42
37 43
38 44
38 45
38 46
39 47
39 48
40 49
40 50
40 51
41 52
41 53
41 54
42 55
42 56
43 57
43 58
43 59
44 60
44 61
44 62
45 63
45 64
46 65
46 66
46 67
47 68
47 69
48 70
48 71
49 72
49 73
49 74
50 75
50 76
51 77
51 78
52 79
52 80
53 81
53 82
54 83
54 84
55 85
55 86
56 87
56 88
57 89
58 90
58 91
59 92
60 93
61 94
61 95
62 96
63 97
64 98
65 99
66 100
67 101
68 102
69 103
70 104
71 105
72 106
73 106
74 107
75 107
76 107
77 107
78 107
79 107
80 106
81 106
82 106
83 106
84 105
85 105
86 105
87 104
88 104
89 103
90 103
91 103
92 102
93 102
94 101
95 101
96 101
97 100
98 100
99 100
100 99
101 99
102 99
103 99
104 98
105 98
106 98
107 98
108 98
109 98
110 98
111 98
112 97
113 97
114 97
115 97
116 97
117 97
118 97
119 97
120 97
121 97
122 97
123 97
124 97
125 98
126 98
127 98
128 98
129 98
130 98
131 97
132 97
133 97
134 97
135 97
136 97
137 97
138 96
139 96
140 96
141 95
142 95
143 94
144 94
145 94
146 93
147 93
148 93
149 92
150 92
151 92
152 91
153 91
154 91
155 91
156 91
157 90
158 90
159 89
160 89
161 88
162 88
163 87
164 87
165 86
166 86
167 85
168 85
169 84
170 84
171 83
172 83
173 83
174 82
175 82
176 82
177 81
178 81
179 81
180 81
181 81
182 80
183 80
184 80
185 80
186 80
187 80
188 79
189 79
190 79
191 79
192 79
193 79
194 79
195 79
196 78
197 78
198 78
199 78
200 78
201 78
202 78
203 78
204 78
205 78
206 78
207 78
208 78
209 78
210 78
211 78
212 78
213 78
214 78
215 78
216 78
217 78
218 78
219 78
220 79
221 79
222 79
223 79
224 79
225 79
226 79
227 79
228 80
229 80
230 80
231 80
232 80
233 80
234 81
235 81
236 81
237 81
238 81
239 82
240 82
241 82
242 83
243 83
244 83
245 84
246 84
247 85
248 85
249 86
250 86
251 87
252 88
253 89
254 89
255 90
256 91
257 92
258 93
259 94
260 95
261 96
261 97
262 98
263 99
264 100
265 101
266 102
266 103
