46 16
47 17
47 18
48 19
49 20
49 21
50 22
51 23
51 24
52 25
53 26
53 27
54 28
55 29
55 30
56 31
57 32
57 33
58 34
59 35
59 36
60 37
61 38
61 39
62 40
63 41
64 42
64 43
65 44
66 45
66 46
67 47
68 48
68 49
69 50
70 51
70 52
71 53
72 54
73 55
73 56
74 57
75 58
75 59
76 60
77 61
77 62
78 63
79 64
80 65
80 66
81 67
82 68
82 69
83 70
84 71
85 72
85 73
86 74
87 75
88 76
88 77
89 78
90 79
91 80
91 81
92 82
93 83
94 84
95 85
96 86
96 87
97 88
98 89
99 90
100 91
101 92
102 93
103 94
104 95
105 96
106 97
107 98
108 99
109 99
110 100
111 101
112 102
113 102
114 103
115 104
116 104
117 105
118 106
119 106
120 107
121 107
122 108
123 108
124 109
125 109
126 110
127 111
128 111
129 112
130 112
131 113
132 113
133 114
134 114
135 115
136 115
137 116
138 116
139 117
140 118
141 118
142 119
143 120
144 120
145 121
146 122
147 123
148 123
149 124
150 125
151 126
152 126
153 127
154 128
155 128
156 129
157 130
158 130
159 131
160 132
161 132
162 133
163 133
164 134
165 134
166 135
167 135
168 136
169 136
170 136
171 137
172 137
173 137
174 137
175 138
176 138
177 138
178 138
179 138
180 139
181 139
182 139
183 139
184 139
185 140
186 140
187 140
188 140
189 141
190 141
191 142
192 142
193 142
194 143
195 143
196 144
197 145
198 145
199 146
200 146
201 147
202 148
203 149
204 149
205 150
206 151
207 151
208 152
209 153
210 154
211 154
212 155
213 156
214 156
215 157
216 158
217 158
218 159
219 159
220 160
221 160
222 160
223 161
224 161
225 161
226 162
227 162
228 162
229 162
230 163
231 163
232 163
233 163
234 164
