40 54
41 53
42 53
43 52
44 52
45 51
46 51
47 50
48 50
49 50
50 49
51 49
52 48
53 48
54 48
55 48
56 47
57 47
58 47
59 47
60 47
61 47
62 47
63 47
64 47
65 47
66 47
67 47
68 47
69 47
70 47
71 48
72 48
73 48
74 48
75 48
76 49
77 49
78 49
79 49
80 50
81 50
82 50
83 50
84 51
85 51
86 52
87 52
88 52
89 53
90 53
91 54
92 54
93 55
94 55
95 56
96 56
97 57
98 58
99 58
100 59
101 60
102 60
103 61
104 62
105 63
106 63
107 64
108 65
109 66
110 67
111 68
112 69
113 70
114 71
115 72
116 73
117 74
118 75
119 76
120 77
121 78
122 79
123 80
124 81
125 82
126 83
127 84
128 85
129 86
130 87
130 88
131 89
132 90
133 91
134 92
135 93
136 94
137 95
138 96
139 97
139 98
140 99
141 100
142 101
143 102
144 103
145 104
146 105
147 106
148 107
149 108
150 109
151 109
152 110
153 111
154 112
155 113
156 114
157 114
158 115
159 116
160 116
161 117
162 118
163 118
164 119
165 119
166 120
167 120
168 121
169 121
170 122
171 122
172 123
173 123
174 124
175 124
176 125
177 125
178 126
179 126
180 127
181 127
182 128
183 128
184 129
185 129
186 129
187 130
188 130
189 131
190 131
191 132
192 132
193 133
194 134
195 134
196 135
197 135
198 136
199 136
200 137
201 138
202 138
203 139
204 139
205 140
206 141
207 141
208 142
209 143
210 143
211 144
212 145
213 146
214 146
215 147
216 148
217 148
218 149
219 150
220 151
221 151
222 152
223 153
224 154
225 154
226 155
227 156
228 157
229 157
230 158
231 159
232 160
233 160
234 161
235 162
236 163
237 163
238 164
239 165
240 166
241 166
242 167
243 168
244 169
245 169
246 170
247 171
248 171
249 172
250 173
251 174
252 174
253 175
254 176
255 176
256 177
257 177
258 178
259 179
260 179
261 180
262 180
263 181
264 182
265 182
266 183
267 183
268 184
269 184
270 184
271 185
272 185
273 186
274 186
275 186
276 187
277 187
278 187
279 187
280 188
281 188
282 188
283 188
284 188
285 188
286 188
287 188
288 188
289 188
290 188
291 187
292 187
293 187
294 187
295 186
296 186
297 185
298 185
299 184
300 184
301 183
302 183
303 182
304 181
305 181
306 180
307 179
308 178
309 177
310 176
311 175
312 174
313 173
314 172
315 171
316 170
317 169
318 168
319 167
319 166
320 165
321 164
322 163
322 162
323 161
324 160
324 159
325 158
326 157
326 156
327 155
328 154
328 153
329 152
330 151
331 150
331 149
332 148
333 147
333 146
334 145
335 144
336 143
337 142
338 141
339 140
340 139
341 139
342 138
343 138
344 137
345 137
346 137
347 136
348 136
349 136
350 136
351 136
352 136
353 136
354 136
355 137
356 137
357 137
358 137
359 138
360 138
361 138
362 139
363 139
364 139
365 140
366 140
367 141
368 141
369 142
370 142
371 143
372 143
373 144
374 144
375 145
376 146
377 146
378 147
379 147
380 148
381 148
382 149
383 150
384 150
385 151
386 151
387 152
388 153
389 153
390 154
391 154
392 155
393 156
394 156
395 157
396 157
397 158
398 158
399 159
400 159
401 160
402 160
403 161
404 161
405 162
406 162
407 163
408 163
409 163
410 164
411 164
412 164
413 165
414 165
415 165
416 165
417 165
418 166
419 166
420 166
421 166
422 166
423 166
424 166
425 166
426 166
427 167
428 167
429 167
430 167
431 167
432 167
433 166
434 166
435 166
436 166
437 166
438 166
439 166
440 166
441 166
442 166
443 166
444 166
445 166
446 166
447 165
448 165
449 165
450 165
451 165
452 165
453 165
