19 11
20 11
21 12
22 12
23 12
24 12
25 12
26 13
27 13
28 13
29 13
30 13
31 14
32 14
33 14
34 14
35 15
36 15
37 15
38 15
39 16
40 16
41 17
42 17
43 17
44 18
45 18
46 19
47 19
48 20
49 20
50 21
51 21
52 22
53 23
54 23
55 24
56 25
57 25
58 26
59 27
60 28
61 28
62 29
63 30
64 31
65 32
66 33
67 34
68 35
69 36
70 37
71 38
72 39
73 40
74 41
75 42
75 43
76 44
77 45
78 46
78 47
79 48
80 49
80 50
81 51
82 52
82 53
83 54
84 55
84 56
85 57
86 58
86 59
87 60
87 61
88 62
89 63
89 64
90 65
91 66
91 67
92 68
93 69
93 70
94 71
95 72
95 73
96 74
97 75
98 76
98 77
99 78
100 79
101 80
102 81
103 82
104 83
105 84
106 85
107 86
108 87
109 87
110 88
111 88
112 89
113 89
114 89
115 89
116 90
117 90
118 90
119 90
120 90
121 90
122 90
123 90
124 90
125 90
126 90
127 91
128 91
129 91
130 91
131 91
132 91
133 91
134 91
135 91
136 91
137 92
138 92
139 92
140 92
141 92
142 92
143 93
144 93
145 93
146 93
147 94
148 94
149 94
150 94
151 95
152 95
153 95
154 95
155 95
156 96
157 96
158 96
159 96
160 96
161 96
162 96
163 96
164 97
165 97
166 96
167 96
168 96
169 96
170 96
171 96
172 96
173 96
174 96
175 95
176 95
177 95
178 95
179 95
180 94
181 94
182 94
183 94
184 93
185 93
186 93
187 93
188 92
189 92
190 92
191 91
192 91
193 91
194 90
195 90
196 90
197 89
198 89
199 89
200 88
201 88
202 88
203 87
204 87
205 87
206 86
207 86
208 86
209 86
210 85
211 85
212 85
213 85
214 85
215 84
216 84
217 84
218 84
219 84
220 84
221 84
222 84
223 84
224 84
225 84
226 84
227 84
228 84
229 84
230 84
231 84
232 84
233 84
234 85
235 85
236 85
237 85
238 85
239 86
240 86
241 86
242 87
243 87
244 87
245 88
246 88
247 88
248 89
249 89
250 90
251 90
252 91
253 91
254 92
255 92
256 93
257 93
258 94
259 94
260 95
261 95
262 96
263 96
264 97
265 97
266 98
267 99
268 99
269 99
270 100
271 100
272 101
273 101
274 102
275 102
276 103
277 103
278 103
279 104
280 104
281 105
282 105
283 106
284 107
285 107
286 108
287 109
288 109
289 110
290 111
291 111
292 112
293 113
294 113
295 114
296 115
