12 77
13 78
14 79
15 80
15 81
16 82
17 83
18 84
19 85
20 86
21 87
22 88
23 89
24 90
25 91
26 92
27 93
28 94
29 95
30 96
31 97
32 97
33 98
34 99
35 100
36 101
37 102
38 103
39 103
40 104
41 105
42 105
43 106
44 107
45 107
46 108
47 108
48 109
49 109
50 109
51 110
52 110
53 110
54 110
55 110
56 110
57 110
58 110
59 110
60 109
61 109
62 109
63 108
64 108
65 107
66 107
67 106
68 106
69 106
70 105
71 105
72 104
73 104
74 103
75 103
76 103
77 102
78 102
79 102
80 101
81 101
82 101
83 101
84 100
85 100
86 100
87 100
88 100
89 100
90 100
91 100
92 100
93 100
94 100
95 100
96 100
97 100
98 100
99 100
100 100
101 100
102 101
103 101
104 101
105 101
106 101
107 101
108 101
109 102
110 102
111 102
112 102
113 102
114 102
115 102
116 102
117 102
118 102
119 102
120 102
121 102
122 102
123 102
124 103
125 103
126 103
127 103
128 103
129 103
130 103
131 103
132 103
133 103
134 103
135 104
136 104
137 104
138 104
139 104
140 105
141 105
142 105
143 105
144 106
145 106
146 106
147 106
148 107
149 107
150 107
151 108
152 108
153 108
154 109
155 109
156 109
157 110
158 110
159 110
160 111
161 111
162 112
163 112
164 112
165 113
166 113
167 114
168 114
169 115
170 115
171 116
172 116
173 116
174 117
175 117
176 118
177 119
178 119
179 120
180 120
181 121
182 121
183 122
184 123
185 123
186 124
187 125
188 126
189 126
190 127
191 128
192 129
193 130
194 131
195 132
196 132
197 133
198 134
199 135
200 136
201 137
202 138
203 139
204 140
205 141
206 141
207 142
208 143
209 143
210 144
211 145
212 145
213 146
214 146
215 146
216 146
217 147
218 147
219 147
220 147
221 146
222 146
223 146
224 145
225 145
226 145
227 144
228 144
229 143
230 143
231 142
232 142
233 141
234 141
235 140
236 140
237 139
238 139
239 138
240 138
241 137
242 137
243 136
244 136
245 135
246 135
247 134
248 134
249 134
250 133
251 133
252 132
253 132
254 132
255 131
256 131
257 130
258 130
259 130
260 130
261 129
262 129
263 129
264 129
265 128
266 128
267 128
268 128
269 128
270 128
271 127
272 127
273 127
274 127
275 127
276 127
277 127
278 127
279 127
280 127
281 127
282 127
283 128
284 128
285 128
286 128
287 128
288 129
289 129
290 129
291 130
292 130
293 131
294 131
295 132
296 133
297 133
298 134
299 135
300 135
301 136
302 137
303 137
304 138
305 139
306 140
307 140
308 141
309 142
310 142
311 143
312 143
313 144
314 144
315 144
316 145
317 145
318 145
319 145
320 145
321 146
322 146
323 146
324 146
325 146
326 145
327 145
328 145
329 145
330 145
331 145
332 145
333 145
334 145
335 145
336 145
337 145
338 145
339 145
340 145
341 145
342 145
343 145
344 145
345 145
346 145
347 145
348 145
349 145
350 145
351 145
352 145
353 145
354 145
355 145
356 145
357 146
358 146
359 146
360 146
361 146
362 146
363 146
364 147
365 147
366 147
367 147
368 147
369 148
370 148
371 148
372 148
373 149
374 149
375 149
376 149
377 150
378 150
379 150
380 151
381 151
382 151
383 151
384 152
385 152
386 152
387 153
388 153
389 153
390 153
391 154
392 154
393 154
394 154
395 155
396 155
397 155
398 155
399 156
400 156
401 156
402 156
403 156
404 156
405 157
406 157
407 157
408 157
409 157
410 157
411 157
412 157
413 157
414 157
415 157
416 157
417 157
418 157
419 157
420 157
421 157
422 157
423 157
424 157
425 157
426 157
427 157
428 157
429 157
430 157
431 157
432 156
433 156
434 156
435 156
436 156
437 156
438 156
439 156
440 156
441 156
442 156
443 155
444 155
445 155
446 155
447 155
448 155
449 155
450 155
451 155
452 155
453 155
454 154
455 154
456 154
457 154
458 154
459 154
460 154
461 153
462 153
463 153
464 153
465 153
466 152
467 152
468 152
469 152
470 151
471 151
472 151
473 151
474 150
475 150
476 150
477 149
478 149
479 148
480 148
481 148
482 147
483 147
484 146
485 146
486 145
487 145
488 144
489 144
490 143
491 143
492 142
493 142
494 141
495 141
496 140
497 139
498 139
499 138
500 138
501 137
502 137
503 136
504 135
505 135
506 134
507 134
508 133
509 133
510 132
511 132
512 131
513 131
514 130
515 130
516 129
517 129
518 128
519 128
520 128
521 127
522 127
523 127
524 126
525 126
526 126
527 126
528 126
529 125
530 125
531 125
532 125
533 125
534 125
535 125
536 125
537 125
538 126
539 126
540 126
541 126
542 126
543 127
544 127
545 127
546 127
547 128
548 128
549 128
550 129
551 129
552 129
553 129
554 130
555 130
556 130
557 131
558 131
559 131
560 131
561 131
562 132
563 132
564 132
565 132
566 133
567 133
568 133
569 133
570 133
571 134
572 134
573 134
574 135
575 135
576 135
577 135
578 136
579 136
580 136
581 137
582 137
583 138
584 138
585 138
586 139
587 139
588 140
589 140
