41 7
42 7
43 8
44 8
45 9
46 10
47 11
48 11
49 12
50 13
51 13
52 14
53 15
54 15
55 16
56 17
57 18
58 18
59 19
60 20
61 21
62 21
63 22
64 23
65 24
66 24
67 25
68 26
69 27
70 28
71 28
72 29
73 30
74 31
75 32
76 33
77 34
78 34
79 35
80 36
81 37
82 38
83 39
84 40
85 41
86 42
87 43
88 44
89 45
90 46
91 47
92 48
93 49
94 50
95 51
96 52
97 53
98 54
99 55
100 56
100 57
101 58
102 59
103 60
104 61
105 62
106 63
107 64
108 65
108 66
109 67
110 68
111 69
112 70
113 71
114 72
115 73
116 74
116 75
117 76
118 77
119 78
120 79
121 80
122 81
122 82
123 83
124 84
125 85
126 86
127 87
128 88
128 89
129 90
130 91
131 92
132 93
133 94
133 95
134 96
135 97
136 98
137 99
138 100
138 101
139 102
140 103
141 104
142 105
142 106
143 107
144 108
145 109
146 110
146 111
147 112
148 113
149 114
150 115
151 116
151 117
152 118
153 119
154 120
155 121
156 122
157 123
158 124
159 125
160 126
161 127
162 128
163 129
164 130
165 131
166 131
167 132
168 133
169 133
170 134
171 135
172 135
173 136
174 136
175 136
176 137
177 137
178 137
179 138
180 138
181 138
182 138
183 139
184 139
185 139
186 139
187 139
188 139
189 139
190 139
191 139
192 139
193 139
194 138
195 138
196 138
197 138
198 138
199 137
200 137
201 137
202 136
203 136
204 136
205 135
206 135
207 134
208 134
209 133
210 133
211 132
212 132
213 131
214 130
215 130
216 129
217 128
218 128
219 127
220 126
221 125
222 125
223 124
224 123
225 122
226 122
227 121
228 120
229 119
230 119
231 118
232 117
233 116
234 115
235 115
236 114
237 113
238 112
239 112
240 111
241 110
242 110
243 109
244 108
245 108
246 107
247 107
248 106
249 106
250 106
251 105
252 105
253 105
254 104
255 104
256 104
257 104
258 104
259 104
260 105
261 105
262 105
263 105
264 106
265 106
266 107
267 108
268 108
269 109
270 109
271 110
272 111
273 112
274 112
275 113
276 114
277 114
278 115
279 116
280 116
281 117
282 118
283 119
284 119
285 120
286 121
287 122
288 123
289 123
290 124
291 125
292 126
293 127
294 128
294 129
295 130
296 131
297 132
298 133
299 134
300 135
301 136
302 137
302 138
303 139
304 140
305 141
306 142
307 143
308 144
309 144
310 145
311 146
312 147
313 147
314 148
315 149
316 149
317 149
318 150
319 150
320 150
321 151
322 151
323 151
324 151
325 151
326 150
327 150
328 150
329 150
330 149
331 149
332 149
333 148
334 148
335 147
336 147
337 147
338 146
339 146
340 145
341 145
342 145
343 144
344 144
345 144
346 143
347 143
348 143
349 143
350 143
351 143
352 142
353 142
354 142
355 142
356 142
357 142
358 142
359 142
360 143
361 143
362 143
363 143
364 143
365 143
366 143
367 144
368 144
369 144
370 144
371 145
372 145
373 145
374 145
375 146
376 146
377 146
378 146
379 147
380 147
381 147
382 147
383 148
384 148
385 148
386 148
387 149
388 149
389 149
390 149
391 149
392 150
393 150
394 150
395 150
396 150
397 150
398 150
399 150
400 150
401 150
402 150
403 150
404 150
405 150
406 150
407 150
408 150
409 150
410 150
411 150
412 150
413 149
414 149
415 149
416 149
417 149
418 149
419 149
420 149
421 149
422 148
423 148
424 148
425 148
426 148
427 148
428 148
429 148
430 148
431 148
432 148
433 148
434 148
435 148
436 148
437 148
438 148
439 149
440 149
441 149
442 149
443 149
444 150
445 150
446 150
447 151
448 151
449 151
450 152
451 152
452 153
453 153
454 154
455 154
456 155
457 155
458 156
459 157
460 157
461 158
462 158
463 159
464 160
465 160
466 161
467 162
468 163
469 163
470 164
471 165
472 166
473 166
474 167
475 168
476 169
477 170
478 170
479 171
480 172
481 173
482 174
483 174
484 175
485 176
486 176
487 177
488 178
489 179
490 179
491 180
492 180
493 181
494 181
495 182
496 182
497 183
498 183
499 183
500 184
501 184
502 184
503 185
504 185
505 185
506 185
507 185
508 185
509 186
510 186
511 186
512 186
513 186
514 186
515 186
516 186
517 186
518 186
519 186
520 186
521 186
522 186
523 187
524 187
525 187
526 187
527 187
528 187
529 187
530 187
531 187
532 187
533 187
534 187
535 187
536 187
537 187
538 187
539 187
540 188
541 188
542 188
543 188
544 188
545 188
546 188
547 188
548 188
549 189
550 189
551 189
552 189
553 189
554 189
555 190
556 190
557 190
558 190
559 191
560 191
561 191
562 191
563 191
564 192
565 192
566 192
567 193
568 193
569 193
570 193
571 194
572 194
573 194
574 195
