23 41
24 42
25 43
26 44
27 45
28 46
28 47
29 48
30 49
31 50
32 51
33 52
33 53
34 54
35 55
36 56
37 57
38 58
39 59
39 60
40 61
41 62
42 63
43 64
44 65
45 66
46 67
47 68
48 69
49 70
50 71
51 72
52 73
53 73
54 74
55 75
56 76
57 77
58 77
59 78
60 79
61 80
62 80
63 81
64 81
65 82
66 83
67 83
68 84
69 84
70 85
71 86
72 86
73 87
74 87
75 88
76 88
77 89
78 89
79 90
80 91
81 91
82 92
83 93
84 94
85 95
86 96
87 97
88 98
89 99
90 100
91 101
91 102
92 103
93 104
94 105
95 106
96 107
97 108
98 109
99 110
100 111
101 112
102 112
103 113
104 113
105 114
106 114
107 114
108 114
109 114
110 113
111 113
112 112
113 112
114 111
115 110
116 109
117 108
118 107
119 106
120 105
121 104
122 103
123 102
124 101
125 100
125 99
126 98
127 97
128 96
129 95
129 94
130 93
131 92
132 91
133 90
133 89
134 88
135 87
136 86
137 85
138 84
139 83
140 82
140 81
141 80
142 79
143 78
144 77
145 76
146 75
147 74
148 73
149 72
150 71
151 70
152 69
153 68
154 67
155 67
156 66
157 65
158 64
159 63
160 62
161 61
162 60
