9 39
10 39
11 40
12 40
13 41
14 41
15 42
16 43
17 43
18 44
19 45
20 45
21 46
22 46
23 47
24 48
25 48
26 49
27 49
28 50
29 50
30 51
31 51
32 52
33 52
34 52
35 53
36 53
37 54
38 54
39 54
40 55
41 55
42 56
43 56
44 56
45 57
46 57
47 58
48 58
49 58
50 59
51 59
52 60
53 61
54 61
55 62
56 63
57 63
58 64
59 65
60 66
61 67
62 68
62 69
63 70
64 71
65 72
65 73
66 74
67 75
67 76
68 77
69 78
69 79
70 80
70 81
71 82
71 83
72 84
72 85
73 86
73 87
74 88
74 89
75 90
75 91
76 92
76 93
77 94
77 95
78 96
78 97
79 98
79 99
80 100
80 101
81 102
81 103
82 104
82 105
83 106
83 107
84 108
84 109
85 110
85 111
86 112
86 113
87 114
87 115
88 116
88 117
89 118
89 119
90 120
90 121
91 122
91 123
92 124
92 125
93 126
94 127
94 128
95 129
95 130
96 131
97 132
97 133
98 134
99 135
99 136
100 137
101 138
102 139
103 140
103 141
104 142
105 143
106 144
107 145
108 145
109 146
110 147
111 148
112 148
113 149
114 149
115 150
116 150
117 150
118 151
119 151
120 151
121 151
122 151
123 151
124 151
125 150
126 150
127 149
128 149
129 148
130 147
131 147
132 146
133 145
134 144
134 143
135 142
136 141
137 140
138 139
138 138
139 137
140 136
141 135
141 134
142 133
143 132
143 131
144 130
145 129
145 128
146 127
147 126
147 125
148 124
149 123
150 122
151 121
151 120
152 119
153 118
154 117
155 116
156 115
157 114
158 113
159 113
160 112
161 111
162 111
163 110
164 110
165 109
166 109
167 109
168 108
169 108
170 108
171 107
172 107
173 107
174 107
175 107
176 106
177 106
178 106
179 106
180 106
181 106
182 106
183 106
184 106
185 107
186 107
187 107
188 107
189 107
190 107
191 108
192 108
193 108
194 109
195 109
196 109
197 110
198 110
199 110
200 111
201 111
202 112
203 112
204 113
205 113
206 114
207 114
208 115
209 115
210 116
211 116
212 117
213 117
214 118
215 118
216 119
217 119
218 120
219 120
220 121
221 122
222 122
223 123
224 123
225 124
226 124
227 125
228 125
229 125
230 126
231 126
232 127
233 127
234 127
235 128
236 128
237 128
238 129
239 129
240 129
241 129
242 129
243 130
244 130
245 130
246 130
247 130
248 130
249 130
250 129
251 129
252 129
253 129
254 129
255 128
256 128
257 128
258 128
259 127
260 127
261 127
262 126
263 126
264 126
265 125
266 125
267 125
268 124
269 124
270 124
271 124
272 123
273 123
274 123
275 123
276 122
277 122
278 122
279 121
280 121
281 121
282 121
283 120
284 120
285 120
286 120
287 119
288 119
289 119
290 118
291 118
292 118
293 117
294 117
295 116
296 116
297 115
298 115
299 114
300 114
301 113
302 113
303 113
304 112
305 112
306 111
307 111
308 111
309 110
310 110
311 110
312 110
313 110
314 110
315 110
316 110
317 110
318 111
319 111
320 111
321 111
322 112
323 112
324 112
325 112
326 112
327 112
328 112
329 112
330 112
331 112
332 112
333 112
334 112
335 112
336 111
337 111
338 111
339 111
340 110
341 110
342 110
343 109
344 109
345 109
346 108
347 108
348 107
349 107
350 107
351 106
352 106
353 106
354 105
355 105
356 105
357 105
358 104
359 104
360 104
361 104
362 104
363 104
364 104
365 104
366 104
367 104
368 104
369 104
370 104
371 104
372 104
373 104
374 104
375 104
376 105
377 105
378 105
379 105
380 105
381 105
382 105
383 105
384 105
385 105
386 105
387 104
388 104
389 104
390 103
391 103
392 103
393 102
394 102
395 101
396 100
397 100
398 99
399 98
400 97
401 97
402 96
403 95
404 94
405 93
406 92
407 92
408 91
409 90
410 89
411 88
412 87
413 86
414 86
415 85
416 84
417 83
418 82
419 82
420 81
421 80
422 80
423 79
424 78
425 78
426 77
427 77
428 76
429 76
430 75
431 75
432 74
433 74
434 74
435 73
436 73
437 73
438 72
439 72
440 72
441 72
442 72
443 71
444 71
445 71
446 71
447 71
448 71
449 71
450 71
451 71
452 71
453 71
454 71
455 72
456 72
457 72
458 72
459 73
460 73
461 73
462 74
463 74
464 75
465 76
466 76
467 77
468 77
469 78
470 79
471 80
472 81
473 81
474 82
475 83
476 84
477 85
478 86
479 87
480 88
481 89
482 90
483 91
484 92
485 93
486 94
487 95
487 96
488 97
489 98
490 99
491 100
492 101
493 102
493 103
494 104
495 105
496 106
496 107
497 108
498 109
499 110
499 111
500 112
501 113
502 114
502 115
503 116
504 117
504 118
505 119
506 120
506 121
507 122
507 123
508 124
509 125
509 126
510 127
510 128
511 129
512 130
512 131
513 132
513 133
514 134
514 135
515 136
516 137
516 138
517 139
517 140
518 141
518 142
519 143
520 144
520 145
521 146
521 147
522 148
523 149
523 150
524 151
525 152
525 153
526 154
527 155
527 156
528 157
529 158
530 159
530 160
531 161
532 162
533 163
533 164
534 165
535 166
536 167
537 168
538 169
539 170
540 171
541 172
542 173
543 174
544 175
545 176
546 177
547 177
548 178
549 179
550 179
551 180
552 181
553 181
554 182
