19 18
20 18
21 19
22 19
23 20
24 21
25 22
26 23
27 23
28 24
29 25
30 25
31 26
32 27
33 27
34 27
35 28
36 28
37 28
38 29
39 29
40 29
41 29
42 29
43 30
44 30
45 30
46 31
47 31
48 32
49 33
50 34
51 35
52 36
53 37
53 38
54 39
55 40
56 41
57 42
57 43
58 44
59 45
60 46
61 47
62 47
63 48
64 49
65 49
66 49
67 50
68 50
69 50
70 50
71 50
72 50
73 50
74 49
75 49
76 48
77 48
78 48
79 47
80 47
81 46
82 46
83 46
84 46
85 46
86 46
87 46
88 46
89 46
90 46
91 47
92 47
93 48
94 48
95 49
96 50
97 51
98 52
99 53
100 54
100 55
101 56
102 57
102 58
103 59
104 60
105 61
105 62
106 63
107 64
108 65
109 66
110 67
111 68
112 69
113 70
114 71
115 71
116 72
117 72
118 72
119 72
120 71
121 70
122 70
123 69
124 68
125 67
126 66
127 65
128 65
129 64
130 64
131 64
132 64
133 65
134 65
135 65
136 66
137 66
138 66
139 67
140 67
141 67
142 68
143 68
144 68
145 68
146 68
147 68
148 68
149 69
150 69
151 69
152 69
153 69
