4 11
5 11
6 12
7 13
8 13
9 14
10 14
11 15
12 16
13 16
14 17
15 17
16 18
17 19
18 19
19 20
20 20
21 21
22 22
23 22
24 23
25 24
26 24
27 25
28 26
29 27
30 27
31 28
32 29
33 30
34 31
35 32
36 33
37 33
38 34
39 35
40 36
41 37
42 38
43 39
44 40
45 41
46 42
47 43
48 43
49 44
50 45
51 46
52 47
53 48
54 48
55 49
56 50
57 51
58 51
59 52
60 52
61 53
62 53
63 54
64 54
65 55
66 55
67 55
68 55
69 55
70 56
71 56
72 56
73 56
74 56
75 56
76 56
77 56
78 56
79 56
80 57
81 57
82 57
83 57
84 57
85 58
86 58
87 58
88 59
89 59
90 60
91 61
92 62
93 63
94 63
95 64
96 65
97 66
98 67
99 68
100 69
101 70
102 71
103 72
104 73
105 74
106 74
107 75
108 76
109 76
110 77
111 78
112 78
113 79
114 80
115 80
116 81
117 81
118 82
119 82
120 82
121 83
122 83
123 83
124 83
125 83
126 82
127 82
128 82
129 82
130 81
131 81
132 81
133 81
134 81
135 81
136 81
137 81
138 81
139 81
140 81
141 81
142 81
143 81
144 81
145 81
146 81
147 81
148 81
149 81
150 82
151 82
152 82
153 82
154 82
155 82
156 82
157 81
158 81
159 81
160 81
161 81
162 81
163 80
164 80
165 80
166 80
167 79
168 79
169 78
170 78
171 77
172 77
173 76
174 76
175 75
176 75
177 74
178 74
179 73
180 73
181 72
182 72
183 71
184 71
185 70
186 70
187 70
188 69
189 69
190 68
191 68
192 68
193 67
194 67
195 66
196 66
197 66
198 65
199 65
200 65
201 64
202 64
203 64
204 64
205 63
206 63
207 63
208 62
209 62
