16 82
17 82
18 81
19 81
20 81
21 81
22 81
23 81
24 80
25 80
26 80
27 80
28 80
29 80
30 80
31 80
32 79
33 79
34 79
35 79
36 79
37 79
38 79
39 79
40 78
41 78
42 78
43 78
44 78
45 78
46 78
47 78
48 78
49 78
50 78
51 78
52 78
53 78
54 78
55 78
56 78
57 78
58 78
59 78
60 78
61 78
62 78
63 78
64 78
65 78
66 78
67 78
68 78
69 78
70 78
71 79
72 79
73 79
74 79
75 79
76 79
77 79
78 80
79 80
80 80
81 80
82 80
83 81
84 81
85 81
86 81
87 82
88 82
89 82
90 82
91 83
92 83
93 83
94 84
95 84
96 85
97 85
98 85
99 86
100 86
101 87
102 87
103 88
104 89
105 89
106 90
107 91
108 91
109 92
110 93
111 94
112 94
113 95
114 96
115 97
116 98
117 99
118 100
119 101
120 102
121 103
122 104
123 105
124 106
125 107
126 107
127 108
128 109
129 110
130 111
131 112
132 113
133 114
134 115
135 115
136 116
137 117
138 118
139 119
140 119
141 120
142 121
143 122
144 122
145 123
146 124
147 124
148 125
149 126
150 126
151 127
152 128
153 128
154 129
155 130
156 130
157 131
158 131
159 132
160 132
161 133
162 134
163 134
164 135
165 135
166 136
167 136
168 137
169 138
170 138
171 139
172 139
173 140
174 141
175 141
176 142
177 143
178 143
179 144
180 145
181 146
182 146
183 147
184 148
185 149
186 150
187 151
188 152
189 152
190 153
191 154
192 155
193 156
194 157
194 158
195 159
196 160
197 161
198 162
199 163
200 164
201 165
202 166
203 167
204 168
205 169
205 170
206 171
207 172
208 173
209 174
210 175
211 176
212 177
213 178
214 179
214 180
215 181
216 182
217 183
218 184
219 185
220 185
221 186
222 187
223 188
224 189
225 190
226 191
227 191
228 192
229 193
230 194
231 194
232 195
233 195
234 196
235 197
236 197
237 198
238 198
239 199
240 199
241 199
242 200
243 200
244 200
245 201
246 201
247 201
248 202
249 202
250 202
251 202
252 203
253 203
254 203
255 203
256 203
257 203
258 203
259 203
260 203
261 203
262 203
263 203
264 203
265 203
266 203
267 203
268 203
269 203
270 203
271 203
272 203
273 203
274 202
275 202
276 202
277 202
278 202
279 202
280 201
281 201
282 201
283 201
284 201
285 200
286 200
287 200
288 200
289 199
290 199
291 199
292 199
293 198
294 198
295 198
296 198
297 197
298 197
299 197
300 197
301 196
302 196
