18 11
19 12
20 13
21 14
22 14
23 15
24 16
25 17
26 18
27 19
28 19
29 20
30 21
31 22
32 23
33 23
34 24
35 25
36 26
37 27
38 27
39 28
40 29
41 30
42 30
43 31
44 32
45 32
46 33
47 34
48 34
49 35
50 36
51 36
52 37
53 38
54 38
55 39
56 39
57 40
58 40
59 41
60 41
61 42
62 42
63 43
64 43
65 44
66 44
67 45
68 45
69 46
70 46
71 46
72 47
73 47
74 48
75 48
76 49
77 49
78 50
79 51
80 51
81 52
82 52
83 53
84 54
85 54
86 55
87 56
88 56
89 57
90 58
91 59
92 59
93 60
94 61
95 62
96 63
97 64
98 64
99 65
100 66
101 67
102 68
103 69
104 70
105 71
106 72
106 73
107 74
108 75
109 76
110 77
111 78
112 79
113 80
114 81
115 82
115 83
116 84
117 85
118 86
119 87
120 88
121 89
121 90
122 91
123 92
124 93
125 94
126 95
126 96
127 97
128 98
129 99
130 100
131 101
132 102
132 103
133 104
134 105
135 106
136 107
137 108
137 109
138 110
139 111
140 112
141 113
142 114
143 115
144 116
144 117
145 118
146 119
147 120
148 121
149 122
150 123
151 124
152 125
153 126
154 127
154 128
155 129
156 130
157 131
158 132
159 133
160 134
161 135
162 136
163 137
164 138
165 139
166 140
167 141
168 142
169 143
170 144
171 145
172 146
173 147
174 148
175 149
176 150
177 151
178 152
179 153
180 154
181 154
182 155
183 156
184 157
185 158
186 159
187 160
188 161
189 162
190 163
191 163
192 164
193 165
194 166
195 167
196 168
197 169
198 170
199 171
200 172
200 173
201 174
202 175
203 176
204 177
205 178
206 179
207 180
208 181
209 182
210 183
210 184
211 185
212 186
213 187
214 188
215 189
216 190
217 191
218 192
219 192
220 193
221 194
222 195
223 196
224 197
225 197
226 198
227 199
228 199
229 200
230 200
231 201
232 201
233 202
234 202
235 202
236 203
237 203
238 203
239 203
240 204
241 204
242 204
243 204
244 204
245 204
246 204
247 204
248 204
249 204
250 204
251 204
252 204
253 204
254 204
255 203
256 203
257 203
258 203
259 203
260 202
261 202
262 202
263 202
264 201
265 201
266 201
267 200
268 200
269 200
270 199
271 199
272 198
273 198
274 197
275 197
276 197
277 196
278 196
279 195
280 195
281 194
282 194
283 193
284 192
285 192
286 191
287 191
288 190
289 190
290 189
291 188
292 188
293 187
294 186
295 186
296 185
297 184
298 184
299 183
300 182
301 182
302 181
303 180
304 179
305 179
306 178
307 177
308 176
309 176
310 175
311 174
312 173
313 172
314 172
315 171
316 170
317 169
318 168
319 168
320 167
321 166
322 165
323 164
324 163
325 163
326 162
327 161
328 160
329 159
330 158
331 157
332 157
333 156
334 155
335 154
336 153
337 152
338 152
339 151
340 150
341 149
342 148
343 148
344 147
345 146
346 145
347 144
348 144
349 143
350 142
351 141
352 141
353 140
354 139
355 139
356 138
357 137
358 136
359 136
360 135
361 135
362 134
363 133
364 133
365 132
366 132
367 131
368 131
369 130
370 130
371 129
372 129
373 129
374 128
375 128
376 128
377 127
378 127
379 127
380 127
381 127
382 126
383 126
384 126
385 126
386 126
387 126
388 126
389 126
390 126
391 127
392 127
393 127
394 127
395 127
396 128
397 128
398 128
399 129
400 129
401 129
402 130
403 130
404 130
405 131
406 131
407 132
408 132
409 132
410 133
411 133
412 134
413 134
414 134
415 135
416 135
417 136
418 136
419 136
420 137
421 137
422 138
423 138
424 138
425 139
426 139
427 140
428 140
429 140
430 141
431 141
432 142
433 142
434 142
435 143
436 143
437 144
438 144
439 144
440 145
441 145
442 145
443 146
444 146
445 147
446 147
447 147
448 148
449 148
450 148
451 149
452 149
453 150
454 150
455 150
456 151
457 151
458 151
459 152
460 152
461 152
462 153
463 153
464 153
465 154
466 154
467 154
468 155
469 155
470 155
471 156
472 156
473 156
474 157
475 157
476 157
477 158
478 158
479 158
480 159
481 159
482 159
483 159
484 160
485 160
486 160
487 161
488 161
489 161
490 161
491 162
492 162
493 162
494 163
495 163
496 163
497 163
498 164
499 164
500 164
501 164
502 165
503 165
504 165
505 165
506 166
507 166
508 166
509 166
510 167
511 167
512 167
513 167
514 168
515 168
516 168
517 169
