32 43
33 44
34 45
35 46
35 47
36 48
37 49
38 50
38 51
39 52
40 53
41 54
41 55
42 56
43 57
44 58
44 59
45 60
46 61
47 62
47 63
48 64
49 65
50 66
51 67
52 68
52 69
53 70
54 71
55 72
56 73
57 74
58 75
59 76
60 77
61 78
62 79
63 80
63 81
64 82
65 82
66 83
67 84
68 85
69 86
70 87
71 88
72 89
73 90
74 91
75 92
76 92
77 93
78 94
79 95
80 96
81 96
82 97
83 98
84 99
85 99
86 100
87 101
88 101
89 102
90 103
91 103
92 104
93 105
94 106
95 106
96 107
97 108
98 109
99 110
100 110
101 111
102 112
103 113
104 114
105 115
106 116
107 117
108 118
109 119
110 120
111 121
112 122
113 123
114 124
115 125
116 126
117 126
118 127
119 128
120 129
121 129
122 130
123 131
124 131
125 132
126 132
127 133
128 133
129 133
130 134
131 134
132 134
133 135
134 135
135 135
136 135
137 135
138 135
139 135
140 135
141 135
142 135
143 134
144 134
145 134
146 133
147 133
148 132
149 131
150 131
151 130
152 129
153 128
154 128
155 127
156 126
157 125
158 124
159 123
160 122
161 121
162 121
163 120
164 119
165 118
166 117
167 117
168 116
169 115
170 115
171 114
172 114
173 113
174 113
175 112
176 112
177 112
178 111
179 111
180 111
181 111
182 111
183 111
184 111
185 111
186 111
187 111
188 111
189 111
190 112
191 112
192 112
193 113
194 113
195 114
196 114
197 115
198 115
199 115
200 116
201 116
202 116
203 116
204 116
205 116
206 116
207 116
208 116
209 116
210 115
211 115
212 115
213 115
214 115
215 114
216 114
217 114
218 114
219 114
220 114
221 114
222 114
223 114
224 114
225 114
226 114
227 114
228 114
229 114
230 114
231 114
232 114
233 114
234 114
235 114
236 114
237 114
238 114
239 114
240 114
241 113
242 113
243 113
244 113
245 113
246 113
247 113
248 113
249 112
250 112
251 112
252 112
253 112
254 111
255 111
256 111
257 111
258 111
259 110
260 110
261 110
262 110
263 110
264 110
265 109
266 109
267 109
268 109
269 109
270 109
271 109
272 109
273 109
274 110
275 110
276 110
277 110
278 110
279 111
280 111
281 112
282 112
283 113
284 113
285 114
286 114
287 115
288 115
289 116
290 117
291 117
292 118
293 119
294 120
295 120
296 121
297 122
298 123
299 124
300 125
301 125
302 126
303 127
304 128
305 129
306 130
307 131
308 132
309 133
310 134
310 135
311 136
312 137
313 138
314 139
315 140
315 141
316 142
317 143
318 144
318 145
319 146
320 147
321 148
321 149
322 150
323 151
324 152
325 153
326 154
327 155
328 156
329 156
330 156
331 156
332 156
333 156
334 155
335 154
336 153
337 152
338 151
338 150
339 149
340 148
340 147
341 146
342 145
342 144
343 143
344 142
344 141
345 140
346 139
346 138
347 137
348 136
348 135
349 134
350 133
350 132
351 131
352 130
353 129
353 128
354 127
355 126
356 125
357 124
358 123
358 122
359 121
360 120
361 119
362 119
363 118
364 117
365 116
366 115
367 115
368 114
369 114
370 113
371 113
372 113
373 113
374 113
375 113
376 113
377 113
378 113
379 113
380 113
381 113
382 114
383 114
384 114
385 115
386 115
387 115
388 116
389 116
390 116
391 116
392 117
393 117
394 117
395 117
396 117
397 117
398 117
399 116
400 116
401 116
402 115
403 115
404 114
405 113
406 112
407 111
408 110
409 109
410 108
411 107
412 106
412 105
413 104
414 103
415 102
415 101
416 100
417 99
417 98
418 97
