9 13
10 14
11 15
12 16
12 17
13 18
13 19
14 20
15 21
15 22
16 23
16 24
17 25
18 26
18 27
19 28
19 29
20 30
21 31
21 32
22 33
23 34
23 35
24 36
24 37
25 38
26 39
26 40
27 41
27 42
28 43
29 44
29 45
30 46
31 47
31 48
32 49
32 50
33 51
34 52
34 53
35 54
36 55
36 56
37 57
38 58
38 59
39 60
40 61
40 62
41 63
42 64
42 65
43 66
44 67
44 68
45 69
46 70
46 71
47 72
48 73
48 74
49 75
50 76
51 77
51 78
52 79
53 80
53 81
54 82
55 83
56 84
56 85
57 86
58 87
59 88
59 89
60 90
61 91
62 92
62 93
63 94
64 95
65 96
65 97
66 98
67 99
68 100
68 101
69 102
70 103
71 104
72 105
72 106
73 107
74 108
75 109
76 110
77 111
78 112
78 113
79 114
80 115
81 116
82 117
83 118
84 119
85 120
85 121
86 122
87 123
88 124
89 125
90 126
91 127
92 128
93 129
94 130
95 131
96 132
97 133
98 134
99 135
100 136
101 137
102 138
103 139
104 140
105 141
106 142
107 143
108 144
109 144
110 145
111 146
112 147
113 148
114 149
115 150
116 150
117 151
118 152
119 153
120 154
121 155
122 155
123 156
124 157
125 158
126 158
127 159
128 160
129 161
130 161
131 162
132 163
133 164
134 164
135 165
136 166
137 166
138 167
139 168
140 168
141 169
142 170
143 170
144 171
145 172
146 172
147 173
148 173
149 174
150 174
151 175
152 175
153 176
154 176
155 177
156 177
157 178
158 178
159 179
160 179
161 180
162 180
163 180
164 181
165 181
166 181
167 182
168 182
169 182
170 183
171 183
172 183
173 183
174 184
175 184
176 184
177 184
178 184
179 184
180 185
181 185
182 185
183 185
184 185
185 185
186 185
187 185
188 185
189 185
190 185
191 185
192 185
193 185
194 185
195 185
196 185
197 185
198 185
199 185
200 185
201 185
202 184
203 184
204 184
205 184
206 184
207 184
208 184
209 184
210 184
211 183
212 183
213 183
214 183
215 183
216 183
217 183
218 183
219 183
220 183
221 183
222 183
223 183
224 183
225 183
226 183
227 183
228 184
229 184
230 184
231 185
232 185
233 185
234 186
235 186
236 187
237 187
238 188
239 189
240 189
241 190
242 191
243 191
244 192
245 193
246 193
247 194
248 195
249 196
250 197
251 197
252 198
253 199
254 200
255 200
256 201
257 202
258 202
259 203
260 204
261 205
262 205
263 206
264 207
265 207
266 208
267 208
268 209
269 210
270 210
271 211
272 211
273 212
274 212
275 213
276 213
277 214
278 214
279 214
280 215
281 215
282 215
283 215
284 216
285 216
286 216
287 216
288 216
289 217
290 217
291 217
292 217
293 217
294 217
295 217
296 217
297 217
298 217
299 216
300 216
301 216
302 216
303 216
304 215
305 215
306 215
307 215
308 214
309 214
310 213
311 213
312 213
313 212
314 212
315 211
316 211
317 210
318 210
319 209
320 208
321 208
322 207
323 206
324 206
325 205
326 204
327 203
328 203
329 202
330 201
331 200
332 199
333 198
334 197
335 196
336 196
337 195
338 194
339 193
340 192
341 191
342 190
343 189
343 188
344 187
345 186
346 185
347 184
348 183
349 182
350 181
351 180
351 179
352 178
353 177
354 176
355 175
355 174
356 173
357 172
358 171
359 170
359 169
360 168
361 167
362 166
362 165
363 164
364 163
365 162
365 161
366 160
367 159
367 158
368 157
369 156
370 155
370 154
371 153
372 152
372 151
373 150
374 149
375 148
375 147
376 146
377 145
377 144
378 143
379 142
380 141
381 140
381 139
382 138
383 137
384 136
385 135
386 134
387 133
388 132
389 131
390 130
391 130
392 129
393 129
394 128
395 128
396 128
397 127
398 127
399 127
400 127
401 127
402 127
403 127
404 127
405 128
406 128
407 128
408 129
409 129
410 130
411 130
412 131
413 131
414 132
415 133
416 133
417 134
418 134
419 135
420 136
421 136
422 137
423 138
424 138
425 139
426 140
427 140
428 141
429 142
430 142
431 143
432 144
433 144
434 145
435 146
436 147
437 148
438 148
439 149
440 150
441 151
442 152
443 153
444 154
445 155
445 156
446 157
447 158
448 159
449 160
449 161
450 162
451 163
451 164
452 165
453 166
453 167
454 168
455 169
455 170
456 171
457 172
457 173
458 174
458 175
459 176
459 177
460 178
461 179
461 180
462 181
462 182
463 183
463 184
464 185
465 186
465 187
466 188
466 189
467 190
467 191
468 192
468 193
469 194
470 195
470 196
471 197
471 198
472 199
472 200
473 201
474 202
474 203
475 204
475 205
476 206
477 207
477 208
478 209
479 210
480 211
480 212
481 213
482 214
483 215
484 216
485 217
486 218
487 219
488 220
489 221
490 221
491 222
492 223
493 223
494 224
495 224
496 224
497 225
498 225
499 225
500 225
501 226
502 226
503 226
504 226
505 225
506 225
507 225
508 224
509 224
510 224
511 223
512 223
513 222
514 221
515 221
516 220
517 219
518 218
519 218
520 217
521 216
522 215
523 215
524 214
525 213
526 213
527 212
528 211
529 211
530 210
531 210
532 209
533 209
534 208
535 208
536 208
537 207
538 207
539 206
540 206
541 206
542 205
543 205
544 205
545 204
546 204
547 204
548 203
549 203
550 203
551 202
552 202
553 202
554 202
555 201
556 201
557 201
558 200
559 200
560 200
561 200
562 199
563 199
564 199
565 199
566 198
567 198
568 198
569 197
570 197
571 197
572 196
573 196
574 196
575 195
576 195
577 195
578 194
579 194
580 193
581 193
582 193
583 192
584 192
585 191
586 191
587 190
588 190
589 189
590 189
591 189
592 188
593 188
594 187
595 187
596 186
597 186
598 185
599 185
600 184
601 184
602 183
603 183
604 182
605 182
606 181
607 181
608 180
609 179
610 179
611 178
612 178
613 177
614 177
615 176
616 175
617 175
618 174
619 173
620 173
621 172
622 171
623 170
624 170
625 169
626 168
627 167
628 166
629 165
630 164
631 163
632 162
633 161
634 160
635 159
636 158
637 157
638 156
639 155
640 154
641 153
642 152
643 151
643 150
644 149
645 148
646 147
647 146
648 145
648 144
649 143
650 142
651 141
