25 37
26 38
27 39
28 40
29 41
30 42
31 43
32 44
33 45
34 46
35 47
36 48
37 49
37 50
38 51
39 52
40 53
41 54
42 55
43 56
44 57
45 58
46 59
47 60
48 61
49 62
50 63
51 64
52 65
53 65
54 66
55 67
56 68
57 69
58 70
59 71
60 72
61 72
62 73
63 74
64 75
65 76
66 76
67 77
68 78
69 78
70 79
71 80
72 80
73 81
74 81
75 82
76 83
77 83
78 83
79 84
80 84
81 85
82 85
83 86
84 86
85 86
86 87
87 87
88 87
89 88
90 88
91 88
92 88
93 89
94 89
95 89
96 89
97 89
98 89
99 90
100 90
101 90
102 90
103 90
104 90
105 90
106 90
107 91
108 91
109 91
110 91
111 91
112 91
113 91
114 91
115 92
116 92
117 92
118 92
119 92
120 92
121 92
122 93
123 93
124 93
125 93
126 94
127 94
128 94
129 95
130 95
131 96
132 96
133 97
134 98
135 98
136 99
137 100
138 100
139 101
140 102
141 103
142 104
143 105
144 106
144 107
145 108
146 109
147 110
148 111
148 112
149 113
150 114
150 115
151 116
152 117
152 118
153 119
154 120
154 121
155 122
156 123
156 124
157 125
157 126
158 127
159 128
159 129
160 130
160 131
161 132
161 133
162 134
163 135
163 136
164 137
164 138
165 139
165 140
166 141
166 142
167 143
168 144
168 145
169 146
169 147
170 148
170 149
171 150
172 151
172 152
173 153
173 154
174 155
175 156
175 157
176 158
176 159
177 160
178 161
178 162
179 163
180 164
180 165
181 166
182 167
182 168
183 169
184 170
185 171
186 172
186 173
187 174
188 175
189 176
190 177
191 178
192 179
193 180
194 181
195 182
196 183
197 183
198 184
199 185
200 186
201 187
202 187
203 188
204 189
205 189
206 190
207 191
208 191
209 192
210 192
211 193
212 194
213 194
214 195
215 195
216 196
217 196
218 197
219 197
220 198
221 198
222 199
223 199
224 200
225 200
226 200
227 201
228 201
229 202
230 202
231 202
232 203
233 203
234 203
235 204
236 204
237 204
238 205
239 205
240 205
241 206
242 206
243 206
244 206
245 207
246 207
247 207
248 207
249 207
250 208
251 208
252 208
253 208
254 208
255 208
256 208
257 208
258 209
259 209
260 209
261 209
262 209
263 209
264 209
265 209
266 209
267 209
268 209
269 209
270 209
271 208
272 208
273 208
274 208
275 208
276 208
277 208
278 208
279 208
280 208
281 208
282 208
283 207
284 207
285 207
286 207
287 207
288 207
289 207
290 207
291 207
292 207
293 206
294 206
295 206
296 206
297 206
298 206
299 206
300 206
301 206
302 206
303 205
304 205
305 205
306 205
307 205
308 205
309 205
310 205
311 205
312 205
313 205
314 205
315 205
316 204
317 204
318 204
319 204
320 204
321 204
322 204
323 204
324 204
325 204
326 204
327 204
328 204
329 204
330 204
331 204
332 204
333 204
334 204
335 203
336 203
337 203
338 203
339 203
340 203
341 203
342 203
343 203
344 202
345 202
346 202
347 202
348 202
349 202
350 202
351 201
352 201
353 201
354 201
355 201
356 200
357 200
358 200
359 200
360 199
361 199
362 199
363 198
364 198
365 198
366 197
367 197
368 197
369 196
370 196
371 196
372 195
373 195
374 195
375 194
376 194
377 193
378 193
379 193
380 192
381 192
382 191
383 191
384 190
385 190
386 189
387 189
388 189
389 188
390 188
391 187
392 187
393 186
394 186
395 185
396 185
397 184
398 184
399 183
400 183
401 182
402 182
403 181
404 181
405 180
406 180
407 179
408 179
409 179
410 178
411 178
412 177
413 177
414 176
415 176
416 176
417 175
418 175
419 175
420 174
421 174
422 174
423 174
424 173
425 173
426 173
427 173
428 173
429 173
430 173
431 173
432 173
433 173
434 173
435 173
436 173
437 173
438 174
439 174
440 174
441 175
442 175
443 175
444 176
445 176
446 176
447 177
448 177
449 178
450 178
451 179
452 179
453 180
454 181
455 181
456 182
457 182
458 183
459 183
460 184
461 185
462 185
463 186
464 187
465 187
466 188
467 189
468 189
469 190
470 190
471 191
472 192
473 192
474 193
475 193
476 194
477 194
478 195
479 195
480 196
481 197
482 197
483 198
484 198
485 199
486 199
487 199
488 200
489 200
490 201
491 201
492 201
493 202
494 202
495 202
496 202
497 202
498 203
499 203
500 203
501 203
502 203
503 203
504 203
505 202
506 202
507 202
508 202
509 201
510 201
511 201
512 200
513 199
514 199
515 198
516 198
517 197
518 196
519 195
520 195
521 194
522 193
523 192
524 192
525 191
526 190
527 190
528 189
529 188
530 188
531 188
532 187
533 187
534 187
535 187
536 187
537 187
538 187
539 187
540 187
541 188
542 188
543 188
544 189
545 189
546 190
547 191
548 191
549 192
550 193
551 193
552 194
553 195
554 196
555 197
556 198
557 199
558 199
559 200
560 201
561 202
562 203
563 204
564 205
565 206
566 207
567 208
568 209
568 210
569 211
