17 35
18 35
19 36
20 37
21 37
22 38
23 39
24 40
25 40
26 41
27 42
28 43
29 43
30 44
31 44
32 45
33 46
34 46
35 47
36 47
37 47
38 48
39 48
40 49
41 49
42 50
43 51
44 52
45 52
46 53
47 54
48 55
49 56
49 57
50 58
51 59
52 60
53 61
53 62
54 63
55 64
55 65
56 66
57 67
58 68
59 69
60 69
61 70
62 70
63 69
64 68
65 67
66 66
66 65
67 64
68 63
68 62
69 61
70 60
70 59
71 58
72 57
72 56
73 55
74 54
75 53
76 53
77 52
78 52
79 52
80 51
81 51
82 51
83 51
84 51
85 51
86 50
87 50
88 49
89 49
90 49
91 48
92 48
93 48
94 49
95 49
96 49
97 50
98 51
99 51
100 52
101 53
102 54
102 55
103 56
104 57
105 58
106 59
107 60
108 61
109 62
110 63
111 64
112 64
113 65
114 65
115 65
116 65
117 65
118 65
119 65
120 65
121 64
122 64
123 63
124 63
125 62
126 62
127 61
128 60
129 60
130 59
131 59
132 58
133 57
134 57
135 56
136 56
137 55
138 55
139 54
140 54
141 54
142 53
143 53
144 53
145 53
146 53
147 53
148 53
149 53
150 53
151 53
152 53
153 53
154 53
155 53
156 53
157 53
158 53
159 53
160 53
161 53
162 53
163 54
164 54
165 54
166 54
167 55
168 55
169 55
170 56
171 56
172 57
173 57
174 58
175 58
176 58
177 59
178 59
179 60
180 60
181 60
182 61
183 61
184 61
185 61
186 62
187 62
188 62
189 62
190 62
191 63
192 63
193 63
194 63
195 64
196 64
197 64
198 65
199 65
200 66
201 67
202 68
203 69
204 69
205 70
205 71
206 72
207 73
208 74
209 75
210 76
211 76
212 77
213 78
214 79
215 79
216 80
217 81
218 81
219 82
220 82
221 82
222 83
223 83
224 83
225 83
226 83
227 84
228 84
229 84
230 84
231 84
232 84
233 84
234 85
235 85
236 85
237 86
238 86
239 87
240 88
241 88
242 89
243 90
244 91
245 92
246 93
247 94
248 95
249 96
250 97
251 97
252 98
253 99
254 100
255 101
256 102
257 103
258 103
