10 2
11 2
12 2
13 3
14 4
15 4
16 5
17 5
18 6
19 7
20 8
21 8
22 9
23 10
24 11
25 12
26 13
27 14
28 15
29 16
30 17
31 18
31 19
32 20
33 21
34 22
34 23
35 24
36 25
36 26
37 27
38 28
38 29
39 30
39 31
40 32
41 33
41 34
42 35
42 36
43 37
43 38
44 39
44 40
45 41
45 42
46 43
46 44
47 45
47 46
48 47
48 48
49 49
49 50
50 51
50 52
51 53
51 54
52 55
52 56
53 57
53 58
54 59
54 60
55 61
55 62
56 63
56 64
57 65
58 66
58 67
59 68
59 69
60 70
61 71
62 72
63 73
63 74
64 75
65 76
66 77
67 77
68 78
69 79
70 79
71 79
72 79
73 78
74 77
75 76
76 75
77 74
77 73
78 72
79 71
79 70
80 69
81 68
81 67
82 66
83 66
84 65
85 65
86 64
87 64
88 64
89 65
90 65
91 65
92 66
93 66
94 66
95 66
96 66
97 66
98 66
99 66
100 66
101 66
102 66
103 66
104 66
105 65
106 65
107 65
108 65
109 64
110 64
111 64
112 64
113 63
114 63
115 63
116 63
117 63
118 63
119 63
120 63
121 63
122 64
123 64
124 64
125 65
126 65
127 66
128 67
129 68
130 68
131 69
132 70
133 71
134 72
134 73
135 74
136 75
137 76
138 77
139 78
139 79
140 80
141 81
142 82
143 83
143 84
144 85
145 86
146 87
147 88
148 89
149 90
150 91
151 91
152 92
153 92
154 93
155 93
156 93
157 92
158 92
159 91
160 91
161 90
162 89
163 88
164 88
165 87
166 86
167 85
168 84
169 83
170 83
171 82
172 81
173 80
174 79
175 79
176 78
177 77
178 76
179 76
180 75
181 74
182 74
183 73
184 73
185 72
186 72
187 71
188 71
189 70
190 70
191 69
192 69
193 68
194 68
