15 80
16 81
17 82
17 83
18 84
19 85
19 86
20 87
20 88
21 89
22 90
22 91
23 92
24 93
24 94
25 95
26 96
26 97
27 98
28 99
29 100
30 101
31 102
32 103
33 103
34 104
35 105
36 105
37 106
38 106
39 106
40 107
41 107
42 107
43 108
44 108
45 108
46 109
47 109
48 109
49 109
50 110
51 110
52 110
53 110
54 110
55 111
56 111
57 111
58 111
59 111
60 111
61 112
62 112
63 112
64 112
65 112
66 112
67 113
68 113
69 113
70 113
71 113
72 113
73 114
74 114
75 114
76 114
77 114
78 114
79 114
80 114
81 115
82 115
83 115
84 115
85 115
86 115
87 115
88 116
89 116
90 116
91 116
92 117
93 117
94 117
95 118
96 118
97 118
98 119
99 119
100 120
101 120
102 121
103 122
104 122
105 123
106 124
107 124
108 125
109 125
110 126
111 127
112 127
113 128
114 129
115 129
116 130
117 131
118 131
119 132
120 132
121 133
122 134
123 134
124 135
125 135
126 136
127 136
128 137
129 137
130 138
131 139
132 139
133 140
134 140
135 141
136 141
137 142
138 143
139 143
140 144
141 144
142 145
143 146
144 146
145 147
146 148
147 148
148 149
149 150
150 150
151 151
152 152
153 152
154 153
155 154
156 154
157 155
158 155
159 156
160 157
161 157
162 158
163 159
164 159
165 160
166 160
167 161
168 161
169 162
170 163
171 163
172 164
173 164
174 165
175 165
176 166
177 166
178 167
179 167
180 168
181 168
182 168
183 169
184 169
185 170
186 170
187 170
188 171
189 171
190 172
191 172
192 172
193 173
194 173
195 173
196 173
197 174
198 174
199 174
200 174
201 175
202 175
203 175
204 175
205 175
206 176
207 176
208 176
209 176
210 176
211 176
212 176
213 176
214 176
215 176
216 176
217 176
218 176
219 176
220 176
221 176
222 176
223 176
224 176
225 176
226 175
227 175
228 175
229 175
230 174
231 174
232 174
233 173
234 173
235 172
236 172
237 171
238 170
239 169
240 168
241 167
242 166
243 165
244 164
244 163
245 162
246 161
247 160
247 159
248 158
249 157
249 156
250 155
251 154
251 153
252 152
252 151
253 150
254 149
254 148
255 147
255 146
256 145
257 144
257 143
258 142
259 141
259 140
260 139
260 138
261 137
262 136
262 135
263 134
264 133
264 132
265 131
265 130
266 129
267 128
267 127
268 126
269 125
270 124
270 123
271 122
272 121
272 120
273 119
274 118
275 117
276 116
276 115
277 114
278 113
279 112
280 111
281 110
282 109
283 108
284 107
285 106
286 105
287 104
288 103
289 102
290 101
291 101
292 100
293 99
294 98
295 98
296 97
297 96
298 96
299 95
300 95
301 94
302 94
303 93
304 93
305 92
306 92
307 92
308 92
309 91
310 91
311 91
312 91
313 91
314 91
315 91
316 91
317 92
318 92
319 92
320 93
321 93
322 94
323 94
324 95
325 96
326 97
327 98
328 99
328 100
329 101
330 102
331 103
331 104
332 105
332 106
333 107
333 108
334 109
334 110
335 111
335 112
336 113
336 114
337 115
337 116
338 117
338 118
339 119
339 120
340 121
340 122
340 123
341 124
341 125
342 126
342 127
342 128
343 129
343 130
344 131
344 132
344 133
