9 39
10 40
10 41
11 42
11 43
12 44
12 45
12 46
13 47
13 48
13 49
14 50
14 51
15 52
15 53
15 54
16 55
16 56
17 57
17 58
17 59
18 60
18 61
19 62
19 63
19 64
20 65
20 66
21 67
21 68
22 69
22 70
22 71
23 72
23 73
24 74
24 75
25 76
25 77
26 78
26 79
27 80
28 81
28 82
29 83
29 84
30 85
31 86
31 87
32 88
33 89
33 90
34 91
35 92
36 93
37 94
38 95
39 96
40 97
41 98
42 99
43 100
44 101
45 101
46 102
47 103
48 103
49 104
50 104
51 105
52 105
53 105
54 106
55 106
56 106
57 107
58 107
59 107
60 107
61 107
62 107
63 108
64 108
65 108
66 108
67 108
68 108
69 108
70 108
71 108
72 108
73 108
74 109
75 109
76 109
77 109
78 109
79 109
80 109
81 109
82 109
83 110
84 110
85 110
86 110
87 110
88 111
89 111
90 111
91 111
92 112
93 112
94 112
95 112
96 113
97 113
98 113
99 114
100 114
101 114
102 115
103 115
104 116
105 116
106 116
107 117
108 117
109 118
110 118
111 119
112 119
113 120
114 120
115 120
116 121
117 121
118 122
119 122
120 123
121 123
122 124
123 124
124 125
125 125
126 126
127 126
128 127
129 127
130 128
131 129
132 129
133 130
134 130
135 131
136 131
137 132
138 132
139 133
140 134
141 134
142 135
143 135
144 136
145 137
146 137
147 138
148 138
149 139
150 140
151 140
152 141
153 141
154 142
155 143
156 143
157 144
158 144
159 145
160 146
161 146
162 147
163 148
164 148
165 149
166 150
167 150
168 151
169 152
170 152
171 153
172 154
173 154
174 155
175 156
176 157
177 157
178 158
179 158
180 159
181 160
182 160
183 161
184 161
185 162
186 162
187 163
188 163
189 164
190 164
191 164
192 165
193 165
194 165
195 165
196 165
197 165
198 165
199 165
200 166
201 165
202 165
203 165
204 165
205 165
206 165
207 165
208 165
209 165
210 164
211 164
212 164
213 164
214 164
215 163
216 163
217 163
218 163
219 162
220 162
221 162
222 161
223 161
224 160
225 160
226 160
227 159
228 159
229 158
230 158
231 157
232 156
233 156
234 155
235 154
236 153
237 152
238 151
239 150
240 149
241 148
242 147
243 146
244 145
245 144
246 143
246 142
247 141
248 140
249 139
249 138
250 137
251 136
252 135
252 134
253 133
254 132
254 131
255 130
256 129
256 128
257 127
258 126
258 125
259 124
260 123
260 122
261 121
262 120
262 119
263 118
264 117
265 116
265 115
266 114
267 113
268 112
269 111
270 110
271 109
272 108
273 107
274 107
275 106
276 106
277 105
278 105
279 105
280 105
281 105
282 105
283 105
284 105
285 105
286 105
287 105
288 106
289 106
290 107
291 108
292 108
293 109
294 110
295 111
296 112
297 113
298 114
299 115
300 116
301 117
302 118
303 119
303 120
304 121
305 122
306 123
307 124
308 125
309 126
310 127
311 128
312 129
313 130
314 131
315 132
316 133
317 134
318 135
319 136
320 137
321 137
322 138
323 139
324 140
325 141
326 142
327 143
328 144
329 145
330 146
331 146
332 147
333 148
334 149
335 150
336 151
337 151
338 152
339 153
340 153
341 154
342 155
343 155
344 156
345 157
346 157
347 158
348 158
349 159
350 159
351 159
352 160
353 160
354 160
355 161
356 161
357 161
358 162
359 162
360 162
361 162
362 162
363 162
364 162
365 162
366 162
367 163
368 163
369 163
370 163
371 163
372 163
373 163
374 163
375 163
376 163
377 163
378 164
379 164
380 164
381 165
382 166
383 166
384 167
385 168
386 169
387 170
388 171
389 172
389 173
390 174
391 175
392 176
392 177
393 178
394 179
394 180
395 181
396 182
396 183
397 184
398 185
398 186
399 187
400 188
400 189
401 190
401 191
402 192
403 193
403 194
404 195
405 196
405 197
406 198
407 199
407 200
408 201
409 202
409 203
410 204
411 205
412 206
412 207
413 208
414 209
415 210
415 211
416 212
417 213
417 214
