30 51
31 51
32 51
33 50
34 50
35 49
36 49
37 49
38 48
39 48
40 48
41 47
42 47
43 47
44 46
45 46
46 46
47 46
48 46
49 46
50 46
51 46
52 46
53 46
54 46
55 47
56 47
57 48
58 49
59 50
60 51
61 52
61 53
62 54
63 55
64 56
65 57
65 58
66 59
67 60
67 61
68 62
69 63
70 64
70 65
71 66
72 67
73 68
74 69
74 70
75 71
76 72
77 73
78 74
79 75
80 76
81 77
82 78
83 79
84 79
85 80
86 81
87 82
88 82
89 83
90 84
91 84
92 85
93 85
94 86
95 86
96 86
97 87
98 87
99 88
100 88
101 88
102 88
103 89
104 89
105 89
106 89
107 90
108 90
109 90
110 90
111 90
112 90
113 90
114 90
115 91
116 91
117 91
118 91
119 91
120 91
121 91
122 91
123 91
124 90
125 90
126 90
127 90
128 90
129 90
130 90
131 90
132 90
133 89
134 89
135 89
136 89
137 89
138 88
139 88
140 88
141 88
142 87
143 87
144 87
145 86
146 86
147 86
148 85
149 85
150 84
151 84
152 83
153 83
154 82
155 82
156 81
157 80
158 80
159 79
160 78
161 77
162 77
163 76
164 76
165 75
166 74
167 74
168 73
169 73
170 72
171 72
172 72
173 71
174 71
175 71
176 71
177 71
178 71
179 71
180 71
181 71
182 71
183 71
184 72
185 72
186 72
187 73
188 73
189 74
190 74
191 75
192 76
193 76
194 77
195 78
196 79
197 79
198 80
199 81
200 82
201 82
202 83
203 84
204 85
205 85
206 86
207 87
208 87
209 88
210 88
211 89
212 89
213 90
214 90
215 91
216 91
217 92
218 92
219 92
220 92
221 93
222 93
223 93
224 93
225 93
226 93
227 93
228 93
229 93
230 93
231 93
232 92
233 92
234 92
235 92
236 92
237 92
238 91
239 91
240 91
241 91
