7 8
8 8
9 9
10 10
10 11
11 12
12 13
13 14
13 15
14 16
14 17
15 18
15 19
16 20
17 21
17 22
18 23
18 24
19 25
19 26
20 27
20 28
21 29
22 30
22 31
23 32
24 33
24 34
25 35
26 36
27 37
28 38
29 39
30 40
31 41
32 42
33 42
34 43
35 43
36 43
37 44
38 44
39 44
40 44
41 44
42 45
43 45
44 45
45 45
46 45
47 44
48 44
49 44
50 44
51 44
52 44
53 44
54 44
55 44
56 43
57 43
58 43
59 43
60 43
61 43
62 43
63 43
64 43
65 42
66 42
67 42
68 42
69 42
70 42
71 42
72 42
73 43
74 43
75 43
76 43
77 43
78 43
79 43
80 44
81 44
82 44
83 45
84 45
85 46
86 46
87 47
88 47
89 48
90 49
91 49
92 50
93 51
94 51
95 52
96 53
97 54
98 54
99 55
100 56
101 56
102 57
103 58
104 58
105 59
106 59
107 60
108 60
109 60
110 61
111 61
112 62
113 62
114 62
115 63
116 63
117 64
118 64
119 65
120 65
121 66
122 67
123 68
124 69
125 70
125 71
126 72
127 73
128 74
128 75
129 76
130 77
131 78
131 79
132 80
133 81
134 82
135 83
136 84
137 85
138 85
139 86
140 86
141 87
142 87
143 87
144 87
145 87
146 87
147 87
148 87
149 86
150 86
151 86
152 85
153 85
154 84
155 84
156 83
157 82
158 82
159 81
160 80
161 80
162 79
163 78
164 77
165 77
166 76
167 75
168 75
169 74
170 74
171 73
172 73
173 72
174 72
175 71
176 71
177 71
178 71
179 70
180 70
181 70
182 70
183 70
184 70
185 70
186 70
187 70
188 70
189 70
190 70
191 71
192 71
193 71
194 71
195 72
196 72
197 72
198 73
199 73
200 73
201 74
202 74
203 74
204 75
205 75
206 75
207 75
208 76
209 76
210 76
211 76
212 76
213 76
214 76
215 76
216 76
217 76
218 76
219 76
220 76
221 76
222 76
223 76
224 76
225 76
226 76
227 76
228 76
229 76
230 76
231 76
