12 73
13 74
14 75
14 76
15 77
15 78
16 79
17 80
17 81
18 82
19 83
19 84
20 85
21 86
21 87
22 88
23 89
23 90
24 91
25 92
25 93
26 94
27 95
28 96
29 97
29 98
30 99
31 100
32 101
33 102
34 103
35 104
36 105
37 106
38 107
39 108
40 109
41 110
41 111
42 112
43 113
44 114
45 115
45 116
46 117
47 118
48 119
48 120
49 121
50 122
51 123
51 124
52 125
53 126
53 127
54 128
55 129
56 130
56 131
57 132
58 133
59 134
59 135
60 136
61 137
62 138
63 139
63 140
64 141
65 142
66 143
67 144
68 145
69 146
70 147
70 148
71 149
72 150
73 151
74 152
75 153
76 154
77 155
78 156
79 157
80 158
81 159
82 160
82 161
83 162
84 163
85 164
86 165
87 166
88 167
89 168
90 169
91 170
92 171
93 172
94 173
95 174
96 175
97 176
98 177
99 178
100 178
101 179
102 180
103 181
104 181
105 182
106 183
107 183
108 184
109 184
110 184
111 185
112 185
113 186
114 186
115 186
116 186
117 186
118 187
119 187
120 187
121 187
122 187
123 187
124 187
125 187
126 187
127 186
128 186
129 186
130 186
131 186
132 185
133 185
134 185
135 185
136 184
137 184
138 184
139 183
140 183
141 183
142 182
143 182
144 181
145 181
146 180
147 180
148 179
149 179
150 178
151 178
152 177
153 176
154 175
155 175
156 174
157 173
158 172
159 171
160 170
161 169
162 168
163 167
164 166
165 165
166 164
167 163
167 162
168 161
169 160
170 159
171 158
171 157
172 156
173 155
174 154
175 153
175 152
176 151
177 150
178 149
178 148
179 147
180 146
181 145
181 144
182 143
183 142
184 141
184 140
185 139
186 138
186 137
187 136
188 135
189 134
189 133
190 132
191 131
192 130
192 129
193 128
194 127
195 126
196 125
196 124
197 123
198 122
199 121
200 120
200 119
201 118
202 117
203 116
204 115
205 114
206 113
207 112
208 111
209 110
210 109
211 108
212 107
213 106
214 106
215 105
216 104
217 104
218 103
219 102
220 102
221 101
222 101
223 100
224 100
225 100
226 99
227 99
228 99
229 99
230 99
231 99
232 98
233 98
234 98
235 98
236 98
237 98
238 98
239 98
240 98
241 98
242 98
243 98
244 98
245 99
246 99
247 99
248 99
249 99
250 99
251 99
252 99
253 99
254 99
255 100
256 100
257 100
258 100
259 100
260 101
261 101
262 101
263 102
264 102
265 102
266 103
267 103
268 104
269 104
270 105
271 105
272 106
273 106
274 107
275 108
276 108
277 109
278 109
279 110
280 111
281 112
282 112
283 113
284 114
285 115
286 116
287 117
288 118
289 119
290 120
291 121
292 122
293 123
294 124
295 125
296 126
296 127
297 128
298 129
299 130
300 131
300 132
301 133
302 134
303 135
303 136
304 137
305 138
306 139
306 140
307 141
308 142
309 143
309 144
310 145
311 146
311 147
312 148
313 149
314 150
314 151
315 152
316 153
317 154
317 155
318 156
319 157
320 158
320 159
321 160
322 161
323 162
323 163
324 164
325 165
326 166
327 167
328 168
329 169
330 170
331 171
332 172
333 173
334 174
335 175
336 175
337 176
338 176
339 177
340 177
341 178
342 178
343 178
344 178
345 178
346 178
347 178
348 178
349 178
350 178
351 177
352 177
353 177
354 177
355 176
356 176
357 175
358 175
359 175
360 174
361 174
362 173
363 173
364 172
365 172
366 171
367 171
368 170
369 170
370 169
371 169
372 169
373 168
374 167
375 167
376 166
377 166
378 165
379 165
380 164
381 164
382 163
383 163
384 162
385 162
386 161
387 161
388 160
389 160
390 159
391 159
392 158
393 158
394 157
395 157
396 156
397 156
398 155
399 154
400 154
401 153
402 153
403 152
404 152
405 151
406 151
407 150
408 150
409 149
410 149
411 148
412 148
413 147
414 147
415 146
416 146
417 145
418 145
419 144
420 144
421 143
422 143
423 142
424 142
425 141
426 141
427 140
428 140
429 140
430 139
431 139
432 138
433 138
434 137
435 137
436 136
437 136
438 135
439 135
440 135
441 134
442 134
443 134
444 133
445 133
446 133
447 133
448 132
449 132
450 132
451 132
452 132
453 132
454 132
455 132
456 132
457 132
458 132
459 132
460 132
461 132
462 132
463 133
464 133
465 133
466 134
467 134
468 134
469 135
470 135
471 136
472 137
473 137
474 138
475 138
476 139
477 140
478 141
479 142
480 142
481 143
482 144
483 145
484 146
485 147
486 148
487 149
488 149
489 150
490 151
491 152
492 153
493 153
494 154
495 154
496 155
497 155
498 156
499 156
500 157
501 157
502 157
503 158
504 158
505 158
506 158
507 158
508 158
509 158
510 158
511 158
512 158
513 158
514 158
515 157
516 157
517 157
518 157
519 156
520 156
521 156
522 155
523 155
524 154
525 154
526 154
527 153
528 152
529 152
530 151
531 151
532 150
533 149
534 149
535 148
536 147
537 146
538 146
539 145
540 144
541 143
542 142
543 141
544 140
545 139
546 138
546 137
547 136
548 135
549 134
550 133
551 132
551 131
552 130
553 129
553 128
554 127
555 126
556 125
556 124
557 123
558 122
558 121
559 120
560 119
560 118
561 117
562 116
563 115
