13 11
13 12
13 13
13 14
14 15
14 16
14 17
14 18
15 19
15 20
15 21
15 22
15 23
16 24
16 25
16 26
16 27
17 28
17 29
17 30
17 31
18 32
18 33
18 34
18 35
19 36
19 37
19 38
19 39
20 40
20 41
20 42
21 43
21 44
21 45
22 46
22 47
22 48
23 49
23 50
24 51
24 52
25 53
25 54
26 55
26 56
27 57
27 58
28 59
29 60
30 61
31 62
32 62
33 63
34 63
35 64
36 64
37 64
38 64
39 64
40 64
41 64
42 63
43 63
44 63
45 63
46 63
47 62
48 62
49 62
50 62
51 63
52 63
53 63
54 64
55 64
56 65
57 66
58 66
59 67
60 68
61 69
62 70
63 71
64 71
65 72
66 73
67 73
68 74
69 74
70 75
71 76
72 76
73 77
74 77
75 78
76 78
77 79
78 79
79 80
80 81
81 81
82 82
83 82
84 83
85 83
86 84
87 84
88 85
89 85
90 86
91 86
92 87
93 87
94 87
95 88
96 88
97 88
98 88
99 88
100 89
101 89
102 89
103 89
104 89
105 89
106 89
107 89
108 89
109 89
110 89
111 89
112 88
113 88
114 88
115 88
116 88
117 88
118 88
119 88
120 88
121 88
122 88
123 88
124 88
125 88
126 89
127 89
128 90
129 90
130 91
131 91
132 92
133 93
134 93
135 94
136 95
137 95
138 96
139 96
140 97
141 97
142 97
143 97
144 97
145 97
146 96
147 96
148 95
149 94
150 93
151 92
152 91
153 90
154 89
155 88
156 87
157 86
158 85
159 85
160 84
161 83
162 83
163 82
164 82
165 81
166 81
167 80
168 80
169 79
170 78
171 77
172 76
173 75
174 74
175 73
176 72
177 71
178 70
179 69
180 68
181 68
182 67
183 66
184 65
185 65
186 64
187 64
188 63
189 62
190 62
191 62
192 61
193 61
194 60
195 60
196 60
197 59
198 59
199 59
200 59
201 58
202 58
203 58
204 58
205 58
206 58
207 58
208 58
209 58
210 58
211 58
212 59
213 59
214 59
215 59
216 59
217 60
218 60
219 60
220 60
221 61
222 61
223 61
224 61
225 61
226 62
227 62
228 62
229 62
230 63
231 63
232 63
233 63
234 64
235 64
236 65
237 65
238 66
239 67
240 67
241 68
242 68
243 69
244 70
245 70
246 71
247 71
248 72
249 72
250 73
251 73
252 74
253 74
