40 4
41 5
41 6
42 7
42 8
43 9
43 10
44 11
44 12
45 13
46 14
46 15
47 16
47 17
48 18
48 19
49 20
50 21
50 22
51 23
51 24
52 25
52 26
53 27
54 28
54 29
55 30
55 31
56 32
56 33
57 34
58 35
58 36
59 37
59 38
60 39
61 40
61 41
62 42
62 43
63 44
64 45
64 46
65 47
65 48
66 49
67 50
67 51
68 52
69 53
69 54
70 55
71 56
71 57
72 58
73 59
73 60
74 61
75 62
75 63
76 64
77 65
77 66
78 67
79 68
80 69
80 70
81 71
82 72
83 73
83 74
84 75
85 76
86 77
87 78
87 79
88 80
89 81
90 82
91 83
92 84
93 85
94 86
95 87
96 88
97 89
98 90
99 91
100 91
101 92
102 93
103 94
104 94
105 95
106 95
107 96
108 96
109 97
110 97
111 98
112 98
113 99
114 99
115 99
116 99
117 100
118 100
119 100
120 100
121 100
122 101
123 101
124 101
125 101
126 101
127 101
128 101
129 101
130 101
131 101
132 101
133 101
134 101
135 101
136 101
137 100
138 100
139 100
140 100
141 100
142 100
143 100
144 100
145 100
146 100
147 100
148 100
149 99
150 99
151 99
152 99
153 99
154 99
155 99
156 99
157 99
158 99
159 99
160 99
161 99
162 99
163 99
164 99
165 99
166 99
167 99
168 99
169 99
170 99
171 100
172 100
173 100
174 100
175 100
176 100
177 100
178 100
179 101
180 101
181 101
182 101
183 101
184 102
185 102
186 102
187 102
188 102
189 103
190 103
191 103
192 103
193 104
194 104
195 104
196 104
197 105
198 105
199 105
200 105
201 106
202 106
203 106
204 107
205 107
206 107
207 108
208 108
209 108
210 109
211 109
212 109
213 110
214 110
215 110
216 111
217 111
218 111
219 112
220 112
221 113
222 113
223 114
224 114
225 114
226 115
227 115
228 116
229 116
230 117
231 118
232 118
233 119
234 119
235 120
236 120
237 121
238 122
239 122
240 123
241 124
242 125
243 125
244 126
245 127
246 128
247 129
248 130
249 130
250 131
251 132
252 133
253 134
254 135
255 136
256 137
257 138
258 139
258 140
259 141
260 142
261 143
262 144
263 145
264 146
265 147
266 148
267 149
267 150
268 151
269 152
270 153
271 154
272 155
273 156
274 157
275 158
276 159
277 160
277 161
278 162
279 163
280 164
281 165
282 166
283 167
283 168
284 169
285 170
286 171
287 172
288 173
288 174
289 175
290 176
291 177
292 178
292 179
293 180
294 181
295 182
296 183
297 184
297 185
298 186
299 187
300 188
301 189
302 190
303 191
304 192
305 193
306 194
307 194
308 195
309 196
310 196
311 197
312 198
313 198
314 198
315 199
316 199
317 199
318 199
319 199
320 199
321 199
322 198
323 198
324 198
325 197
326 197
327 196
328 195
329 195
330 194
331 193
332 192
333 191
334 191
335 190
336 189
337 188
338 187
339 186
340 185
341 184
342 183
343 182
344 181
345 180
346 179
347 178
348 177
349 176
350 175
351 174
352 173
353 172
354 171
355 170
356 169
357 168
358 167
359 166
360 166
361 165
362 164
363 163
364 163
365 162
366 161
367 161
368 160
369 160
370 159
371 159
372 159
373 158
374 158
375 158
376 158
377 158
378 158
379 158
380 158
381 158
382 158
383 158
384 159
385 159
386 159
387 160
388 160
389 160
390 161
391 161
392 162
393 162
394 163
395 163
396 163
397 164
398 164
399 165
400 165
401 165
402 165
403 166
404 166
405 166
406 167
407 167
408 167
409 167
410 167
411 168
412 168
413 168
414 168
415 168
416 168
417 168
418 168
419 168
420 168
421 168
422 168
423 168
424 168
425 168
426 168
427 168
428 167
429 167
430 167
431 167
432 167
433 166
434 166
435 166
436 166
437 166
438 165
439 165
440 165
441 165
442 164
443 164
444 164
445 164
446 164
447 163
448 163
449 163
450 163
451 163
452 162
453 162
454 162
455 162
456 162
457 162
458 162
459 162
460 161
461 161
462 161
463 161
464 161
465 161
466 161
467 162
468 162
469 162
470 162
471 162
472 162
473 162
474 163
475 163
476 163
477 163
478 164
479 164
480 164
481 164
482 165
483 165
484 165
485 166
486 166
487 167
488 167
489 167
490 168
491 168
492 168
493 169
494 169
495 170
496 170
497 170
498 171
499 171
500 171
501 172
502 172
503 172
504 173
505 173
506 173
507 174
508 174
509 174
510 175
511 175
512 175
513 176
514 176
515 176
516 176
517 177
518 177
519 177
520 177
521 178
522 178
523 178
524 178
525 179
526 179
527 179
528 179
529 179
530 180
531 180
532 180
533 180
534 180
535 180
536 181
537 181
538 181
539 181
540 181
541 181
542 182
543 182
544 182
545 182
546 182
547 182
548 182
549 182
550 183
551 183
552 183
