13 80
14 81
15 82
16 83
16 84
17 85
18 86
18 87
19 88
19 89
20 90
21 91
21 92
22 93
23 94
23 95
24 96
25 97
25 98
26 99
27 100
27 101
28 102
29 103
29 104
30 105
31 106
31 107
32 108
33 109
34 110
34 111
35 112
36 113
36 114
37 115
38 116
39 117
39 118
40 119
41 120
42 121
42 122
43 123
44 124
45 125
46 126
46 127
47 128
48 129
49 130
50 131
51 132
52 133
53 134
54 135
55 136
56 137
57 138
58 139
59 140
60 141
61 142
62 143
63 144
64 145
65 145
66 146
67 147
68 148
69 148
70 149
71 150
72 151
73 151
74 152
75 152
76 153
77 154
78 154
79 155
80 155
81 156
82 156
83 157
84 157
85 157
86 158
87 158
88 158
89 159
90 159
91 159
92 159
93 160
94 160
95 160
96 160
97 160
98 160
99 160
100 161
101 161
102 161
103 161
104 161
105 161
106 161
107 161
108 161
109 161
110 162
111 162
112 162
113 162
114 163
115 163
116 163
117 164
118 164
119 165
120 166
121 166
122 167
123 168
124 169
125 170
126 171
127 172
128 173
129 174
130 175
131 176
132 177
133 178
133 179
134 180
135 181
136 182
137 183
138 184
138 185
139 186
140 187
141 188
142 189
143 190
144 191
145 192
146 193
147 194
148 195
149 196
150 197
151 198
152 199
153 200
154 201
155 202
156 202
157 203
158 204
159 204
160 205
161 206
162 206
163 206
164 207
165 207
166 208
167 208
168 208
169 208
170 208
171 208
172 208
173 208
174 208
175 208
176 208
177 208
178 207
179 207
180 207
181 206
182 206
183 205
184 205
185 204
186 204
187 203
188 202
189 202
190 201
191 200
192 199
193 198
194 197
195 196
196 195
197 195
198 194
199 193
200 192
201 191
202 190
203 189
204 189
205 188
206 187
207 187
208 186
209 186
210 186
211 185
212 185
213 185
214 185
215 185
216 185
217 185
218 185
219 185
220 185
221 185
222 185
223 185
224 185
225 185
226 185
227 185
228 186
229 186
230 186
231 185
232 185
233 185
234 185
235 185
236 184
237 184
238 184
239 183
240 183
241 183
242 182
243 182
244 181
245 180
246 180
247 179
248 179
249 178
250 177
251 177
252 176
253 176
254 175
255 174
256 174
257 173
258 173
259 172
260 172
261 171
262 171
263 171
264 170
265 170
266 170
267 169
268 169
269 169
270 169
271 168
272 168
273 168
274 168
275 168
276 168
277 168
278 167
279 167
280 167
281 167
282 167
283 167
284 167
285 168
286 168
287 168
288 168
289 168
290 168
291 168
292 168
293 169
294 169
295 169
296 169
297 169
298 170
299 170
300 170
301 170
302 171
303 171
304 171
305 172
306 172
307 172
308 173
309 173
310 174
311 174
312 174
313 175
314 175
315 176
316 176
317 177
318 177
319 178
320 178
321 179
322 179
323 180
324 180
325 181
326 182
327 182
328 183
329 183
330 184
331 185
332 185
333 186
334 187
335 188
336 188
337 189
338 190
339 191
340 191
341 192
342 193
343 194
344 194
345 195
346 196
347 197
348 198
349 198
350 199
351 200
352 201
353 202
354 202
355 203
356 204
357 205
358 205
359 206
360 207
361 208
362 209
363 209
364 210
365 211
366 211
367 212
368 213
369 214
370 214
371 215
372 215
373 216
374 217
375 217
376 218
377 218
378 219
379 220
380 220
381 221
382 221
383 222
384 222
385 223
386 223
387 223
388 224
389 224
390 225
391 225
392 225
393 226
394 226
395 226
396 226
397 227
398 227
399 227
400 227
401 228
402 228
403 228
404 228
405 228
406 228
407 228
408 229
409 229
410 229
411 229
412 229
413 229
414 229
415 229
416 229
417 229
418 229
419 229
420 229
421 229
422 229
423 229
424 229
425 229
426 229
427 229
428 229
429 229
430 229
431 229
432 229
433 229
434 229
435 229
436 229
437 229
438 229
439 229
440 229
441 229
442 229
443 229
444 229
445 229
446 229
447 229
448 229
449 228
450 228
451 228
452 228
453 228
454 228
455 228
456 228
457 228
458 228
459 228
460 227
461 227
462 227
463 227
464 227
465 227
466 226
467 226
468 226
469 226
470 225
471 225
472 225
473 224
474 224
475 224
476 223
477 223
478 222
479 222
480 221
481 220
482 220
483 219
484 218
485 218
486 217
487 216
488 215
489 214
490 214
491 213
492 212
493 211
494 210
495 209
495 208
496 207
497 206
498 205
499 204
500 203
501 202
501 201
502 200
503 199
504 198
504 197
505 196
506 195
506 194
507 193
508 192
508 191
509 190
510 189
510 188
511 187
511 186
512 185
513 184
513 183
514 182
515 181
515 180
516 179
517 178
517 177
518 176
519 175
519 174
520 173
521 172
521 171
522 170
523 169
523 168
524 167
525 166
525 165
526 164
527 163
528 162
528 161
529 160
530 159
531 158
532 157
533 156
534 155
535 154
536 153
537 152
538 151
539 150
540 149
541 148
542 147
543 147
544 146
545 145
546 144
547 144
548 143
549 142
550 141
551 141
552 140
553 140
554 139
555 138
556 138
557 137
558 137
559 136
560 136
561 135
562 135
563 134
564 134
565 133
566 133
567 133
568 132
569 132
570 131
571 131
572 131
573 130
574 130
575 130
576 129
577 129
578 129
579 129
580 128
581 128
582 128
583 128
584 128
585 128
586 127
587 127
588 127
589 127
590 127
591 127
592 127
593 127
594 127
595 127
596 127
597 127
598 127
599 127
600 127
601 127
602 127
603 127
604 127
605 127
606 127
607 127
608 127
609 127
610 127
611 128
612 128
613 128
614 128
615 128
616 128
617 129
618 129
619 129
620 129
621 130
622 130
623 130
624 130
625 131
626 131
627 131
628 132
629 132
630 132
631 133
632 133
633 134
634 134
635 134
636 135
637 135
638 136
639 136
640 137
641 138
642 138
643 139
644 139
645 140
646 141
647 141
648 142
649 143
650 144
651 145
652 145
653 146
654 147
655 148
656 149
657 150
658 151
659 152
660 153
661 154
662 155
663 156
664 157
665 158
666 158
667 159
668 160
669 161
670 161
671 162
672 163
673 163
674 164
675 164
676 165
677 166
678 166
679 167
680 167
681 168
682 168
683 169
684 169
685 170
686 170
687 171
688 172
689 172
690 173
691 173
692 174
693 175
694 175
695 176
696 176
697 177
698 177
699 178
700 178
701 179
702 179
703 180
704 180
705 180
706 181
707 181
708 181
709 182
710 182
711 182
712 182
713 182
714 182
715 182
716 183
717 183
718 183
719 183
720 183
721 183
722 183
723 183
724 183
725 183
726 183
727 183
728 183
729 183
730 183
731 184
732 184
733 184
734 184
735 185
736 185
737 185
738 186
739 186
740 186
741 187
742 187
743 188
744 188
745 189
746 189
747 190
748 190
749 191
750 191
751 192
752 193
753 193
754 194
755 194
756 195
757 196
758 196
759 197
760 198
761 198
762 199
763 199
764 200
765 201
766 201
767 202
768 203
769 203
770 204
771 205
772 205
773 206
774 206
775 207
776 207
777 208
778 209
779 209
780 210
781 210
782 211
783 211
784 212
785 212
786 213
787 213
788 214
789 214
790 214
791 215
792 215
793 216
794 216
795 216
796 216
797 217
798 217
799 217
800 218
801 218
802 218
803 218
804 219
805 219
806 219
807 219
808 219
809 220
810 220
811 220
812 220
813 220
814 221
