36 80
37 80
38 80
39 80
40 80
41 80
42 79
43 79
44 79
45 79
46 79
47 79
48 78
49 78
50 78
51 78
52 78
53 78
54 78
55 77
56 77
57 77
58 77
59 77
60 77
61 77
62 76
63 76
64 76
65 76
66 76
67 76
68 76
69 76
70 75
71 75
72 75
73 75
74 75
75 75
76 75
77 75
78 75
79 75
80 75
81 74
82 74
83 74
84 74
85 74
86 74
87 74
88 74
89 74
90 74
91 74
92 74
93 74
94 74
95 75
96 75
97 75
98 75
99 75
100 75
101 75
102 75
103 76
104 76
105 76
106 76
107 77
108 77
109 77
110 77
111 78
112 78
113 79
114 79
115 79
116 80
117 80
118 81
119 81
120 82
121 82
122 83
123 84
124 84
125 85
126 86
127 86
128 87
129 88
130 89
131 90
132 90
133 91
134 92
135 93
136 94
137 95
138 96
139 97
140 98
140 99
141 100
142 101
143 102
144 103
145 104
145 105
146 106
147 107
148 108
149 109
149 110
150 111
151 112
152 113
152 114
153 115
154 116
155 117
155 118
156 119
157 120
157 121
158 122
159 123
160 124
160 125
161 126
162 127
163 128
163 129
164 130
165 131
166 132
167 133
167 134
168 135
169 136
170 137
171 138
172 139
173 140
174 141
175 142
176 142
177 143
178 144
179 144
180 145
181 145
182 146
183 146
184 147
185 147
186 147
187 147
188 147
189 148
190 148
191 148
192 148
193 148
194 148
195 148
196 147
197 147
198 147
199 147
200 147
201 147
202 147
203 146
204 146
205 146
206 146
207 146
208 145
209 145
210 145
211 145
212 145
213 145
214 144
215 144
216 144
217 144
218 144
219 144
220 144
221 144
222 144
223 144
224 144
225 144
226 144
227 144
228 144
229 144
230 144
231 144
232 144
233 144
234 144
235 144
236 144
237 145
238 145
239 145
240 145
241 145
242 145
243 145
244 145
245 145
246 145
247 145
248 145
249 145
250 145
251 145
252 145
253 145
254 145
255 145
256 145
257 145
258 145
259 145
260 145
261 145
262 145
263 145
264 145
265 146
266 146
267 146
268 146
269 146
270 147
271 147
272 147
273 148
274 148
275 148
276 149
277 149
278 150
279 150
280 151
281 151
282 151
283 152
284 152
285 153
286 153
287 154
288 154
289 155
290 155
291 156
292 157
293 157
294 158
295 158
296 159
297 159
298 160
299 160
300 161
301 162
302 162
303 163
304 163
305 164
306 164
307 165
308 165
309 166
310 167
311 167
312 168
313 168
314 169
315 169
316 170
317 170
318 171
319 172
320 172
321 173
322 173
323 174
324 174
325 175
326 175
327 176
328 176
329 177
330 177
331 178
332 178
333 179
334 179
335 179
336 180
337 180
338 181
339 181
340 181
341 182
342 182
343 182
344 183
345 183
346 183
347 184
348 184
349 184
350 184
351 184
352 185
353 185
354 185
355 185
356 185
357 185
358 184
359 184
360 184
361 184
362 183
363 183
364 182
365 182
366 181
367 181
368 180
369 179
370 178
371 177
372 177
373 176
374 175
375 174
376 173
377 172
377 171
378 170
379 169
380 168
381 167
