31 59
32 60
33 61
33 62
34 63
34 64
35 65
35 66
36 67
36 68
37 69
38 70
38 71
39 72
39 73
40 74
40 75
41 76
41 77
42 78
43 79
43 80
44 81
44 82
45 83
45 84
46 85
47 86
47 87
48 88
48 89
49 90
50 91
50 92
51 93
51 94
52 95
53 96
53 97
54 98
55 99
56 100
56 101
57 102
58 103
59 104
60 105
61 106
61 107
62 108
63 108
64 109
65 110
66 111
67 112
68 113
69 113
70 114
71 115
72 116
73 116
74 117
75 118
76 119
77 119
78 120
79 121
80 122
81 123
82 124
83 124
84 125
85 126
86 127
87 128
88 128
89 129
90 130
91 130
92 131
93 132
94 132
95 133
96 133
97 134
98 134
99 135
100 135
101 135
102 136
103 136
104 137
105 137
106 137
107 138
108 138
109 138
110 139
111 139
112 139
113 139
114 140
115 140
116 140
117 141
118 141
119 141
120 141
121 142
122 142
123 142
124 142
125 143
126 143
127 143
128 143
129 143
130 144
131 144
132 144
133 144
134 144
135 144
136 144
137 145
138 145
139 145
140 145
141 145
142 145
143 145
144 145
145 145
146 144
147 144
148 144
149 144
150 144
151 144
152 143
153 143
154 143
155 143
156 142
157 142
158 142
159 141
160 141
161 140
162 140
163 139
164 139
165 138
166 138
167 137
168 137
169 136
170 135
171 135
172 134
173 133
174 133
175 132
176 131
177 131
178 130
179 129
180 129
181 128
182 127
183 126
184 126
185 125
186 124
187 124
188 123
189 122
190 122
191 121
192 120
193 120
194 119
195 119
196 118
197 118
198 117
199 117
200 116
201 116
202 115
203 115
204 114
205 114
206 113
207 113
208 113
209 112
210 112
211 112
212 112
213 111
214 111
215 111
216 111
217 111
218 111
219 111
220 110
221 110
222 110
223 110
224 110
225 111
226 111
227 111
228 111
229 111
230 111
231 112
232 112
233 112
234 113
235 113
236 113
237 114
238 114
239 115
240 116
241 116
242 117
243 118
244 118
245 119
246 120
247 121
248 122
249 122
250 123
251 124
252 125
253 126
254 127
255 128
256 129
257 130
258 131
259 132
260 133
261 134
261 135
262 136
263 137
264 138
265 139
266 140
267 141
268 142
269 143
270 144
271 145
272 146
273 147
274 148
275 149
276 149
277 150
278 151
279 152
280 153
281 153
282 154
283 155
284 155
285 156
286 156
287 157
288 157
289 158
290 158
291 158
292 159
293 159
294 159
295 160
296 160
297 160
298 160
299 160
300 160
301 160
302 160
303 160
304 160
305 160
306 160
307 160
308 160
309 160
310 160
311 160
312 159
313 159
314 159
315 159
316 159
317 158
318 158
319 158
320 158
321 157
322 157
323 157
324 156
325 156
326 156
327 155
328 155
329 155
330 154
331 154
332 153
333 153
334 152
335 152
336 152
337 151
338 151
339 150
340 150
341 149
342 149
343 148
344 148
345 147
346 147
347 146
348 146
349 145
350 144
351 144
352 143
353 143
354 142
355 142
356 141
357 141
358 140
359 139
360 139
361 138
362 138
363 137
364 136
365 136
366 135
367 135
368 134
369 134
370 133
371 132
372 132
373 131
374 131
375 130
376 130
377 129
378 129
379 128
380 128
381 127
382 127
383 126
384 126
385 125
386 125
387 124
388 124
389 123
390 123
391 123
392 122
393 122
394 121
395 121
396 121
397 121
398 120
399 120
400 120
401 120
402 120
403 119
404 119
405 119
406 119
407 119
408 119
409 120
410 120
411 120
412 120
413 121
414 121
415 121
416 122
417 122
418 123
419 124
420 124
421 125
422 126
423 127
424 128
425 129
426 129
427 130
428 131
429 132
430 133
431 134
432 135
433 136
434 136
435 137
436 138
437 139
438 140
439 140
440 141
441 142
442 143
443 144
444 145
445 146
446 147
447 148
448 149
449 150
450 151
451 151
452 152
453 153
454 154
455 155
456 156
457 157
458 157
459 158
460 159
461 160
462 160
463 161
464 161
465 162
466 163
467 163
468 164
469 164
470 165
471 165
472 166
473 166
474 167
475 168
476 168
477 169
478 169
479 170
480 170
481 171
482 171
483 171
484 172
485 172
486 173
487 173
488 174
489 174
490 175
491 175
492 176
493 176
494 177
495 177
496 178
497 178
498 179
499 179
500 180
501 180
502 181
503 181
504 182
505 182
506 183
507 183
508 184
509 184
510 185
511 186
512 186
513 186
514 187
515 188
516 188
517 189
518 189
519 190
520 190
521 191
522 191
523 192
524 192
525 193
