16 49
17 49
18 50
19 51
20 51
21 52
22 53
23 54
24 54
25 55
26 56
27 57
28 58
29 59
29 60
30 61
31 62
32 63
33 64
33 65
34 66
35 67
35 68
36 69
37 70
37 71
38 72
39 73
39 74
40 75
40 76
41 77
42 78
42 79
43 80
44 81
44 82
45 83
46 84
46 85
47 86
48 87
48 88
49 89
50 90
50 91
51 92
52 93
52 94
53 95
54 96
55 97
55 98
56 99
57 100
58 101
59 102
60 103
61 104
62 105
63 106
64 107
65 108
66 109
67 110
68 111
69 111
70 112
71 113
72 113
73 114
74 114
75 115
76 115
77 115
78 116
79 116
80 116
81 116
82 116
83 116
84 116
85 116
86 116
87 116
88 115
89 115
90 115
91 115
92 114
93 114
94 114
95 113
96 113
97 112
98 112
99 112
100 111
101 111
102 110
103 110
104 110
105 109
106 109
107 109
108 108
109 108
110 107
111 107
112 107
113 106
114 106
115 106
116 105
117 105
118 105
119 105
120 104
121 104
122 104
123 104
124 103
125 103
126 103
127 103
128 103
129 102
130 102
131 102
132 102
133 102
134 102
135 102
136 102
137 102
138 102
139 102
140 102
141 101
142 101
143 101
144 101
145 101
146 101
147 100
148 100
149 99
150 99
151 98
152 98
153 97
154 96
155 95
156 95
157 94
158 93
159 92
160 91
161 90
162 89
163 89
164 88
165 87
166 86
167 85
168 85
169 84
170 83
171 83
172 82
173 82
174 81
175 81
176 80
177 80
178 80
179 79
180 79
181 79
182 79
183 79
184 78
185 78
186 78
187 78
188 78
189 78
190 78
191 79
192 79
193 79
194 79
195 79
196 79
197 80
198 80
199 80
200 80
201 81
202 81
203 81
204 82
205 82
206 83
207 83
208 83
209 84
210 84
211 85
212 85
213 86
214 86
215 87
216 87
217 88
218 89
219 89
220 90
221 90
222 91
223 91
224 92
225 93
226 93
227 94
228 95
229 95
230 96
231 96
232 97
233 97
234 98
235 99
236 99
237 100
238 100
239 101
240 101
241 102
242 102
243 103
244 103
245 104
246 104
247 105
248 105
249 105
250 106
251 106
252 106
253 107
254 107
255 107
256 107
257 107
258 108
259 108
260 108
261 108
262 108
263 108
264 108
265 108
266 108
267 107
268 107
269 107
270 106
271 106
272 106
273 105
274 105
275 104
276 103
277 103
278 102
279 101
280 100
281 99
282 98
283 97
284 96
285 95
286 94
287 93
288 92
289 91
290 90
291 89
292 88
293 87
294 86
295 85
296 84
297 83
298 82
299 81
300 80
301 79
302 78
303 78
304 77
305 77
306 76
307 76
308 75
309 75
310 75
311 75
312 75
313 75
314 75
315 75
316 75
317 75
318 75
319 75
320 75
321 76
322 76
323 77
324 78
325 79
326 80
327 81
328 82
329 83
329 84
330 85
331 86
331 87
332 88
332 89
333 90
334 91
334 92
335 93
336 94
337 95
338 96
339 97
340 97
341 97
342 97
343 97
344 96
345 96
346 95
347 94
348 93
349 92
350 92
351 91
352 90
353 89
354 88
355 87
356 86
357 85
358 84
359 83
360 82
361 81
362 81
363 80
364 79
365 78
366 77
367 76
368 75
369 75
370 74
371 73
372 72
373 71
374 71
375 70
376 69
377 68
378 67
379 67
380 66
381 65
382 64
383 63
384 63
385 62
386 61
387 60
388 60
389 59
390 58
