12 29
12 30
12 31
13 32
13 33
14 34
14 35
14 36
15 37
15 38
15 39
16 40
16 41
16 42
17 43
17 44
18 45
18 46
18 47
19 48
19 49
19 50
20 51
20 52
21 53
21 54
21 55
22 56
22 57
22 58
23 59
23 60
24 61
24 62
25 63
25 64
25 65
26 66
26 67
27 68
27 69
28 70
28 71
29 72
29 73
30 74
30 75
31 76
31 77
32 78
32 79
33 80
33 81
34 82
34 83
35 84
35 85
36 86
37 87
37 88
38 89
38 90
39 91
40 92
40 93
41 94
42 95
42 96
43 97
44 98
44 99
45 100
46 101
47 102
47 103
48 104
49 105
50 106
51 107
52 108
52 109
53 110
54 111
55 112
56 113
57 114
58 115
59 116
60 117
61 118
62 119
63 119
64 120
65 121
66 122
67 123
68 124
69 124
70 125
71 126
72 127
73 127
74 128
75 129
76 129
77 130
78 130
79 131
80 131
81 132
82 132
83 133
84 133
85 134
86 134
87 135
88 135
89 135
90 136
91 136
92 137
93 137
94 137
95 138
96 138
97 138
98 139
99 139
100 140
101 140
102 140
103 141
104 141
105 141
106 142
107 142
108 142
109 143
110 143
111 143
112 143
113 144
114 144
115 144
116 144
117 144
118 145
119 145
120 145
121 145
122 145
123 145
124 145
125 145
126 145
127 145
128 145
129 145
130 145
131 145
132 145
133 145
134 145
135 145
136 145
137 145
138 145
139 145
140 145
141 145
142 145
143 145
144 145
145 145
146 145
147 145
148 145
149 145
150 145
151 145
152 145
153 145
154 144
155 144
156 144
157 144
158 144
159 144
160 144
161 144
162 144
163 144
164 144
165 144
166 144
167 144
168 144
169 144
170 144
171 144
172 144
173 144
174 144
175 144
176 144
177 144
178 144
179 144
180 144
181 144
182 144
183 144
184 144
185 144
186 144
187 144
188 145
189 145
190 145
191 145
192 145
193 145
194 145
195 145
196 145
197 145
198 145
199 145
200 145
201 146
202 146
203 146
204 146
205 146
206 146
207 146
208 146
209 146
210 146
211 146
212 146
213 146
214 146
215 146
216 146
217 146
218 146
219 146
220 146
221 146
222 146
223 146
224 146
225 146
226 146
227 146
228 146
229 146
