18 32
19 32
20 33
21 34
22 34
23 35
24 36
25 37
26 37
27 38
28 38
29 39
30 40
31 40
32 41
33 41
34 42
35 42
36 43
37 43
38 43
39 44
40 44
41 45
42 45
43 46
44 46
45 47
46 47
47 47
48 47
49 48
50 48
51 48
52 48
53 48
54 47
55 47
56 47
57 46
58 45
59 45
60 44
61 44
62 43
63 43
64 42
65 42
66 41
67 41
68 41
69 40
70 40
71 40
72 40
73 39
74 39
75 39
76 39
77 39
78 39
79 39
80 39
81 39
82 39
83 39
84 39
85 39
86 39
87 39
88 39
89 39
90 39
91 39
92 39
93 38
94 38
95 38
96 38
97 38
98 38
99 38
100 38
101 38
102 38
103 38
104 38
105 37
106 37
107 37
108 37
109 37
110 37
111 37
112 37
113 37
114 37
115 37
116 37
117 37
118 37
119 37
120 37
121 37
122 37
123 37
124 37
125 37
126 37
127 37
128 37
129 37
130 36
131 36
132 36
133 36
