12 80
13 80
14 81
15 82
16 83
17 84
18 85
19 86
20 87
21 88
22 89
23 89
24 90
25 91
26 92
27 93
28 94
29 94
30 95
31 96
32 97
33 97
34 98
35 99
36 99
37 100
38 100
39 101
40 102
41 102
42 103
43 103
44 103
45 104
46 104
47 104
48 105
49 105
50 105
51 105
52 106
53 106
54 106
55 106
56 106
57 106
58 106
59 106
60 106
61 106
62 105
63 105
64 105
65 105
66 104
67 104
68 104
69 103
70 103
71 102
72 102
73 101
74 101
75 100
76 100
77 99
78 99
79 98
80 97
81 97
82 96
83 95
84 95
85 94
86 93
87 93
88 92
89 92
90 91
91 91
92 90
93 90
94 89
95 89
96 89
97 88
98 88
99 88
100 87
101 87
102 87
103 86
104 86
105 86
106 85
107 85
108 85
109 84
110 84
111 84
112 83
113 83
114 82
115 82
116 81
117 81
118 81
119 80
120 80
121 79
122 79
123 78
124 78
125 77
126 77
127 76
128 76
129 75
130 75
131 74
132 74
133 73
134 73
135 72
136 72
137 71
138 71
139 71
140 70
141 70
142 70
143 69
144 69
145 69
146 68
147 68
148 68
149 68
150 68
151 68
152 68
153 68
154 68
155 68
156 68
157 68
158 68
159 68
160 68
161 68
162 69
163 69
164 70
165 70
166 71
167 71
168 72
169 72
170 73
171 74
172 75
173 76
174 76
175 77
176 78
177 79
178 80
179 81
180 82
181 83
182 84
183 85
184 86
185 87
186 87
187 88
188 89
189 90
190 91
191 92
192 93
193 94
194 94
195 95
196 96
197 97
198 97
199 98
200 99
201 100
202 100
203 101
204 102
205 102
206 103
207 104
208 104
209 105
210 106
211 106
212 107
213 107
214 108
215 109
216 109
217 110
218 110
219 111
220 111
221 111
222 112
223 112
224 113
225 113
226 113
227 114
228 114
229 114
230 115
231 115
232 115
233 116
234 116
235 116
236 116
237 117
238 117
239 117
240 117
241 117
242 117
243 118
244 118
245 118
246 118
247 118
248 118
249 118
250 118
251 119
252 119
253 119
254 119
255 119
256 119
257 119
258 119
259 119
260 119
261 119
262 119
263 119
264 119
265 119
266 119
267 119
268 119
269 119
270 120
271 120
272 120
273 120
274 120
275 120
276 120
277 120
278 121
279 121
280 121
281 121
282 122
283 122
284 122
285 123
286 123
287 124
288 124
289 125
290 125
291 126
292 127
293 127
294 128
295 129
296 129
297 130
298 131
299 131
300 132
301 133
302 134
303 135
304 135
305 136
306 137
307 138
308 139
309 140
310 141
311 142
312 143
313 144
314 145
315 146
316 147
317 148
317 149
318 150
319 151
320 152
321 153
322 154
323 155
324 156
325 157
326 158
327 159
328 160
329 160
330 161
331 162
332 162
333 163
334 164
335 164
336 165
337 165
338 165
339 166
340 166
341 166
342 167
343 167
344 167
345 167
346 167
347 167
348 167
349 167
350 167
351 167
352 167
353 166
354 166
355 166
356 166
357 165
358 165
359 165
360 164
361 164
362 163
363 163
364 163
365 162
366 162
367 161
368 161
369 160
370 160
371 159
372 159
373 158
374 158
375 157
376 157
377 156
378 156
379 155
380 155
381 154
382 154
383 153
384 153
385 152
386 152
387 151
388 151
389 151
390 150
391 150
392 149
393 149
394 148
395 148
396 147
397 147
398 146
399 146
400 145
401 145
402 144
403 144
