11 73
11 72
12 71
13 70
14 69
15 69
16 68
17 67
18 66
19 65
20 64
21 64
22 63
23 62
24 62
25 61
26 61
27 61
28 60
29 60
30 60
31 60
32 60
33 60
34 60
35 60
36 60
37 61
38 61
39 61
40 61
41 62
42 62
43 63
44 63
45 63
46 64
47 64
48 64
49 65
50 65
51 66
52 66
53 66
54 67
55 67
56 67
57 68
58 68
59 68
60 68
61 69
62 69
63 69
64 70
65 70
66 70
67 70
68 71
69 71
70 71
71 71
72 71
73 72
74 72
75 72
76 72
77 73
78 73
79 73
80 73
81 74
82 74
83 74
84 74
85 75
86 75
87 75
88 75
89 76
90 76
91 76
92 76
93 77
94 77
95 77
96 78
97 78
98 78
99 79
100 79
101 79
102 80
103 80
104 81
105 81
106 82
107 82
108 83
109 83
110 84
111 84
112 85
113 86
114 86
115 87
116 87
117 88
118 89
119 89
120 90
121 91
122 92
123 92
124 93
125 94
126 95
127 95
128 96
129 97
130 98
131 98
132 99
133 100
134 101
135 102
136 103
137 103
138 104
139 105
140 106
141 107
142 108
143 108
144 109
145 110
146 111
147 112
148 113
149 113
150 114
151 115
152 116
153 117
154 118
155 118
156 119
157 120
158 121
159 121
160 122
161 123
162 123
163 124
164 125
165 125
166 126
167 126
168 127
169 127
170 127
171 128
172 128
173 128
174 129
175 129
176 129
177 129
178 129
179 129
180 129
181 129
182 129
183 129
184 129
185 129
186 129
187 128
188 128
189 128
190 128
191 127
192 127
193 127
194 126
195 126
196 126
197 125
198 125
199 124
200 124
201 123
202 123
203 122
204 122
205 121
206 121
207 120
208 120
209 119
210 119
211 118
212 118
213 118
214 117
215 117
216 117
217 116
218 116
219 116
220 116
221 115
222 115
223 115
224 115
225 115
226 114
227 114
228 114
229 114
230 114
231 113
232 113
233 113
234 113
235 112
236 112
237 112
238 112
239 111
240 111
241 111
242 111
243 110
244 110
245 110
246 109
247 109
248 109
249 109
250 109
251 108
252 108
253 108
254 108
255 108
256 107
257 107
258 107
259 107
260 107
261 107
262 107
263 107
264 107
265 107
266 107
267 107
268 107
269 107
270 107
271 107
272 107
273 108
274 108
275 108
276 108
277 108
278 109
279 109
280 109
281 109
282 110
283 110
284 110
285 111
286 111
287 111
288 112
289 112
290 113
291 113
292 113
293 114
294 114
295 115
296 115
297 116
298 116
299 117
300 117
301 118
302 119
303 119
304 120
305 120
306 121
307 122
308 122
309 123
310 124
311 124
312 125
313 126
314 126
315 127
316 128
317 128
318 129
319 130
320 130
321 131
322 132
323 132
324 133
325 134
326 134
327 135
328 136
329 136
330 137
331 138
332 138
333 139
334 140
335 140
336 141
337 141
338 142
339 142
340 143
341 143
342 144
343 144
344 145
345 145
346 145
347 146
348 146
349 146
350 146
351 146
352 146
353 146
354 146
355 146
356 146
357 146
358 145
359 145
360 144
361 144
362 143
363 143
364 142
365 141
366 140
367 139
368 139
369 138
370 137
371 136
372 135
373 135
374 134
375 134
376 133
377 133
378 132
379 132
380 132
381 132
382 132
383 132
384 132
385 132
386 132
387 132
388 132
389 132
390 132
391 132
392 132
393 132
394 132
395 132
396 132
397 132
398 133
399 133
400 133
401 133
402 133
403 133
404 134
405 134
406 134
407 134
408 135
409 135
410 135
411 136
412 136
413 136
414 137
415 137
416 138
417 138
418 138
419 139
420 139
421 140
422 140
423 141
424 142
425 142
426 143
427 143
428 144
429 144
430 145
431 145
432 146
433 147
434 147
435 148
436 149
