8 32
9 33
10 33
11 34
12 35
13 35
14 36
15 37
16 37
17 38
18 38
19 39
20 39
21 40
22 41
23 41
24 42
25 42
26 43
27 43
28 43
29 44
30 44
31 45
32 45
33 45
34 46
35 46
36 47
37 47
38 47
39 48
40 48
41 49
42 49
43 50
44 50
45 51
46 52
47 52
48 53
49 54
50 55
51 56
52 57
52 58
53 59
54 60
55 61
55 62
56 63
57 64
57 65
58 66
58 67
59 68
59 69
60 70
60 71
61 72
61 73
62 74
62 75
63 76
63 77
64 78
64 79
65 80
65 81
66 82
66 83
67 84
67 85
68 86
68 87
69 88
69 89
70 90
70 91
71 92
71 93
72 94
72 95
73 96
73 97
74 98
74 99
75 100
75 101
76 102
76 103
77 104
77 105
78 106
79 107
79 108
80 109
81 110
81 111
82 112
83 113
83 114
84 115
85 116
86 117
87 118
88 119
89 120
90 121
91 122
92 123
93 123
94 124
95 124
96 125
97 125
98 125
99 125
100 126
101 126
102 126
103 125
104 125
105 125
106 124
107 123
108 123
109 122
110 121
111 120
112 119
113 118
113 117
114 116
115 115
116 114
116 113
117 112
118 111
118 110
119 109
120 108
121 107
121 106
122 105
123 104
123 103
124 102
125 101
126 100
127 99
127 98
128 97
129 96
130 96
131 95
132 94
133 93
134 93
135 92
136 92
137 91
138 91
139 90
140 90
141 90
142 89
143 89
144 89
145 89
146 89
147 88
148 88
149 88
150 88
151 88
152 88
153 89
154 89
155 89
156 89
157 89
158 89
159 90
160 90
161 90
162 90
163 91
164 91
165 92
166 92
167 92
168 93
169 93
170 94
171 94
172 95
173 95
174 96
175 96
176 97
177 97
178 98
179 98
180 99
181 99
182 100
183 101
184 101
185 102
186 102
187 103
188 103
189 104
190 104
191 104
192 105
193 105
194 106
195 106
196 106
197 107
198 107
199 107
200 107
201 108
202 108
203 108
204 108
205 108
206 108
207 108
208 108
209 108
210 107
211 107
212 107
213 107
214 106
215 106
216 106
217 105
218 105
219 105
220 105
221 104
222 104
223 104
224 103
225 103
226 103
227 102
228 102
229 102
230 102
231 101
232 101
233 101
234 101
235 100
236 100
237 100
238 100
239 99
240 99
241 99
242 98
243 98
244 97
245 97
246 97
247 96
248 96
249 95
250 95
251 94
252 94
253 93
254 93
255 92
256 92
257 92
258 92
259 92
260 92
261 92
262 92
263 92
264 92
265 92
266 92
267 93
268 93
269 93
270 93
271 93
272 93
273 94
274 94
275 93
276 93
277 93
278 93
279 93
280 93
281 92
282 92
283 92
284 91
285 91
286 91
287 90
288 90
289 90
290 89
291 89
292 89
293 88
294 88
295 88
296 87
297 87
298 87
299 87
300 86
301 86
302 86
303 86
304 86
305 86
306 86
307 86
308 86
309 86
310 87
311 87
312 87
313 87
314 87
315 87
316 87
317 87
318 87
319 87
320 87
321 87
322 87
323 87
324 86
325 86
326 86
327 85
328 85
329 84
330 83
331 83
332 82
333 81
334 80
335 79
336 79
337 78
338 77
339 76
340 75
341 74
342 73
343 73
344 72
345 71
346 70
347 69
348 69
349 68
350 67
351 66
352 66
353 65
354 65
355 64
356 64
357 63
358 63
359 62
360 62
361 61
362 61
363 61
364 60
365 60
366 60
367 60
368 60
369 59
370 59
371 59
372 59
373 59
374 59
375 59
376 59
377 59
378 59
379 59
380 60
381 60
382 60
383 61
384 61
385 62
386 62
387 63
388 63
389 64
390 64
391 65
392 66
393 67
394 68
395 68
396 69
397 70
398 71
399 72
400 73
401 74
402 75
403 76
404 77
404 78
405 79
406 80
407 81
408 82
409 83
410 84
411 85
411 86
412 87
413 88
414 89
414 90
415 91
416 92
417 93
417 94
418 95
419 96
419 97
420 98
421 99
421 100
422 101
423 102
423 103
424 104
424 105
425 106
425 107
426 108
427 109
427 110
428 111
428 112
429 113
430 114
430 115
431 116
431 117
432 118
432 119
433 120
434 121
434 122
435 123
435 124
436 125
437 126
437 127
438 128
439 129
439 130
440 131
441 132
442 133
442 134
443 135
444 136
445 137
446 138
447 139
447 140
448 141
449 142
450 143
451 144
452 145
453 145
454 146
455 147
456 148
457 149
458 149
459 150
460 151
461 152
