10 24
11 25
12 26
12 27
13 28
14 29
15 30
16 31
16 32
17 33
18 34
19 35
20 36
21 37
22 38
23 39
24 40
25 41
26 42
27 43
28 44
29 45
30 46
31 47
32 48
33 48
34 49
35 50
36 51
37 52
38 53
39 54
40 55
41 56
42 57
43 57
44 58
45 58
46 58
47 58
48 58
49 58
50 58
51 58
52 58
53 58
54 58
55 58
56 58
57 58
58 58
59 58
60 58
61 59
62 59
63 60
64 60
65 61
66 62
67 63
68 64
69 65
70 66
70 67
71 68
72 69
72 70
73 71
73 72
74 73
74 74
75 75
75 76
76 77
76 78
77 79
77 80
77 81
78 82
78 83
78 84
79 85
79 86
80 87
80 88
80 89
81 90
81 91
81 92
82 93
82 94
83 95
83 96
83 97
84 98
84 99
84 100
85 101
85 102
85 103
86 104
86 105
87 106
87 107
87 108
88 109
88 110
89 111
89 112
89 113
90 114
90 115
91 116
91 117
91 118
92 119
92 120
93 121
93 122
94 123
94 124
94 125
95 126
95 127
96 128
97 129
97 130
98 131
98 132
99 133
99 134
100 135
101 136
101 137
102 138
103 139
103 140
104 141
105 142
106 143
107 144
108 145
109 146
110 147
111 148
112 149
113 149
114 150
115 151
116 151
117 152
118 152
119 152
120 152
121 153
122 153
123 153
124 153
125 153
126 153
127 152
128 152
129 152
130 151
131 151
132 150
133 150
134 149
135 149
136 148
137 147
138 147
139 146
140 145
141 144
142 144
143 143
144 142
145 141
146 140
147 139
148 138
149 137
150 136
151 135
152 134
153 133
154 132
155 131
156 130
157 129
158 128
159 127
160 126
161 125
161 124
162 123
163 122
164 121
165 120
166 119
167 118
168 117
169 116
170 115
171 114
172 113
173 113
174 112
175 111
176 110
177 109
178 109
179 108
180 107
181 107
182 106
183 105
184 105
185 104
186 104
187 104
188 103
189 103
190 103
191 102
192 102
193 102
194 102
195 102
196 102
197 101
198 101
199 101
200 101
201 101
202 101
203 101
204 102
205 102
206 102
207 102
208 102
209 102
210 102
211 102
212 103
213 103
214 103
215 103
216 103
217 103
218 104
219 104
220 104
221 104
222 105
223 105
224 105
