19 21
20 21
21 22
22 23
23 24
24 25
25 26
25 27
26 28
27 29
28 30
29 31
29 32
30 33
31 34
31 35
32 36
33 37
33 38
34 39
35 40
35 41
36 42
36 43
37 44
38 45
38 46
39 47
39 48
40 49
40 50
41 51
41 52
42 53
42 54
43 55
43 56
44 57
45 58
45 59
46 60
46 61
47 62
47 63
48 64
48 65
49 66
49 67
50 68
51 69
51 70
52 71
52 72
53 73
54 74
54 75
55 76
55 77
56 78
57 79
57 80
58 81
59 82
59 83
60 84
61 85
61 86
62 87
63 88
64 89
64 90
65 91
66 92
67 93
68 94
69 95
70 96
71 97
72 98
73 99
74 100
75 101
76 102
77 103
78 104
79 104
80 105
81 106
82 106
83 107
84 107
85 108
86 108
87 109
88 109
89 110
90 110
91 110
92 111
93 111
94 111
95 111
96 112
97 112
98 112
99 112
100 112
101 112
102 113
103 113
104 113
105 113
106 113
107 113
108 113
109 113
110 113
111 113
112 113
113 113
114 113
115 113
116 113
117 113
118 113
119 113
120 113
121 113
122 112
123 112
124 112
125 112
126 112
127 112
128 112
129 112
130 112
131 111
132 111
133 111
134 111
135 111
136 111
137 111
138 111
139 110
140 110
141 110
142 110
143 110
144 110
145 110
146 109
147 109
148 109
149 109
150 109
151 109
152 109
153 109
154 109
155 108
156 108
157 108
158 108
159 108
160 108
161 108
162 108
163 108
164 108
165 108
166 108
167 108
168 108
169 108
170 108
171 107
172 107
173 107
174 107
175 107
176 107
177 108
178 108
179 108
180 108
181 108
182 108
183 108
184 108
185 108
186 108
187 108
188 108
189 108
190 108
191 109
192 109
193 109
194 109
195 109
196 110
197 110
198 110
199 110
200 110
201 111
202 111
203 111
204 112
205 112
206 112
207 113
208 113
209 114
210 114
211 115
212 115
213 115
214 116
215 116
216 117
217 118
218 118
219 119
220 119
221 120
222 121
223 121
224 122
225 123
226 123
227 124
228 125
229 125
230 126
231 127
232 127
233 128
234 129
235 130
236 130
237 131
238 132
239 133
240 133
241 134
242 135
243 135
244 136
245 137
246 138
247 138
248 139
249 140
250 140
251 141
252 142
253 142
254 143
255 144
256 144
257 145
258 145
259 146
260 146
261 147
262 147
263 148
264 148
265 149
266 149
267 150
268 150
269 151
270 151
271 151
272 152
273 152
274 153
275 153
276 153
277 154
278 154
279 155
280 155
281 155
282 156
283 156
284 157
285 157
286 157
287 158
288 158
289 159
290 159
291 159
292 160
293 160
294 161
295 161
296 162
297 163
298 163
299 164
300 164
301 165
302 166
303 167
304 168
305 168
306 169
307 170
308 171
309 172
309 173
310 174
311 175
312 176
313 177
314 178
314 179
315 180
316 181
317 182
317 183
318 184
319 185
320 186
320 187
321 188
322 189
322 190
323 191
324 192
325 193
325 194
326 195
327 196
328 197
329 198
329 199
330 200
331 201
332 202
333 203
334 204
335 205
336 206
337 207
338 208
339 209
340 210
341 211
342 212
343 213
344 213
345 214
346 215
347 215
348 216
349 217
350 217
351 217
352 218
353 218
354 219
355 219
356 219
357 219
358 219
359 220
360 220
361 220
362 220
363 220
364 220
365 220
366 219
367 219
368 219
369 219
370 219
371 218
372 218
373 218
374 218
375 217
376 217
377 217
378 216
379 216
380 215
381 215
382 214
383 214
384 214
385 213
386 212
387 212
388 211
389 211
390 210
391 210
392 209
393 208
394 208
395 207
396 206
397 206
398 205
399 204
400 204
401 203
402 202
403 202
404 201
405 200
406 199
407 199
408 198
409 197
410 197
411 196
412 195
413 195
414 194
415 193
416 192
417 192
418 191
419 191
420 190
421 189
422 189
423 188
424 187
425 187
426 186
427 186
428 185
429 185
430 184
431 184
432 183
433 183
434 182
435 182
436 182
437 181
438 181
439 180
440 180
441 180
442 179
443 179
444 179
445 179
446 178
447 178
448 178
449 178
450 178
451 177
452 177
453 177
454 177
455 177
456 177
457 177
458 177
459 177
460 177
461 177
462 177
463 177
464 177
465 177
466 177
467 177
468 177
469 177
470 177
471 177
472 177
473 177
474 177
475 177
476 178
477 178
478 178
479 178
480 178
481 178
482 179
483 179
484 179
485 179
486 180
487 180
488 180
489 181
490 181
491 181
492 182
493 182
494 182
495 183
496 183
497 183
498 184
499 184
500 184
501 185
502 185
503 186
504 186
505 186
506 187
507 187
508 187
509 188
510 188
511 188
512 189
513 189
514 189
515 189
516 190
517 190
518 190
519 190
520 190
521 191
522 191
523 191
524 191
525 191
526 191
527 191
528 191
529 191
530 191
531 191
532 192
533 192
534 192
535 192
536 192
537 192
538 192
539 191
540 191
541 191
542 191
543 191
544 191
545 191
546 191
547 191
548 191
549 191
550 191
551 191
552 191
553 191
554 191
555 191
556 191
557 191
558 191
559 191
560 191
561 191
562 191
563 191
564 191
565 191
566 191
567 191
568 191
569 192
570 192
571 192
572 192
573 192
574 192
575 192
576 192
577 192
578 192
579 193
