9 22
10 22
11 22
12 23
13 23
14 24
15 24
16 25
17 25
18 26
19 26
20 27
21 27
22 27
23 28
24 28
25 29
26 29
27 30
28 30
29 31
30 31
31 32
32 32
33 33
34 33
35 34
36 34
37 35
38 35
39 36
40 36
41 37
42 37
43 38
44 38
45 39
46 39
47 40
48 40
49 41
50 41
51 42
52 43
53 43
54 44
55 44
56 45
57 46
58 46
59 47
60 48
61 48
62 49
63 50
64 50
65 51
66 52
67 53
68 53
69 54
70 55
71 56
72 57
73 57
74 58
75 59
76 60
77 61
78 62
79 62
80 63
81 64
82 65
83 66
84 66
85 67
86 68
87 69
88 69
89 70
90 71
91 71
92 72
93 73
94 73
95 74
96 74
97 75
98 75
99 76
100 76
101 76
102 77
103 77
104 77
105 78
106 78
107 78
108 78
109 78
110 78
111 78
112 78
113 78
114 78
115 78
116 78
117 77
118 77
119 77
120 77
121 76
122 76
123 76
124 75
125 75
126 75
127 74
128 74
129 74
130 73
131 73
132 72
133 72
134 72
135 72
136 71
137 71
138 71
139 71
140 71
141 70
142 70
143 70
144 70
145 70
146 71
147 71
148 71
149 71
150 71
151 72
152 72
153 72
154 73
155 73
156 74
157 74
158 75
159 76
160 77
161 77
162 78
163 79
164 80
165 81
166 81
167 82
168 83
169 84
170 85
171 86
172 87
173 88
174 89
175 90
176 91
177 92
178 93
179 94
180 95
181 96
182 97
183 98
184 99
185 100
186 101
186 102
187 103
188 104
189 105
190 106
191 107
192 108
193 109
194 110
195 111
196 112
197 113
198 114
199 115
200 116
201 117
202 118
203 119
204 120
205 121
206 122
207 123
208 124
209 124
210 125
211 126
212 127
213 128
214 129
215 130
216 130
217 131
218 132
219 133
220 134
221 134
222 135
223 136
224 136
225 137
226 137
227 138
228 139
229 139
230 140
231 140
232 141
233 141
234 142
235 142
236 143
