15 1
16 2
17 3
17 4
18 5
18 6
19 7
19 8
20 9
21 10
21 11
22 12
22 13
23 14
24 15
24 16
25 17
25 18
26 19
27 20
27 21
28 22
29 23
29 24
30 25
31 26
31 27
32 28
33 29
34 30
35 31
36 32
37 33
38 34
39 35
40 36
41 37
42 37
43 38
44 38
45 39
46 39
47 39
48 40
49 40
50 40
51 40
52 40
53 40
54 40
55 39
56 39
57 39
58 39
59 39
60 39
61 39
62 39
63 39
64 39
65 39
66 39
67 39
68 39
69 39
70 39
71 40
72 40
73 40
74 40
75 40
76 41
77 41
78 41
79 41
80 42
81 42
82 42
83 43
84 43
85 43
86 44
87 44
88 44
89 45
90 45
91 46
92 46
93 47
94 48
95 48
96 49
97 50
98 50
99 51
100 52
101 53
102 54
103 55
104 56
105 57
105 58
106 59
107 60
108 61
109 62
110 63
111 64
112 65
113 66
113 67
114 68
115 69
116 70
117 71
117 72
118 73
119 74
120 75
121 76
122 77
123 78
124 78
125 79
126 79
127 79
128 79
129 78
130 78
131 77
132 76
133 75
134 74
135 73
136 72
137 71
138 70
139 69
140 68
141 67
142 67
143 66
144 65
145 64
146 64
147 63
148 63
149 63
150 63
151 63
152 63
153 63
154 63
155 63
156 64
157 64
158 65
159 65
160 65
161 66
162 66
163 66
164 66
165 67
166 67
167 67
168 67
169 67
170 66
171 66
172 66
173 66
174 66
175 65
176 65
177 65
178 65
179 65
180 64
181 64
182 64
183 64
184 64
185 64
186 64
187 64
188 64
189 64
190 65
191 65
192 65
193 65
194 66
195 66
196 67
197 67
198 67
199 68
200 68
201 68
202 69
203 69
204 69
205 70
206 70
207 70
208 70
209 71
210 71
211 71
212 71
213 71
214 72
215 72
216 72
217 72
218 72
219 72
220 73
