9 40
10 41
10 42
10 43
11 44
11 45
12 46
12 47
13 48
13 49
13 50
14 51
14 52
15 53
15 54
16 55
16 56
16 57
17 58
17 59
18 60
18 61
19 62
19 63
20 64
20 65
20 66
21 67
21 68
22 69
22 70
23 71
23 72
23 73
24 74
24 75
25 76
25 77
26 78
26 79
27 80
27 81
28 82
28 83
29 84
29 85
29 86
30 87
31 88
31 89
32 90
32 91
33 92
33 93
34 94
35 95
35 96
36 97
37 98
38 99
39 100
40 101
41 101
42 102
43 102
44 102
45 102
46 102
47 102
48 102
49 102
50 101
51 101
52 101
53 101
54 101
55 100
56 100
57 100
58 100
59 100
60 100
61 100
62 100
63 100
64 100
65 100
66 100
67 100
68 100
69 100
70 100
71 99
72 99
73 99
74 99
75 99
76 98
77 98
78 98
79 97
80 97
81 97
82 96
83 96
84 95
85 95
86 94
87 94
88 93
89 93
90 92
91 91
92 91
93 90
94 90
95 89
96 88
97 88
98 87
99 86
100 86
101 85
102 84
103 83
104 83
105 82
106 81
107 80
108 80
109 79
110 78
111 77
112 77
113 76
114 75
115 75
116 74
117 73
118 72
119 72
120 71
121 70
122 70
123 69
124 68
125 68
126 67
127 66
128 66
129 65
130 65
131 64
132 63
133 63
134 62
135 62
136 61
137 61
138 61
139 60
140 60
141 59
142 59
143 58
144 58
145 58
146 58
147 57
148 57
149 57
150 56
151 56
152 56
153 56
154 56
155 55
156 55
157 55
158 55
159 55
160 55
161 54
162 54
163 54
164 54
165 54
166 54
167 54
168 54
169 54
170 54
171 54
172 54
173 54
174 54
175 55
176 55
177 56
178 56
179 57
180 58
181 59
182 60
183 61
183 62
184 63
185 64
185 65
186 66
186 67
187 68
188 69
188 70
189 71
190 72
190 73
191 74
192 75
193 76
194 77
195 78
196 79
197 80
198 81
199 82
200 82
201 83
202 84
203 84
204 85
205 85
206 85
207 86
208 86
209 86
210 86
211 85
212 85
213 85
214 85
215 84
216 84
217 83
218 83
219 82
220 81
221 81
222 80
223 80
224 79
225 78
226 78
227 77
228 76
229 75
230 75
231 74
232 73
233 73
234 72
235 71
236 70
237 70
238 69
239 68
240 68
241 67
242 66
243 66
244 65
245 64
246 64
247 63
248 63
249 62
250 62
251 61
252 61
253 60
254 60
255 59
256 59
257 59
258 58
259 58
260 58
261 58
262 58
263 58
264 58
265 58
266 58
267 58
268 58
269 59
270 59
271 59
272 60
273 61
274 61
275 62
276 63
277 64
278 65
279 66
279 67
280 68
281 69
282 70
283 71
283 72
284 73
285 74
285 75
286 76
287 77
288 78
288 79
289 80
290 81
290 82
291 83
292 84
292 85
293 86
294 87
295 88
295 89
296 90
296 91
297 92
298 93
298 94
299 95
300 96
300 97
301 98
302 99
302 100
303 101
304 102
304 103
305 104
305 105
306 106
307 107
307 108
308 109
309 110
309 111
310 112
310 113
311 114
312 115
312 116
313 117
313 118
314 119
315 120
315 121
316 122
316 123
317 124
317 125
318 126
319 127
319 128
320 129
320 130
321 131
321 132
322 133
323 134
323 135
324 136
324 137
325 138
326 139
326 140
327 141
327 142
328 143
329 144
329 145
330 146
331 147
332 148
333 149
333 150
334 151
335 152
336 153
337 154
338 155
339 155
340 156
341 157
342 157
343 158
344 158
345 159
346 159
347 159
348 159
349 159
350 159
351 159
352 159
353 159
354 159
355 159
356 159
357 158
358 158
359 158
360 157
361 157
362 156
363 156
364 155
365 155
366 154
367 154
368 153
369 153
370 152
371 151
372 150
373 150
374 149
375 148
376 147
377 147
378 146
379 145
380 144
381 143
382 142
383 141
384 141
385 140
386 139
387 138
388 137
389 136
390 135
391 134
392 133
393 132
394 131
395 130
396 129
397 128
398 127
399 126
400 125
401 124
402 123
403 122
404 121
405 121
406 120
407 119
408 118
409 117
410 116
411 115
412 114
413 113
414 112
415 112
416 111
417 110
418 109
419 109
420 108
421 107
422 107
423 106
424 106
425 106
426 105
427 105
428 104
429 104
430 104
431 104
432 104
433 104
434 103
435 103
436 103
437 103
438 103
439 103
440 103
441 103
442 103
443 103
444 103
445 103
446 103
447 102
448 102
449 102
450 102
451 102
452 102
453 102
454 101
455 101
456 101
457 101
458 100
459 100
460 100
461 99
462 99
463 99
464 98
465 98
466 98
