7 18
8 19
8 20
8 21
9 22
9 23
9 24
10 25
10 26
10 27
11 28
11 29
11 30
12 31
12 32
12 33
13 34
13 35
13 36
14 37
14 38
15 39
15 40
15 41
16 42
16 43
16 44
17 45
17 46
17 47
18 48
18 49
19 50
19 51
19 52
20 53
20 54
21 55
21 56
21 57
22 58
22 59
23 60
23 61
23 62
24 63
24 64
25 65
25 66
26 67
26 68
27 69
27 70
28 71
28 72
29 73
29 74
30 75
30 76
31 77
32 78
32 79
33 80
33 81
34 82
35 83
35 84
36 85
37 86
37 87
38 88
39 89
40 90
40 91
41 92
42 93
43 94
44 95
45 96
45 97
46 98
47 99
48 100
49 101
50 102
51 103
52 103
53 104
54 105
55 106
56 107
57 107
58 108
59 109
60 109
61 110
62 110
63 111
64 111
65 112
66 112
67 112
68 113
69 113
70 113
71 113
72 113
73 113
74 113
75 113
76 113
77 112
78 112
79 112
80 112
81 111
82 111
83 111
84 110
85 110
86 109
87 109
88 109
89 108
90 108
91 107
92 107
93 107
94 106
95 106
96 105
97 105
98 105
99 104
100 104
101 104
102 103
103 103
104 103
105 102
106 102
107 102
108 101
109 101
110 101
111 101
112 100
113 100
114 100
115 100
116 99
117 99
118 99
119 99
120 99
121 99
122 98
123 98
124 98
125 98
126 98
127 97
128 97
129 97
130 97
131 96
132 96
133 96
134 96
135 95
136 95
137 95
138 94
139 94
140 94
141 93
142 93
143 92
144 92
145 92
146 91
147 91
148 91
149 90
150 90
151 90
152 89
153 89
154 89
155 88
156 88
157 88
158 88
159 87
160 87
161 87
162 87
163 87
164 87
165 87
166 87
167 87
168 87
169 87
170 87
171 87
172 87
173 88
174 88
175 88
176 88
177 89
178 89
179 89
180 89
181 90
182 90
183 90
184 90
185 90
186 91
187 91
188 91
189 91
190 91
191 91
192 91
193 90
194 90
195 90
196 90
197 89
198 89
199 89
200 88
201 88
202 88
203 87
204 87
205 86
206 86
207 86
208 85
209 85
210 84
211 84
212 84
213 83
214 83
215 83
216 82
217 82
218 82
219 82
220 81
221 81
222 81
223 81
224 80
225 80
226 80
227 80
228 79
229 79
230 79
231 79
232 78
233 78
234 78
235 77
236 77
237 77
238 76
239 76
240 76
241 75
242 75
243 75
244 74
245 74
246 73
247 73
248 73
249 72
250 72
251 71
252 71
253 71
254 70
255 70
256 70
257 69
258 69
259 69
260 68
261 68
262 68
263 68
264 67
265 67
266 67
267 67
268 67
269 67
270 67
271 67
272 67
273 67
274 67
275 67
276 67
277 68
278 68
279 68
280 68
281 68
282 68
283 68
284 68
285 68
286 69
287 69
288 69
289 69
290 69
291 69
292 69
293 69
294 69
295 70
296 70
297 70
298 70
299 70
300 70
301 70
302 70
303 70
304 70
305 70
306 70
307 70
308 70
309 70
310 70
311 70
312 70
313 70
314 70
315 70
316 70
317 70
318 70
319 70
320 70
321 69
322 69
323 69
324 69
325 69
326 69
327 69
328 69
329 69
330 68
331 68
332 68
333 68
334 68
335 68
336 68
337 68
338 68
339 68
340 68
341 68
342 68
343 68
344 68
345 68
346 68
347 68
348 68
349 68
350 69
351 69
352 69
353 69
354 69
355 69
356 70
357 70
358 70
359 70
360 71
361 71
362 71
363 71
364 72
365 72
366 72
367 73
368 73
369 73
370 74
371 74
372 74
373 75
374 75
375 76
376 76
377 77
378 77
379 78
380 78
381 79
382 79
383 80
384 80
385 81
386 82
387 83
388 83
389 84
390 85
391 86
392 86
393 87
394 88
395 89
396 90
397 91
398 92
