9 9
9 10
10 11
10 12
10 13
11 14
11 15
11 16
11 17
12 18
12 19
12 20
13 21
13 22
13 23
13 24
14 25
14 26
14 27
15 28
15 29
15 30
16 31
16 32
16 33
16 34
17 35
17 36
17 37
18 38
18 39
18 40
19 41
19 42
19 43
20 44
20 45
20 46
21 47
21 48
22 49
22 50
22 51
23 52
23 53
24 54
24 55
24 56
25 57
25 58
26 59
26 60
27 61
27 62
28 63
28 64
29 65
29 66
30 67
30 68
31 69
32 70
32 71
33 72
33 73
34 74
35 75
36 76
36 77
37 78
38 79
39 80
39 81
40 82
41 83
42 84
43 85
44 86
45 87
46 88
47 89
48 90
49 90
50 91
51 92
52 93
53 94
54 94
55 95
56 96
57 96
58 97
59 98
60 98
61 99
62 100
63 100
64 101
65 101
66 102
67 103
68 103
69 104
70 104
71 105
72 105
73 106
74 106
75 107
76 107
77 108
78 108
79 109
80 110
81 110
82 111
83 111
84 112
85 112
86 113
87 113
88 114
89 114
90 115
91 115
92 116
93 116
94 117
95 117
96 118
97 118
98 119
99 119
100 120
101 120
102 121
103 121
104 121
105 122
106 122
107 123
108 123
109 124
110 124
111 124
112 125
113 125
114 125
115 126
116 126
117 126
118 127
119 127
120 127
121 127
122 128
123 128
124 128
125 128
126 128
127 128
128 129
129 129
130 129
131 129
132 129
133 129
134 129
135 129
136 129
137 129
138 129
139 129
140 129
141 129
142 129
143 129
144 129
145 129
146 129
147 129
148 129
149 130
150 130
151 130
152 130
153 131
154 131
155 131
156 131
157 131
158 132
159 132
160 132
161 132
162 132
163 132
164 132
165 131
166 131
167 131
168 131
169 130
170 130
171 129
172 129
173 128
174 128
175 127
176 127
177 126
178 125
179 125
180 124
181 123
182 122
183 121
184 120
185 119
186 118
187 117
188 116
189 115
190 114
191 113
191 112
192 111
193 110
194 109
194 108
195 107
196 106
197 105
197 104
198 103
199 102
199 101
200 100
201 99
201 98
202 97
203 96
203 95
204 94
205 93
205 92
206 91
207 90
208 89
208 88
209 87
210 86
211 85
212 84
213 84
214 84
215 83
216 83
217 83
218 83
219 84
220 84
221 85
222 86
223 87
224 88
225 89
225 90
226 91
227 92
227 93
228 94
228 95
229 96
229 97
230 98
231 99
231 100
232 101
232 102
233 103
233 104
234 105
234 106
235 107
235 108
236 109
236 110
237 111
237 112
238 113
238 114
239 115
240 116
240 117
241 118
241 119
242 120
242 121
243 122
244 123
244 124
245 125
246 126
246 127
247 128
248 129
248 130
249 131
250 132
250 133
251 134
252 135
253 136
254 137
254 138
255 139
256 140
257 141
258 142
259 143
260 144
261 145
262 146
263 147
264 148
265 149
266 150
267 150
268 151
269 152
270 152
271 153
272 154
273 154
274 155
275 155
276 155
277 156
278 156
279 156
280 157
281 157
282 157
283 157
284 157
285 157
286 157
287 157
288 157
289 157
290 157
291 157
292 156
293 156
294 156
295 156
296 155
297 155
298 155
299 154
300 154
301 153
302 153
303 152
304 152
305 151
306 151
307 150
308 149
309 149
310 148
311 148
312 147
313 146
314 146
315 145
316 144
317 144
318 143
319 143
320 142
321 141
322 141
323 140
324 140
325 139
326 139
327 138
328 138
329 137
330 137
331 137
332 137
333 136
334 136
335 136
336 136
337 136
338 136
339 136
340 136
341 136
342 136
343 136
344 136
345 137
346 137
347 137
348 138
349 138
350 139
351 139
352 140
353 141
354 142
355 142
356 143
357 144
358 145
358 146
359 147
360 148
361 149
362 150
363 151
364 152
364 153
365 154
366 155
367 156
367 157
368 158
369 159
370 160
370 161
371 162
372 163
373 164
374 165
374 166
375 167
376 168
377 169
378 170
379 171
380 172
380 173
381 174
382 175
383 176
384 177
385 178
386 179
387 180
388 181
389 182
390 183
391 184
392 185
393 186
394 187
395 188
396 189
397 190
398 191
399 192
400 193
401 193
402 194
403 195
404 196
405 197
406 198
407 199
408 199
409 200
410 201
411 202
412 202
413 203
414 204
415 205
416 205
417 206
418 207
419 207
420 208
421 208
422 209
423 209
424 210
425 210
426 211
427 211
428 212
429 212
430 212
431 213
432 213
433 213
434 213
435 213
436 214
437 214
438 213
439 213
440 213
441 213
442 213
443 212
444 212
445 211
446 211
447 210
448 209
449 209
450 208
451 207
452 206
453 205
454 204
455 203
456 202
457 201
458 200
459 199
460 198
461 197
462 196
462 195
463 194
464 193
465 192
466 191
466 190
467 189
468 188
469 187
469 186
470 185
471 184
472 183
472 182
473 181
474 180
475 179
475 178
476 177
477 176
477 175
478 174
479 173
480 172
480 171
481 170
482 169
482 168
483 167
484 166
485 165
485 164
486 163
487 162
488 161
488 160
489 159
490 158
491 157
491 156
492 155
493 154
494 153
494 152
495 151
496 150
497 149
497 148
498 147
499 146
500 145
500 144
501 143
502 142
503 141
504 140
504 139
505 138
506 137
507 136
508 135
509 134
510 133
511 132
511 131
512 130
513 129
514 128
515 127
516 126
517 126
518 125
519 124
520 123
521 122
522 121
523 121
524 120
525 119
526 119
527 118
528 117
529 117
530 116
531 116
532 115
533 115
534 114
535 114
536 114
537 113
538 113
539 113
540 113
541 113
542 113
543 113
544 113
545 113
546 113
547 113
548 113
549 113
550 113
551 114
552 114
553 114
554 114
555 115
556 115
557 115
558 116
559 116
560 116
561 117
562 117
563 117
564 118
565 118
566 118
567 119
568 119
569 119
570 120
571 120
572 120
573 120
574 121
575 121
576 121
577 121
578 122
579 122
580 122
581 122
582 122
583 122
584 123
585 123
586 123
587 123
588 123
589 123
590 123
591 124
592 124
593 124
594 124
595 124
596 124
597 124
598 124
599 125
