25 36
26 36
27 37
28 38
29 39
30 40
31 41
32 42
32 43
33 44
34 45
35 46
36 47
37 48
38 49
39 50
40 51
41 52
42 53
43 54
44 55
45 56
45 57
46 58
47 59
48 60
49 61
50 62
51 63
51 64
52 65
53 66
54 67
54 68
55 69
56 70
57 71
57 72
58 73
59 74
59 75
60 76
61 77
61 78
62 79
62 80
63 81
64 82
64 83
65 84
65 85
66 86
67 87
67 88
68 89
69 90
69 91
70 92
71 93
71 94
72 95
73 96
74 97
75 98
75 99
76 100
77 101
78 102
79 103
80 104
81 105
82 106
83 107
84 108
85 109
86 110
87 111
88 112
89 113
90 113
91 114
92 115
93 116
94 117
95 117
96 118
97 119
98 119
99 120
100 121
101 122
102 122
103 123
104 124
105 124
106 125
107 126
108 126
109 127
110 128
111 128
112 129
113 130
114 130
115 131
116 132
117 132
118 133
119 134
120 134
121 135
122 136
123 136
124 137
125 137
126 138
127 139
128 139
129 140
130 140
131 141
132 141
133 141
134 142
135 142
136 142
137 143
138 143
139 143
140 143
141 143
142 143
143 143
144 143
145 143
146 143
147 142
148 142
149 142
150 142
151 141
152 141
153 140
154 140
155 139
156 139
157 139
158 138
159 138
160 137
161 137
162 137
163 136
164 136
165 136
166 135
167 135
168 135
169 134
170 134
171 134
172 134
173 134
174 133
175 133
176 133
177 133
178 133
179 133
180 133
181 133
182 133
183 133
184 133
185 133
186 133
187 133
188 133
189 133
190 134
191 134
192 134
193 134
194 134
195 134
196 134
197 134
198 135
199 135
200 135
201 135
202 135
203 135
204 135
205 136
206 136
207 136
208 136
209 136
210 136
211 136
212 136
213 136
214 136
215 136
216 136
217 136
218 136
219 136
220 136
221 136
222 136
223 136
224 136
225 135
226 135
227 135
228 135
229 135
230 135
231 134
232 134
233 134
234 134
235 134
236 133
237 133
238 133
239 133
240 133
241 132
242 132
243 132
244 131
245 131
246 131
247 131
248 130
249 130
250 130
251 129
252 129
253 129
254 128
255 128
256 127
257 127
258 127
259 126
260 126
261 125
262 125
263 124
264 124
265 123
266 122
267 122
268 121
269 121
270 120
271 120
272 119
273 118
274 118
275 117
276 117
277 116
278 116
279 115
280 115
281 114
282 114
283 113
284 113
285 112
286 112
287 111
288 111
289 110
290 109
291 108
292 108
293 107
294 106
295 105
296 104
297 103
298 102
299 101
300 100
301 99
302 98
302 97
303 96
304 95
305 94
306 93
306 92
307 91
308 90
309 89
309 88
310 87
311 86
311 85
312 84
313 83
313 82
314 81
315 80
315 79
316 78
316 77
317 76
318 75
318 74
319 73
320 72
