11 17
11 18
12 19
12 20
13 21
13 22
14 23
14 24
14 25
15 26
15 27
16 28
16 29
17 30
17 31
17 32
18 33
18 34
19 35
19 36
20 37
20 38
21 39
21 40
22 41
22 42
23 43
23 44
24 45
24 46
25 47
25 48
26 49
26 50
27 51
28 52
28 53
29 54
29 55
30 56
31 57
32 58
32 59
33 60
34 61
34 62
35 63
36 64
37 65
38 66
39 67
40 68
41 69
42 70
43 71
44 72
45 73
46 73
47 74
48 75
49 75
50 76
51 77
52 77
53 78
54 78
55 78
56 79
57 79
58 80
59 80
60 80
61 81
62 81
63 82
64 82
65 82
66 83
67 83
68 84
69 84
70 85
71 85
72 86
73 87
74 87
75 88
76 89
77 90
78 90
79 91
80 92
81 93
82 94
82 95
83 96
84 97
85 98
86 99
86 100
87 101
88 102
88 103
89 104
90 105
91 106
91 107
92 108
93 109
93 110
94 111
95 112
96 113
96 114
97 115
98 116
99 117
99 118
100 119
101 120
102 121
103 122
104 123
105 124
106 125
107 126
108 127
109 128
110 128
111 129
112 130
113 130
114 131
115 132
116 132
117 132
118 133
119 133
120 133
121 134
122 134
123 134
124 134
125 134
126 134
127 134
128 134
129 134
130 134
131 134
132 134
133 134
134 134
135 133
136 133
137 133
138 133
139 133
140 133
141 132
142 132
143 132
144 132
145 131
146 131
147 131
148 131
149 130
150 130
151 130
152 130
153 129
154 129
155 129
156 129
157 129
158 129
159 128
160 128
161 128
162 128
163 128
164 128
165 128
166 128
167 128
168 128
169 128
170 128
171 129
172 129
173 129
174 129
175 130
176 130
177 131
178 131
179 131
180 132
181 133
182 133
183 134
184 135
185 135
186 136
187 137
188 138
189 139
190 140
191 141
192 142
192 143
193 144
194 145
195 146
196 147
196 148
197 149
198 150
199 151
199 152
200 153
201 154
202 155
203 156
203 157
204 158
205 159
206 160
207 160
208 161
209 162
210 163
211 163
212 164
213 164
214 164
215 165
216 165
217 165
218 164
219 164
220 164
221 163
222 163
223 162
224 162
225 161
226 161
227 160
228 159
229 159
230 158
231 158
232 157
233 157
234 156
235 156
236 155
237 155
238 155
239 154
240 154
241 154
242 154
243 153
244 153
245 153
246 153
247 153
248 153
249 153
250 153
251 153
252 153
253 153
254 153
255 153
256 153
257 153
258 153
259 154
260 154
261 154
262 155
263 155
264 155
265 156
266 156
267 157
268 157
269 157
270 158
271 158
272 159
273 160
274 160
275 161
276 161
277 162
278 163
279 164
280 164
281 165
282 166
283 166
284 167
285 168
286 169
287 170
288 170
289 171
290 172
291 172
292 173
293 174
294 174
295 175
296 176
297 176
298 177
299 177
300 178
301 178
302 179
303 179
304 179
305 179
306 180
307 180
308 180
309 180
310 180
311 180
312 180
313 180
314 180
315 180
316 180
317 179
318 179
319 178
320 178
321 177
322 177
323 176
324 176
325 175
326 174
327 173
328 173
329 172
330 171
331 170
332 169
333 168
334 167
335 166
335 165
336 164
337 163
338 162
339 161
339 160
340 159
341 158
342 157
342 156
343 155
344 154
345 153
345 152
346 151
347 150
347 149
348 148
349 147
349 146
350 145
351 144
351 143
352 142
353 141
353 140
354 139
355 138
355 137
356 136
357 135
358 134
358 133
359 132
360 131
360 130
361 129
362 128
363 127
363 126
364 125
365 124
366 123
367 122
367 121
368 120
369 119
370 118
371 117
371 116
372 115
373 114
374 113
375 112
375 111
376 110
377 109
378 108
379 107
380 106
380 105
381 104
382 103
383 102
384 101
384 100
385 99
386 98
387 97
388 96
388 95
389 94
390 93
391 92
391 91
392 90
393 89
394 88
395 87
395 86
396 85
397 84
398 83
398 82
399 81
400 80
401 79
401 78
402 77
403 76
404 75
405 74
406 73
