16 44
17 44
18 44
19 45
20 45
21 45
22 46
23 46
24 47
25 47
26 48
27 48
28 49
29 49
30 50
31 50
32 51
33 51
34 52
35 53
36 54
37 54
38 55
39 56
40 57
41 58
42 58
43 59
44 60
45 61
46 62
47 63
48 64
48 65
49 66
50 67
51 68
52 69
53 70
54 71
55 72
55 73
56 74
57 75
58 76
59 77
59 78
60 79
61 80
62 81
62 82
63 83
64 84
65 85
65 86
66 87
67 88
68 89
68 90
69 91
70 92
70 93
71 94
72 95
73 96
73 97
74 98
75 99
75 100
76 101
77 102
78 103
78 104
79 105
80 106
81 107
81 108
82 109
83 110
84 111
84 112
85 113
86 114
87 115
87 116
88 117
89 118
90 119
91 120
92 121
93 122
93 123
94 124
95 125
96 126
97 127
98 128
99 129
100 130
101 131
102 131
103 132
104 133
105 134
106 135
107 135
108 136
109 137
110 137
111 138
112 139
113 139
114 140
115 140
116 141
117 141
118 141
119 142
120 142
121 143
122 143
123 143
124 143
125 144
126 144
127 144
128 144
129 144
130 144
131 145
132 145
133 145
134 145
135 145
136 144
137 144
138 144
139 144
140 144
141 144
142 143
143 143
144 143
145 143
146 142
147 142
148 141
149 141
150 140
151 140
152 139
153 139
154 138
155 138
156 137
157 137
158 136
159 135
160 134
161 134
162 133
163 132
164 131
165 130
166 130
167 129
168 128
169 127
170 126
171 125
172 124
173 123
174 122
174 121
175 120
176 119
177 118
178 117
179 116
180 115
180 114
181 113
182 112
183 111
184 110
184 109
185 108
186 107
187 106
188 105
189 104
190 103
191 102
192 101
193 100
194 99
195 98
196 97
197 96
198 95
199 95
200 94
201 94
202 93
203 93
204 92
205 92
206 92
207 91
208 91
209 91
210 91
211 91
212 91
213 91
214 91
215 92
216 92
217 92
218 92
219 93
220 93
221 94
222 94
223 95
224 95
225 96
226 96
227 97
228 97
229 98
230 99
231 99
232 100
233 101
234 101
235 102
236 103
237 104
238 104
239 105
240 106
241 107
242 107
243 108
244 109
245 110
246 110
247 111
248 112
249 112
250 113
251 114
252 114
253 115
254 115
255 116
256 116
257 117
258 117
259 118
260 118
261 118
262 119
263 119
264 119
265 119
266 120
267 120
268 120
269 120
270 120
271 120
272 121
273 121
274 121
275 121
276 121
277 121
278 121
279 121
280 121
281 121
282 121
283 121
284 121
285 121
286 121
287 121
288 121
289 120
290 120
291 120
292 120
293 120
294 120
295 120
296 120
297 120
298 120
299 119
300 119
301 119
302 119
303 119
304 119
305 119
306 118
307 118
308 118
309 118
310 118
311 117
312 117
313 117
314 117
315 116
316 116
317 116
318 116
319 115
320 115
321 115
322 114
323 114
324 114
325 113
326 113
327 112
328 112
329 112
330 111
331 111
332 110
333 110
334 109
335 109
336 108
337 108
338 107
339 107
340 106
341 105
342 105
343 104
344 104
345 103
346 102
347 102
348 101
349 100
350 100
351 99
352 98
353 97
354 97
355 96
356 95
357 95
358 94
359 93
360 92
361 92
362 91
363 90
364 90
365 89
366 88
367 88
368 87
369 86
370 86
371 85
372 84
373 84
374 83
375 83
376 82
377 81
378 81
379 80
380 80
381 79
382 79
383 78
384 78
385 77
386 77
387 76
388 76
389 75
390 75
391 74
392 74
393 73
394 73
395 73
396 72
397 72
398 72
399 71
400 71
401 71
402 70
403 70
404 70
405 69
406 69
407 69
408 69
409 68
410 68
411 68
412 68
413 68
414 68
415 67
416 67
417 67
418 67
419 67
420 67
421 67
422 67
423 67
424 67
425 67
426 67
427 67
428 67
429 67
430 67
431 67
432 67
433 67
434 67
435 67
436 67
437 68
438 68
439 68
440 68
441 68
442 68
443 69
444 69
445 69
446 69
447 70
448 70
449 70
450 71
451 71
452 71
453 72
454 72
455 72
456 73
457 73
458 74
459 74
460 74
461 75
462 75
463 76
464 76
465 77
466 77
467 77
468 78
469 78
470 79
471 79
472 79
473 80
474 80
475 80
476 81
477 81
478 81
479 81
480 82
481 82
482 82
483 82
484 82
485 82
486 82
487 82
488 83
489 82
490 82
491 82
492 82
493 82
494 82
495 82
496 81
497 81
498 81
499 81
500 80
501 80
502 80
503 79
504 79
505 78
506 78
507 78
508 77
509 77
510 76
511 76
512 76
513 75
514 75
515 74
516 74
517 74
518 74
519 73
520 73
521 73
522 73
523 73
524 73
525 73
526 73
527 74
528 74
529 74
530 75
531 76
532 76
533 77
534 78
535 79
536 80
537 81
538 82
539 83
539 84
540 85
541 86
542 87
542 88
543 89
544 90
545 91
545 92
546 93
547 94
548 95
548 96
549 97
550 98
550 99
551 100
552 101
552 102
553 103
554 104
555 105
555 106
556 107
557 108
558 109
558 110
559 111
560 112
561 113
561 114
562 115
563 116
564 117
565 118
566 119
566 120
567 121
568 122
569 123
570 124
571 125
572 126
573 127
574 128
575 129
576 130
577 131
578 132
579 133
580 134
581 135
582 136
583 137
584 138
585 139
586 140
587 141
588 142
589 143
590 144
591 145
592 145
593 146
594 147
595 148
596 149
597 150
597 151
