42 12
43 13
44 14
45 15
45 16
46 17
47 18
48 19
49 20
50 21
50 22
51 23
52 24
53 25
54 26
54 27
55 28
56 29
57 30
58 31
58 32
59 33
60 34
61 35
61 36
62 37
63 38
64 39
64 40
65 41
66 42
67 43
67 44
68 45
69 46
69 47
70 48
70 49
71 50
72 51
72 52
73 53
74 54
74 55
75 56
75 57
76 58
76 59
77 60
78 61
78 62
79 63
79 64
80 65
80 66
81 67
81 68
82 69
83 70
83 71
84 72
84 73
85 74
86 75
86 76
87 77
88 78
88 79
89 80
90 81
91 82
91 83
92 84
93 85
94 86
95 87
96 88
97 88
98 89
99 90
100 90
101 91
102 92
103 92
104 93
105 93
106 93
107 94
108 94
109 94
110 95
111 95
112 95
113 95
114 95
115 95
116 95
117 95
118 95
119 95
120 95
121 95
122 94
123 94
124 94
125 94
126 93
127 93
128 93
129 92
130 92
131 92
132 91
133 91
134 90
135 90
136 89
137 89
138 88
139 88
140 87
141 87
142 86
143 86
144 85
145 85
146 84
147 83
148 83
149 82
150 81
151 81
152 80
153 80
154 79
155 78
156 78
157 77
158 76
159 75
160 75
161 74
162 73
163 73
164 72
165 71
166 70
167 70
168 69
169 69
