29 45
30 46
31 47
32 48
32 49
33 50
34 51
35 52
35 53
36 54
37 55
38 56
38 57
39 58
40 59
41 60
42 61
43 62
43 63
44 64
45 65
46 66
47 67
48 68
49 69
50 70
51 71
52 72
53 73
54 74
55 75
56 76
57 77
58 78
59 79
60 79
61 80
62 81
63 82
64 82
65 83
66 84
67 84
68 85
69 85
70 86
71 86
72 87
73 87
74 88
75 88
76 88
77 89
78 89
79 89
80 89
81 90
82 90
83 90
84 90
85 90
86 90
87 90
88 91
89 91
90 91
91 91
92 90
93 90
94 90
95 90
96 90
97 90
98 90
99 89
100 89
101 89
102 89
103 89
104 88
105 88
106 88
107 88
108 87
109 87
110 87
111 86
112 86
113 86
114 86
115 85
116 85
117 85
118 85
119 84
120 84
121 84
122 84
123 84
124 84
125 84
126 83
127 83
128 83
129 83
130 83
131 83
132 83
133 83
134 83
135 83
136 83
137 83
138 83
139 83
140 83
141 83
142 83
143 83
144 83
145 83
146 83
147 83
148 83
149 83
150 82
151 82
152 82
153 82
154 82
155 82
156 82
157 82
158 82
159 82
160 82
161 82
162 82
163 82
164 82
165 81
166 81
167 81
168 81
169 81
170 81
171 81
172 81
173 80
174 80
175 80
176 80
177 80
178 80
179 80
180 79
181 79
182 79
183 79
184 79
185 79
186 78
187 78
188 78
189 78
190 78
191 78
192 78
193 78
194 78
195 78
196 78
197 78
198 78
199 78
200 78
201 78
202 78
203 78
204 78
205 78
206 78
207 79
208 79
209 79
210 79
211 80
212 80
213 80
214 81
215 81
216 82
217 82
218 83
219 83
220 84
221 84
222 85
223 86
224 86
225 87
226 88
227 89
228 89
229 90
230 91
231 92
232 93
233 94
234 95
235 96
236 97
237 98
238 99
239 100
240 101
241 102
242 103
243 104
243 105
244 106
245 107
246 108
247 109
248 110
249 111
249 112
250 113
251 114
252 115
253 116
254 117
255 118
255 119
256 120
257 121
258 122
259 123
260 124
260 125
261 126
262 127
263 128
264 129
265 130
265 131
266 132
267 133
268 134
269 135
270 136
271 137
271 138
272 139
273 140
274 141
274 142
