30 47
31 47
32 47
33 47
34 47
35 47
36 48
37 48
38 48
39 48
40 48
41 48
42 48
43 49
44 49
45 49
46 49
47 49
48 49
49 49
50 49
51 49
52 50
53 50
54 50
55 50
56 51
57 51
58 51
59 52
60 52
61 53
62 53
63 54
64 54
65 55
66 56
67 56
68 57
69 58
70 59
71 60
72 60
73 61
74 62
75 63
76 64
77 65
78 66
79 66
80 67
81 68
82 69
83 70
84 71
85 72
86 72
87 73
88 74
89 75
90 75
91 76
92 77
93 78
94 78
95 79
96 80
97 80
98 81
99 82
100 82
101 83
102 83
103 84
104 84
105 85
106 85
107 86
108 86
109 86
110 87
111 87
112 87
113 88
114 88
115 88
116 88
117 89
118 89
119 89
120 89
121 89
122 89
123 90
124 90
125 90
126 90
127 90
128 91
129 91
130 91
131 91
132 91
133 92
134 92
135 92
136 93
137 93
138 93
139 94
140 94
141 94
142 95
143 95
144 96
145 96
146 96
147 97
148 97
149 98
150 98
151 99
152 100
153 100
154 101
155 101
156 102
157 102
158 103
159 104
160 104
161 105
162 106
163 106
164 107
165 108
166 109
167 110
168 110
169 111
170 112
171 113
172 114
173 115
173 116
174 117
175 118
176 119
177 120
178 121
178 122
179 123
180 124
181 125
182 126
183 127
183 128
184 129
185 130
186 131
187 132
188 133
189 133
190 134
191 135
192 136
193 136
194 137
195 138
196 138
197 138
198 139
199 139
200 139
201 140
202 140
203 140
204 140
205 140
206 140
207 140
208 140
209 140
210 140
211 140
212 140
213 140
214 140
215 139
216 139
217 139
218 139
219 138
220 138
221 138
222 138
223 137
224 137
225 137
226 136
227 136
228 135
229 135
230 135
231 134
232 134
233 133
234 133
235 132
236 132
237 131
238 131
239 130
240 130
241 129
242 129
243 128
244 128
245 127
246 127
247 126
248 125
249 125
250 124
251 124
252 123
253 123
254 122
255 122
256 121
257 120
258 120
259 119
260 119
261 118
262 118
263 117
264 117
265 116
266 116
267 115
268 115
269 114
270 114
271 113
272 113
273 112
274 112
275 111
276 111
277 111
278 110
279 110
280 109
281 109
282 109
283 108
284 108
285 108
286 107
287 107
288 107
289 107
290 106
291 106
292 106
293 106
294 106
295 106
296 106
297 105
298 105
299 105
300 105
301 105
302 105
303 105
304 106
305 106
306 106
307 106
308 106
309 106
310 107
311 107
312 107
313 108
314 108
315 108
316 109
317 109
318 110
319 110
320 111
321 111
322 112
323 113
324 113
325 114
326 115
327 115
328 116
329 117
330 118
331 118
332 119
333 120
334 121
335 122
336 123
337 123
338 124
339 125
340 126
341 127
342 128
343 128
344 129
345 130
346 131
347 131
348 132
349 133
350 133
351 134
352 135
353 135
354 136
355 136
356 137
357 137
358 137
359 138
360 138
361 138
362 138
363 139
364 139
365 139
366 139
367 139
368 139
369 139
370 139
371 139
372 139
373 139
374 139
375 139
376 139
377 139
378 139
379 139
380 139
381 139
382 139
383 138
384 138
385 138
386 138
387 138
388 138
389 138
390 138
391 138
392 137
393 137
394 137
395 137
396 137
397 137
398 137
399 137
400 137
401 137
402 137
403 137
404 137
405 138
406 138
407 138
408 138
409 138
410 138
411 139
412 139
413 139
414 140
415 140
416 140
417 141
418 141
419 141
420 142
421 142
422 142
423 143
424 143
425 144
426 144
427 145
428 145
429 146
430 146
431 146
432 147
433 147
434 148
435 148
436 149
437 149
438 150
439 150
440 151
441 151
442 152
443 152
444 153
445 153
446 154
447 154
448 154
449 155
450 155
451 156
452 156
453 157
454 157
455 158
456 158
457 159
458 159
459 160
460 160
461 161
462 161
463 161
464 162
465 162
466 163
467 163
468 163
469 164
470 164
471 164
472 164
473 165
474 165
475 165
476 165
477 165
478 166
479 166
480 166
481 166
482 166
483 166
484 166
485 166
486 166
487 166
488 166
489 166
490 165
491 165
492 165
493 165
494 165
495 165
496 164
497 164
498 164
499 164
500 164
501 164
502 163
503 163
504 163
505 163
506 163
507 162
508 162
509 162
510 162
511 161
512 161
513 161
514 161
515 160
516 160
517 160
518 159
519 159
520 158
521 158
522 158
523 157
524 157
525 156
526 156
527 155
528 154
529 154
530 153
531 152
532 151
533 151
534 150
535 149
536 148
537 147
538 146
539 145
540 144
541 143
542 142
543 141
544 140
545 139
545 138
546 137
547 136
548 135
549 134
550 133
551 132
