15 42
16 43
16 44
17 45
17 46
18 47
18 48
19 49
20 50
20 51
21 52
21 53
22 54
23 55
23 56
24 57
24 58
25 59
25 60
26 61
27 62
27 63
28 64
28 65
29 66
29 67
30 68
30 69
31 70
31 71
32 72
33 73
33 74
34 75
34 76
35 77
35 78
36 79
36 80
37 81
37 82
38 83
38 84
39 85
39 86
40 87
40 88
41 89
41 90
42 91
42 92
43 93
43 94
44 95
44 96
45 97
45 98
46 99
46 100
47 101
47 102
48 103
48 104
48 105
49 106
49 107
50 108
50 109
51 110
51 111
52 112
52 113
53 114
53 115
54 116
54 117
55 118
55 119
56 120
56 121
57 122
58 123
58 124
59 125
59 126
60 127
60 128
61 129
62 130
62 131
63 132
64 133
64 134
65 135
66 136
67 137
68 138
69 139
70 140
71 141
72 142
73 143
74 144
75 144
76 145
77 145
78 146
79 146
80 146
81 147
82 147
83 147
84 147
85 147
86 147
87 147
88 147
89 147
90 147
91 146
92 146
93 146
94 145
95 145
96 144
97 144
98 143
99 143
100 142
101 141
102 141
103 140
104 139
105 139
106 138
107 137
108 137
109 136
110 135
111 134
112 134
113 133
114 132
115 132
116 131
117 130
118 129
119 129
120 128
121 127
122 127
123 126
124 125
125 125
126 124
127 123
128 123
129 122
130 121
131 121
132 120
133 119
134 119
135 118
136 118
137 117
138 116
139 116
140 115
141 115
142 114
143 113
144 113
145 112
146 112
147 111
148 110
149 110
150 109
151 109
152 108
153 108
154 107
155 107
156 106
157 106
158 105
159 105
160 104
161 104
162 103
163 103
164 102
165 102
166 101
167 101
168 100
169 100
170 99
171 99
172 98
173 98
174 97
175 97
176 96
177 96
178 95
179 95
180 94
181 94
182 93
183 93
184 92
185 92
186 91
187 91
188 90
