14 56
15 56
16 57
17 58
18 59
19 59
20 60
21 61
22 61
23 62
24 63
25 64
26 64
27 65
28 66
29 67
30 67
31 68
32 69
33 69
34 70
35 71
36 72
37 72
38 73
39 74
40 74
41 75
42 76
43 76
44 77
45 78
46 78
47 79
48 80
49 80
50 81
51 82
52 82
53 83
54 84
55 84
56 85
57 85
58 86
59 87
60 87
61 88
62 88
63 89
64 89
65 90
66 91
67 91
68 92
69 92
70 93
71 93
72 94
73 94
74 95
75 96
76 96
77 97
78 97
79 98
80 99
81 99
82 100
83 100
84 101
85 102
86 102
87 103
88 104
89 105
90 105
91 106
92 107
93 108
94 109
95 109
96 110
97 111
98 112
99 113
100 114
101 114
102 115
103 116
104 117
105 118
106 119
107 120
108 121
109 121
110 122
111 123
112 124
113 125
114 126
115 126
116 127
117 128
118 129
119 130
120 130
121 131
122 132
123 133
124 133
125 134
126 135
127 136
128 136
129 137
130 138
131 138
132 139
133 140
134 140
135 141
136 142
137 142
138 143
139 144
140 144
141 145
142 145
143 146
144 147
145 147
146 148
147 149
148 149
149 150
150 150
151 151
152 152
153 152
154 153
155 154
156 154
157 155
158 156
159 157
160 157
161 158
162 159
163 160
164 160
165 161
166 162
167 163
168 164
169 164
170 165
171 166
172 167
173 167
174 168
175 169
176 170
177 170
178 171
179 172
180 172
181 173
182 174
183 174
184 175
185 176
186 176
187 177
188 177
189 177
190 178
191 178
192 179
193 179
194 179
195 180
196 180
197 180
198 180
199 181
200 181
201 181
202 181
203 181
204 181
205 181
206 181
207 181
208 181
209 181
210 181
211 181
212 181
213 182
214 182
215 182
216 182
217 182
218 182
219 182
220 182
221 183
222 183
223 183
224 183
225 184
226 184
227 184
228 184
229 185
230 185
231 185
232 186
233 186
234 186
235 187
236 187
237 187
238 187
239 188
240 188
241 188
242 189
243 189
244 189
245 190
246 190
247 190
248 190
249 191
250 191
251 191
252 191
253 191
254 191
255 191
256 191
257 191
258 190
259 190
260 189
261 189
262 188
263 188
264 187
265 186
266 185
267 184
268 184
269 183
270 182
271 181
272 180
273 180
274 179
275 179
276 178
277 178
278 177
279 177
280 177
281 177
282 177
283 177
284 176
285 176
286 176
287 176
288 176
289 176
290 176
291 176
292 176
293 176
294 176
295 176
296 176
297 176
298 176
299 176
300 176
301 176
302 176
303 176
304 176
305 176
306 176
307 176
308 175
