9 40
10 41
10 42
11 43
11 44
12 45
12 46
13 47
13 48
13 49
14 50
14 51
15 52
15 53
16 54
16 55
17 56
17 57
17 58
18 59
18 60
19 61
19 62
20 63
20 64
21 65
21 66
22 67
22 68
23 69
23 70
23 71
24 72
25 73
25 74
26 75
26 76
27 77
27 78
28 79
28 80
29 81
29 82
30 83
30 84
31 85
32 86
32 87
33 88
33 89
34 90
35 91
35 92
36 93
37 94
37 95
38 96
39 97
40 98
40 99
41 100
42 101
43 102
44 103
45 104
45 105
46 106
47 107
48 108
49 109
50 110
51 111
52 112
53 113
54 114
55 115
56 116
57 117
58 117
59 118
60 119
61 120
62 121
63 122
64 123
65 124
66 125
67 125
68 126
69 127
70 128
71 129
72 130
73 131
74 132
75 133
76 134
77 135
78 136
79 137
80 138
81 139
82 140
83 141
84 142
85 143
86 144
87 145
88 146
89 147
90 148
91 149
92 150
93 150
94 151
95 152
96 153
97 153
98 154
99 154
100 154
101 155
102 155
103 155
104 155
105 155
106 155
107 155
108 155
109 155
110 155
111 154
112 154
113 153
114 153
115 152
116 152
117 151
118 150
119 150
120 149
121 148
122 147
123 146
124 145
125 144
126 143
127 142
128 141
129 140
129 139
130 138
131 137
132 136
133 135
134 134
135 133
136 132
137 131
138 130
139 130
140 129
141 128
142 127
143 127
144 126
145 125
146 125
147 124
148 123
149 123
150 122
151 122
152 121
153 121
154 120
155 120
156 120
157 119
158 119
159 119
160 118
161 118
162 118
163 117
164 117
165 117
166 117
167 116
168 116
169 116
170 116
171 116
172 116
173 116
174 116
175 115
176 115
177 115
178 115
179 115
180 115
181 115
182 115
183 115
184 115
185 115
186 115
187 115
188 115
189 115
190 115
191 115
192 115
193 115
194 114
195 114
196 114
197 114
198 113
199 113
200 113
201 113
202 112
203 112
204 111
205 111
206 111
207 110
208 110
209 109
210 109
211 109
212 108
213 108
214 107
215 107
216 106
217 106
218 106
219 105
220 105
221 104
222 104
223 104
224 103
225 103
226 102
227 102
228 102
229 102
230 101
231 101
232 101
233 101
234 101
235 101
236 101
237 101
238 101
239 101
240 101
241 101
242 101
243 102
244 102
245 102
246 102
247 103
248 103
249 103
250 104
251 104
252 105
253 105
254 106
255 106
256 107
257 107
258 107
259 108
260 108
261 109
262 109
263 110
264 111
265 111
266 112
267 112
268 113
269 113
270 114
271 114
272 115
273 115
274 116
275 117
276 117
277 118
278 118
279 119
280 119
281 120
282 120
283 121
284 121
285 122
286 122
287 123
288 123
289 123
290 124
291 124
292 125
293 125
294 125
295 126
296 126
297 126
298 126
299 126
300 127
301 127
302 127
303 127
304 127
305 127
306 127
307 127
308 127
309 127
310 127
311 127
312 127
313 126
314 126
315 126
316 126
317 125
318 125
319 125
320 124
321 124
322 124
323 123
324 123
325 122
326 122
327 121
328 121
329 120
330 120
331 119
332 119
333 119
334 118
335 118
336 118
337 117
338 117
339 117
340 116
341 116
342 116
343 116
344 115
345 115
346 115
347 114
348 114
349 114
350 114
351 113
352 113
353 113
354 113
355 113
356 113
357 112
358 112
359 112
360 112
361 112
362 112
363 112
364 112
365 113
366 113
367 113
368 113
369 113
370 113
371 113
372 113
373 113
374 114
375 114
376 114
377 114
378 114
379 114
380 115
381 115
382 115
383 115
384 115
385 115
386 116
387 116
388 116
389 116
390 116
391 116
392 116
393 116
394 117
395 117
396 117
397 117
398 117
399 117
400 117
401 117
402 117
403 117
404 117
405 117
406 117
407 117
408 117
409 117
410 117
411 117
412 117
413 117
414 116
415 116
416 116
417 116
418 116
419 115
420 115
421 115
422 114
423 114
424 114
425 113
426 113
427 112
428 112
429 111
430 111
431 110
432 110
433 109
434 108
435 108
436 107
437 106
438 105
439 105
440 104
441 103
442 102
443 101
444 100
445 99
446 98
447 97
448 96
449 95
450 94
451 93
452 92
452 91
453 90
454 89
455 88
456 87
457 86
457 85
458 84
459 83
460 82
460 81
461 80
462 79
463 78
463 77
464 76
465 75
466 74
466 73
467 72
468 71
469 70
469 69
470 68
471 67
472 66
472 65
473 64
474 63
475 62
476 61
477 60
