13 39
14 40
15 41
16 42
17 43
18 44
19 45
19 46
20 47
21 48
22 49
23 50
24 51
25 52
26 53
27 54
28 54
29 55
30 56
31 57
32 58
33 59
34 59
35 60
36 61
37 61
38 62
39 63
40 63
41 64
42 65
43 65
44 66
45 67
46 67
47 68
48 69
49 69
50 70
51 70
52 71
53 72
54 72
55 73
56 73
57 73
58 74
59 74
60 74
61 75
62 75
63 75
64 75
65 76
66 76
67 76
68 76
69 77
70 77
71 77
72 77
73 77
74 78
75 78
76 78
77 78
78 78
79 78
80 78
81 78
82 78
83 78
84 78
85 78
86 78
87 78
88 78
89 78
90 78
91 78
92 78
93 78
94 79
95 79
96 79
97 79
98 79
99 79
100 79
101 79
102 79
103 80
104 80
105 80
106 79
107 79
108 79
109 79
110 79
111 79
112 78
113 78
114 77
115 77
116 76
117 76
118 75
119 75
120 74
121 73
122 73
123 72
124 71
125 70
126 70
127 69
128 68
129 67
130 67
131 66
132 65
133 65
134 64
135 63
136 63
137 63
138 62
139 62
140 62
141 62
142 62
143 62
144 62
145 62
146 63
147 63
148 64
149 64
150 65
151 66
152 66
153 67
154 68
155 69
156 70
157 70
158 71
159 72
160 73
161 74
162 75
163 76
164 77
165 78
166 79
167 80
168 80
169 81
170 82
171 83
172 83
173 84
174 84
175 85
176 85
177 85
178 86
179 86
180 86
181 86
182 86
183 86
184 86
185 85
186 85
187 85
188 85
189 85
190 84
191 84
192 84
193 84
194 84
195 84
196 84
197 83
198 83
199 83
200 83
201 83
202 83
203 83
204 83
205 83
206 83
207 82
208 82
209 82
210 82
211 82
212 81
213 81
214 81
215 81
216 81
217 80
218 80
219 80
220 80
221 80
222 80
223 80
224 80
225 80
226 80
227 80
228 81
229 81
230 82
231 82
232 83
233 84
234 84
235 85
236 86
237 86
238 87
239 88
240 88
241 88
242 88
243 88
244 87
245 87
246 86
247 85
248 84
249 83
249 82
250 81
251 81
252 80
253 79
254 78
255 78
256 77
257 76
258 76
259 75
260 75
261 74
262 74
263 73
264 73
265 72
266 71
267 71
268 70
269 70
270 69
271 68
272 68
273 67
274 66
275 66
276 65
277 65
278 64
279 63
280 63
281 62
282 62
283 61
284 61
285 60
286 60
287 60
288 59
289 59
290 58
291 58
292 58
293 57
294 57
295 57
296 57
297 57
298 57
299 57
300 57
301 57
302 57
303 57
304 57
305 57
306 58
307 58
308 59
309 59
310 60
311 61
312 61
313 62
314 63
315 64
316 65
317 66
318 67
319 68
320 69
320 70
321 71
322 72
323 73
324 74
324 75
325 76
326 77
326 78
327 79
328 80
329 81
329 82
330 83
331 84
331 85
332 86
332 87
