30 44
31 45
32 46
32 47
33 48
34 49
34 50
35 51
36 52
36 53
37 54
38 55
38 56
39 57
40 58
41 59
41 60
42 61
43 62
44 63
44 64
45 65
46 66
47 67
47 68
48 69
49 70
50 71
51 72
52 73
52 74
53 75
54 76
55 77
56 78
57 78
58 79
59 80
60 81
61 81
62 82
63 82
64 83
65 83
66 83
67 84
68 84
69 84
70 84
71 83
72 83
73 83
74 83
75 82
76 82
77 82
78 81
79 81
80 81
81 80
82 80
83 79
84 79
85 78
86 78
87 77
88 77
89 77
90 76
91 76
92 75
93 75
94 75
95 74
96 74
97 74
98 73
99 73
100 73
101 73
102 72
103 72
104 72
105 72
106 72
107 72
108 72
109 72
110 72
111 72
112 72
113 73
114 73
115 73
116 73
117 73
118 74
119 74
120 74
121 75
122 75
123 75
124 76
125 76
126 77
127 77
128 77
129 78
130 78
131 79
132 80
133 80
134 81
135 81
136 82
137 82
138 83
139 84
140 84
141 85
142 86
143 86
144 87
145 88
146 89
147 89
148 90
149 91
150 91
151 92
152 93
153 94
154 94
155 95
156 96
157 96
158 97
159 98
160 98
161 99
162 99
163 100
164 101
165 101
166 102
167 102
168 103
169 103
170 104
171 104
172 104
173 105
174 105
175 105
176 105
177 105
178 106
179 106
180 106
181 106
182 106
183 106
184 105
185 105
186 105
187 105
188 105
189 105
190 104
191 104
192 104
193 104
194 103
195 103
196 103
197 103
198 102
199 102
200 102
201 102
202 101
203 101
204 101
205 101
206 101
207 101
208 101
209 101
210 102
211 102
212 102
213 103
214 103
215 104
216 104
217 104
218 105
219 105
220 105
221 106
222 106
223 106
224 106
225 106
226 106
227 106
228 106
229 106
230 106
231 106
232 105
233 105
234 105
235 105
236 104
237 104
238 104
239 103
240 103
241 103
242 102
243 102
244 101
245 101
246 100
247 100
248 100
249 99
250 99
251 98
252 98
253 97
254 97
255 97
256 96
257 96
258 96
259 95
260 95
261 95
262 95
263 95
264 94
265 94
266 94
267 94
268 95
269 95
270 95
271 95
272 96
273 96
274 97
275 97
276 98
277 99
278 99
279 100
280 101
281 102
282 103
283 104
284 105
285 106
286 107
286 108
287 109
288 110
289 111
290 112
291 113
292 114
293 115
293 116
294 117
295 118
296 119
297 120
298 121
299 122
300 122
301 123
302 124
303 125
304 125
305 126
306 127
307 127
308 128
309 128
310 129
311 129
312 129
313 130
314 130
315 130
316 130
317 131
318 131
319 131
320 131
321 131
322 131
323 131
324 131
325 131
326 131
327 131
328 130
329 130
330 130
331 130
332 130
333 129
334 129
335 129
336 129
337 129
338 128
339 128
340 128
341 128
342 128
343 128
344 128
345 128
346 128
347 128
348 128
349 128
350 128
351 129
352 129
353 129
354 129
355 129
356 130
357 130
358 130
359 130
360 131
361 131
362 131
363 131
364 132
365 132
366 132
367 133
