11 14
12 15
12 16
12 17
12 18
13 19
13 20
13 21
14 22
14 23
14 24
14 25
15 26
15 27
15 28
15 29
16 30
16 31
16 32
17 33
17 34
17 35
18 36
18 37
18 38
18 39
19 40
19 41
20 42
20 43
20 44
21 45
21 46
22 47
22 48
22 49
23 50
24 51
24 52
25 53
26 54
27 55
28 56
29 57
30 57
31 58
32 58
33 58
34 58
35 58
36 58
37 58
38 58
39 58
40 58
41 58
42 58
43 58
44 58
45 58
46 58
47 58
48 58
49 59
50 59
51 59
52 60
53 60
54 61
55 61
56 62
57 63
58 64
59 64
60 65
61 66
62 67
63 68
64 69
65 70
66 71
67 72
68 73
69 74
70 75
71 76
72 77
73 78
73 79
74 80
75 81
76 82
77 83
78 84
78 85
79 86
80 87
81 88
81 89
82 90
83 91
84 92
84 93
85 94
86 95
86 96
87 97
88 98
89 99
89 100
90 101
91 102
91 103
92 104
93 105
93 106
94 107
95 108
95 109
96 110
97 111
97 112
98 113
99 114
99 115
100 116
101 117
101 118
102 119
103 120
103 121
104 122
104 123
