22 22
23 23
24 24
25 25
26 26
27 27
27 28
28 29
29 30
30 31
30 32
31 33
32 34
33 35
33 36
34 37
35 38
36 39
36 40
37 41
38 42
38 43
39 44
40 45
40 46
41 47
42 48
42 49
43 50
44 51
44 52
45 53
45 54
46 55
47 56
47 57
48 58
48 59
49 60
49 61
50 62
50 63
51 64
51 65
52 66
52 67
53 68
53 69
54 70
54 71
55 72
55 73
56 74
56 75
57 76
57 77
58 78
58 79
59 80
59 81
60 82
60 83
61 84
61 85
62 86
62 87
63 88
63 89
64 90
64 91
65 92
65 93
66 94
66 95
67 96
67 97
68 98
69 99
69 100
70 101
70 102
71 103
72 104
72 105
73 106
74 107
75 108
75 109
76 110
77 111
78 112
79 113
80 114
80 115
81 116
82 116
83 117
84 118
85 119
86 120
87 120
88 121
89 121
90 122
91 122
92 122
93 123
94 123
95 123
96 123
97 123
98 123
99 123
100 122
101 122
102 122
103 122
104 121
105 121
106 120
107 120
108 119
109 118
110 118
111 117
112 116
113 116
114 115
115 114
116 113
117 112
118 111
119 110
120 109
121 108
122 107
123 106
124 105
125 104
126 103
127 102
128 101
129 100
130 99
131 98
132 97
133 96
134 95
135 94
136 93
137 92
138 92
139 91
140 90
141 90
142 90
143 89
144 89
145 89
146 88
147 88
148 88
149 88
150 88
151 88
152 88
153 88
154 88
155 88
156 88
157 89
158 89
159 89
160 89
161 89
162 90
163 90
164 90
165 90
166 90
167 91
168 91
169 91
170 91
171 92
172 92
173 92
174 92
175 93
176 93
177 93
178 93
179 94
180 94
181 94
182 94
183 95
184 95
185 95
186 96
187 96
188 97
189 97
190 98
191 98
192 99
193 99
194 100
195 100
196 101
197 102
198 102
199 103
200 104
201 104
202 105
203 105
204 106
205 107
206 107
207 108
208 108
209 109
210 109
211 110
212 110
213 111
214 111
215 112
216 112
217 113
218 113
219 114
220 114
221 115
222 115
223 115
224 116
225 116
226 116
227 117
228 117
229 117
230 117
231 118
232 118
233 118
234 118
235 119
236 119
237 119
238 119
239 119
240 119
241 119
242 119
243 119
244 119
245 118
246 118
247 118
248 118
249 117
250 117
251 116
252 116
253 115
254 115
255 114
256 113
257 112
258 112
259 111
260 110
261 109
262 108
263 107
264 106
265 105
266 104
267 103
268 102
269 101
270 100
271 99
272 98
273 97
274 96
275 95
275 94
276 93
277 92
278 91
279 90
280 89
280 88
281 87
282 86
283 85
284 84
284 83
285 82
286 81
287 80
288 79
288 78
289 77
