18 42
19 42
20 42
21 42
22 41
23 41
24 41
25 41
26 41
27 41
28 40
29 40
30 40
31 40
32 40
33 40
34 40
35 39
36 39
37 39
38 39
39 39
40 39
41 39
42 39
43 39
44 39
45 39
46 39
47 39
48 39
49 39
50 39
51 40
52 40
53 40
54 40
55 41
56 41
57 41
58 42
59 42
60 43
61 43
62 44
63 45
64 45
65 46
66 47
67 48
68 49
69 50
69 51
70 52
71 53
72 54
72 55
73 56
74 57
74 58
75 59
75 60
76 61
77 62
77 63
78 64
78 65
79 66
79 67
80 68
81 69
81 70
82 71
82 72
83 73
84 74
84 75
85 76
86 77
86 78
87 79
88 80
88 81
89 82
90 83
91 84
91 85
92 86
93 87
94 88
95 89
96 90
97 91
98 92
99 93
100 93
101 94
102 95
103 96
104 96
105 97
106 98
107 98
108 99
109 100
110 100
111 101
112 102
113 102
114 103
115 104
116 104
117 105
118 105
119 106
120 107
121 107
122 107
123 108
124 108
125 109
126 109
127 109
128 109
129 109
130 109
131 108
132 108
133 107
134 106
135 105
136 104
136 103
137 102
138 101
139 100
139 99
140 98
141 97
142 96
142 95
143 94
144 93
145 92
146 91
147 90
148 89
149 88
150 87
151 87
152 86
153 85
154 84
155 83
156 83
157 82
158 81
159 81
160 80
161 79
162 79
163 78
164 78
165 77
166 77
167 77
168 76
169 76
170 76
171 76
172 76
173 76
174 76
175 76
176 76
177 77
178 77
179 77
180 78
181 78
182 79
183 79
184 80
185 81
186 81
187 82
188 83
189 84
190 85
191 86
192 87
193 88
194 89
195 90
196 91
197 92
198 93
199 94
200 95
200 96
201 97
202 98
203 99
204 100
204 101
205 102
206 103
207 104
207 105
208 106
209 107
210 108
210 109
211 110
212 111
213 112
213 113
214 114
215 115
215 116
216 117
217 118
217 119
