11 1
12 1
13 2
14 2
15 2
16 3
17 3
18 3
19 4
20 4
21 4
22 5
23 5
24 5
25 6
26 6
27 7
28 7
29 8
30 8
31 9
32 9
33 10
34 10
35 11
36 12
37 13
38 13
39 14
40 15
41 16
42 17
43 18
44 19
45 20
46 21
46 22
47 23
48 24
49 25
49 26
50 27
50 28
51 29
52 30
52 31
53 32
53 33
54 34
54 35
55 36
55 37
56 38
56 39
57 40
57 41
57 42
58 43
58 44
59 45
59 46
60 47
60 48
61 49
61 50
61 51
62 52
62 53
63 54
63 55
64 56
64 57
65 58
65 59
65 60
66 61
66 62
67 63
67 64
68 65
68 66
69 67
70 68
70 69
71 70
71 71
72 72
72 73
73 74
73 75
74 76
75 77
75 78
76 79
77 80
77 81
78 82
79 83
79 84
80 85
81 86
82 87
83 88
84 89
85 90
86 91
87 92
88 93
89 94
90 95
91 96
92 96
93 97
94 98
95 98
96 99
97 99
98 100
99 100
100 100
101 100
102 101
103 101
104 101
105 101
106 101
107 101
108 101
109 101
110 101
111 101
112 101
113 100
114 100
115 100
116 99
117 99
118 98
119 98
120 97
121 96
122 96
123 95
124 94
125 93
126 92
127 91
128 90
129 89
130 88
131 87
132 86
132 85
133 84
134 83
135 82
136 81
136 80
137 79
138 78
139 77
140 76
141 75
142 74
143 74
144 73
145 73
146 72
147 72
148 72
149 72
150 72
151 72
152 73
153 73
154 73
155 73
156 74
157 74
158 75
159 75
160 76
161 76
162 77
163 77
164 78
165 78
166 79
167 80
168 80
169 81
170 81
171 81
172 82
173 82
174 83
175 83
176 84
177 84
178 84
179 85
180 85
181 85
182 86
183 86
184 87
185 87
186 87
187 88
188 88
189 88
190 89
191 89
192 89
193 90
194 90
195 90
196 91
197 91
198 92
199 92
200 92
201 93
202 93
203 94
204 94
205 94
206 95
207 95
208 96
209 96
210 97
211 97
212 97
213 98
214 98
215 99
216 99
217 99
218 100
219 100
220 100
221 100
222 101
223 101
224 101
225 101
226 101
227 101
228 101
229 101
230 101
231 101
232 101
233 100
234 100
235 100
236 100
237 100
238 99
239 99
240 99
241 98
242 98
243 98
244 97
245 97
246 97
247 96
248 96
249 96
250 96
251 95
252 95
253 95
254 94
255 94
256 94
257 94
258 93
259 93
260 93
261 93
262 93
263 92
264 92
265 92
266 92
267 92
268 92
269 92
270 92
271 92
272 92
273 92
274 92
275 92
276 92
277 93
278 93
279 93
280 94
281 95
282 95
283 96
284 97
285 98
286 99
286 100
287 101
288 102
289 103
289 104
290 105
291 106
292 107
293 108
293 109
294 110
295 111
296 112
297 113
298 114
299 115
300 116
301 117
302 118
303 118
304 119
305 120
306 120
307 121
308 122
309 122
310 122
311 123
312 123
313 124
314 124
315 124
316 124
317 124
318 125
319 125
320 125
321 125
322 125
323 125
324 125
325 125
326 125
327 125
328 125
329 125
330 125
331 125
332 125
333 125
334 125
335 125
336 125
337 125
338 125
339 125
340 125
341 124
342 124
343 124
344 124
345 124
346 124
347 123
348 123
349 123
350 122
351 122
352 121
353 120
354 120
355 119
356 118
357 117
358 116
359 115
360 114
360 113
361 112
362 111
363 110
363 109
364 108
365 107
366 106
366 105
367 104
368 103
369 102
369 101
370 100
371 99
372 98
373 97
374 96
375 95
376 94
377 93
378 93
379 92
380 91
381 91
382 90
383 90
384 90
385 89
386 89
387 89
388 89
389 89
390 89
391 90
392 90
393 90
394 91
395 91
396 92
397 92
398 93
399 93
400 94
401 95
402 96
403 96
404 97
405 98
406 99
407 100
408 101
409 101
410 102
411 103
412 104
413 105
414 106
415 107
416 108
417 108
418 109
419 110
420 111
421 112
422 113
423 113
424 114
425 115
426 116
427 116
428 117
429 118
430 118
431 119
432 120
433 120
434 121
435 121
436 121
437 122
438 122
439 122
440 122
441 123
442 122
443 122
444 122
445 122
446 121
447 121
448 120
449 119
450 118
451 117
452 116
453 115
454 114
455 113
455 112
456 111
457 110
458 109
459 109
460 108
461 108
462 108
463 109
464 109
465 110
466 111
467 112
467 113
468 114
469 115
470 116
470 117
471 118
472 119
473 120
474 121
474 122
475 123
476 124
477 125
478 126
479 126
480 127
481 128
482 128
483 129
484 129
485 129
486 130
487 130
488 130
489 130
490 130
491 130
492 131
