11 2
12 3
13 4
14 5
15 6
15 7
16 8
17 9
18 10
19 11
20 12
21 13
22 14
22 15
23 16
24 17
25 18
26 19
27 20
28 21
29 22
29 23
30 24
31 25
32 26
33 27
34 28
35 29
36 30
37 31
38 32
38 33
39 34
40 35
41 36
42 37
43 38
44 39
45 40
46 41
47 42
47 43
48 44
49 45
50 46
51 47
52 48
53 49
54 50
55 51
56 52
56 53
57 54
58 55
59 56
60 57
61 58
62 59
62 60
63 61
64 62
65 63
66 64
67 65
67 66
68 67
69 68
70 69
71 70
71 71
72 72
73 73
74 74
74 75
75 76
76 77
77 78
77 79
78 80
79 81
80 82
81 83
81 84
82 85
83 86
84 87
84 88
85 89
86 90
87 91
88 92
88 93
89 94
90 95
91 96
92 97
93 98
94 99
95 100
96 101
97 102
98 103
99 104
100 105
101 106
102 107
103 108
104 108
105 109
106 110
107 111
108 111
109 112
110 113
111 113
112 114
113 114
114 115
115 115
116 116
117 116
118 117
119 117
120 117
121 117
122 117
123 118
124 118
125 118
126 118
127 118
128 118
129 117
130 117
131 117
132 117
133 117
134 116
135 116
136 116
137 116
138 115
139 115
140 115
141 114
142 114
143 114
144 113
145 113
146 113
147 112
148 112
149 112
150 112
151 111
152 111
153 111
154 110
155 110
156 110
157 110
158 110
159 109
160 109
161 109
162 109
163 109
164 109
165 109
166 109
167 109
168 109
169 109
170 109
171 109
172 109
173 109
174 109
175 109
176 110
177 110
178 110
179 110
180 111
181 111
182 111
183 112
184 112
185 113
186 113
187 113
188 114
189 114
190 114
191 114
192 115
193 115
194 115
195 115
196 115
197 116
198 116
199 116
200 116
201 116
202 116
203 116
204 115
205 115
206 115
207 115
208 115
209 114
210 114
211 114
212 114
213 113
214 113
215 112
216 112
217 112
218 111
219 111
220 110
221 109
222 109
223 108
224 108
225 107
226 106
227 106
228 105
229 104
230 104
231 103
232 102
233 102
234 101
235 100
236 100
237 99
238 99
239 98
240 98
241 98
242 97
243 97
244 97
245 97
246 97
247 96
248 96
249 96
250 96
251 96
252 96
253 96
254 96
255 96
256 96
257 96
258 96
259 96
260 96
261 96
262 96
263 96
264 96
265 96
266 96
267 96
268 96
269 95
270 95
271 95
272 95
273 95
274 94
275 94
276 94
277 94
278 93
279 93
280 93
281 93
282 92
283 92
284 92
285 91
286 91
287 91
288 91
289 90
290 90
291 90
292 90
293 90
294 90
295 90
296 90
297 90
298 90
299 90
300 90
301 91
302 91
303 91
304 92
305 92
306 93
307 93
308 94
309 94
310 95
311 95
312 95
313 96
314 96
315 96
316 95
317 95
318 95
319 95
320 94
321 94
322 94
323 93
324 93
325 92
326 92
327 91
328 91
329 90
330 90
331 89
332 88
333 88
334 87
335 86
336 86
337 85
338 84
339 84
340 83
341 82
342 82
343 81
344 80
345 79
346 79
347 78
348 77
349 76
350 75
351 75
352 74
353 73
354 72
355 72
356 71
357 70
358 69
359 69
360 68
361 67
362 67
363 66
364 65
365 65
366 64
367 64
368 64
369 63
370 63
371 63
372 62
373 62
374 62
375 61
376 61
377 61
378 61
379 61
380 61
381 61
382 60
383 60
384 60
385 60
386 60
387 60
388 60
389 60
390 60
391 60
392 60
393 60
394 60
395 60
396 60
397 60
398 60
399 61
400 61
401 61
402 61
403 61
404 61
405 61
406 61
407 62
408 62
409 62
410 62
411 62
412 63
413 63
414 63
415 63
416 63
417 64
418 64
419 64
420 64
421 65
422 65
423 65
424 65
425 66
426 66
427 66
428 66
429 67
430 67
431 67
432 67
433 67
434 68
435 68
436 68
437 68
438 68
439 68
440 68
441 68
442 68
443 68
444 68
445 67
446 67
447 67
448 67
449 67
450 66
451 66
452 66
453 65
454 65
455 64
456 64
457 64
458 63
459 63
460 62
461 62
462 61
463 61
464 60
465 60
466 59
467 59
468 58
469 58
470 57
471 57
