29 64
30 65
31 66
32 67
33 68
34 69
35 70
36 71
37 72
38 73
39 74
40 75
41 75
42 76
43 77
44 78
45 79
46 80
47 80
48 81
49 82
50 83
51 83
52 84
53 85
54 85
55 86
56 86
57 87
58 87
59 88
60 88
61 89
62 89
63 90
64 90
65 90
66 91
67 91
68 91
69 91
70 92
71 92
72 92
73 93
74 93
75 93
76 94
77 94
78 94
79 95
80 95
81 95
82 96
83 96
84 97
85 97
86 98
87 99
88 99
89 100
90 100
91 101
92 101
93 102
94 102
95 103
96 103
97 104
98 104
99 104
100 105
101 105
102 105
103 106
104 106
105 106
106 106
107 106
108 106
109 106
110 106
111 106
112 106
113 105
114 105
115 105
116 105
117 104
118 104
119 103
120 103
121 102
122 102
123 101
124 100
125 100
126 99
127 98
128 97
129 96
130 95
131 94
132 93
133 92
134 91
135 90
136 89
137 88
138 87
139 86
140 86
141 85
142 84
143 84
144 84
145 84
146 84
147 84
148 85
149 85
150 86
150 87
151 88
152 89
152 90
153 91
153 92
154 93
154 94
155 95
155 96
156 97
156 98
157 99
157 100
158 101
159 102
159 103
160 104
161 105
162 106
163 107
164 108
165 109
166 109
167 109
168 109
169 109
170 109
171 108
172 108
173 107
174 106
175 105
176 105
177 104
178 103
179 102
180 101
181 101
182 100
183 100
184 100
185 100
186 100
187 100
188 100
189 100
190 101
191 101
192 102
193 103
194 104
195 104
196 105
197 106
198 106
199 107
200 107
201 107
202 106
203 106
204 105
205 104
206 104
207 103
208 102
209 101
210 100
211 99
212 98
213 97
214 96
215 95
216 94
217 93
218 92
219 91
220 90
221 89
222 88
223 87
224 86
225 85
226 85
227 84
228 83
229 82
230 81
231 80
232 80
233 79
234 78
235 77
236 76
237 76
238 75
239 74
240 74
241 73
242 72
243 72
244 71
245 71
246 70
247 69
248 69
249 68
250 68
251 67
252 67
253 66
254 66
255 65
256 65
257 64
258 64
259 63
260 63
261 63
262 62
263 62
264 61
265 61
266 61
267 60
268 60
269 60
270 59
271 59
272 59
273 58
274 58
275 58
276 58
277 58
278 57
279 57
280 57
281 57
282 57
283 57
284 57
285 57
286 57
287 57
288 57
289 57
290 57
291 57
292 57
293 57
294 57
295 57
296 57
297 58
298 58
299 58
300 58
301 58
302 59
303 59
304 59
305 59
306 60
307 60
308 60
309 60
310 61
311 61
312 61
313 61
