15 34
16 35
17 36
18 37
18 38
19 39
20 40
21 41
21 42
22 43
23 44
23 45
24 46
25 47
26 48
26 49
27 50
28 51
28 52
29 53
30 54
30 55
31 56
32 57
32 58
33 59
34 60
34 61
35 62
36 63
36 64
37 65
38 66
38 67
39 68
40 69
40 70
41 71
41 72
42 73
43 74
43 75
44 76
44 77
45 78
46 79
46 80
47 81
47 82
48 83
49 84
49 85
50 86
50 87
51 88
51 89
52 90
52 91
53 92
54 93
54 94
55 95
55 96
56 97
56 98
57 99
57 100
58 101
58 102
59 103
60 104
60 105
61 106
61 107
62 108
62 109
63 110
64 111
64 112
65 113
65 114
66 115
66 116
67 117
68 118
68 119
69 120
70 121
70 122
71 123
72 124
73 125
74 126
74 127
75 128
76 129
77 130
78 131
79 131
80 132
81 133
82 134
83 134
84 135
85 135
86 136
87 136
88 137
89 137
90 137
91 137
92 137
93 137
94 137
95 137
96 137
97 137
98 137
99 136
100 136
101 136
102 135
103 135
104 134
105 134
106 134
107 133
108 133
