13 33
14 34
15 35
15 36
16 37
17 38
18 39
18 40
19 41
20 42
21 43
21 44
22 45
23 46
24 47
25 48
26 49
26 50
27 51
28 52
29 53
30 54
31 55
32 56
33 57
34 57
35 58
36 59
37 60
38 60
39 61
40 62
41 63
42 63
43 64
44 64
45 65
46 66
47 66
48 67
49 68
50 68
51 69
52 70
53 70
54 71
55 72
56 73
57 73
58 74
59 75
60 76
61 77
62 78
63 79
64 80
65 81
66 82
67 83
68 84
69 85
70 86
71 87
72 88
73 89
74 90
75 91
76 92
77 93
78 94
79 95
80 96
81 97
82 98
83 98
84 99
85 100
86 101
87 102
88 103
89 104
90 104
91 105
92 106
93 107
94 107
95 108
96 109
97 109
98 110
99 111
100 111
101 112
102 113
103 113
104 114
105 114
106 115
107 115
108 116
109 116
110 117
111 117
112 118
113 118
114 118
115 119
116 119
117 120
118 120
119 121
120 121
121 121
122 122
123 122
124 122
125 123
126 123
127 124
128 124
129 124
130 125
131 125
132 125
133 126
134 126
135 126
136 127
137 127
138 128
139 128
140 128
141 129
142 129
143 129
144 130
145 130
146 131
147 131
148 132
149 132
150 133
151 133
152 134
153 134
154 135
155 136
156 136
157 137
158 138
159 138
160 139
161 140
162 141
163 141
164 142
165 143
166 144
167 145
168 146
169 147
170 148
171 149
172 150
173 151
174 152
175 152
176 153
177 154
178 155
179 156
180 157
181 158
182 158
183 159
184 160
185 161
186 161
187 162
188 163
189 163
190 164
191 164
192 165
193 165
194 165
195 166
196 166
197 166
198 167
199 167
200 167
201 167
202 167
203 168
204 168
205 168
206 168
207 168
208 168
209 168
210 168
211 168
212 168
213 168
214 167
215 167
216 167
217 167
218 167
219 166
220 166
221 166
222 165
223 165
224 164
225 164
226 163
227 163
228 162
229 162
230 161
231 160
232 160
233 159
234 158
235 158
236 157
237 156
238 155
239 155
240 154
241 153
242 152
243 151
244 151
245 150
246 149
247 148
248 147
249 147
250 146
251 145
252 144
253 143
254 143
255 142
256 141
257 140
258 140
259 139
260 138
261 138
262 137
263 136
264 136
265 135
266 135
267 134
268 133
269 133
270 132
271 132
272 131
273 131
274 130
275 130
276 130
277 129
278 129
279 128
280 128
281 128
282 128
283 127
284 127
285 127
286 127
287 126
288 126
289 126
290 126
291 126
292 126
293 125
294 125
295 125
296 125
297 125
298 125
299 125
300 125
301 125
302 125
303 124
304 124
305 124
306 124
307 124
308 124
309 124
310 124
311 124
312 124
313 124
314 124
315 124
316 124
317 123
318 123
319 123
320 123
321 123
322 123
323 123
324 123
325 123
326 122
327 122
328 122
329 122
330 122
331 121
332 121
333 121
334 121
335 121
336 120
337 120
338 120
339 120
340 119
341 119
342 119
343 119
344 118
345 118
346 118
347 118
348 117
349 117
350 117
351 116
352 116
353 116
354 116
355 115
356 115
357 115
358 114
359 114
360 114
361 114
