18 17
19 17
20 18
21 18
22 18
23 19
24 19
25 20
26 20
27 21
28 21
29 22
30 23
31 23
32 24
33 24
34 25
35 26
36 26
37 27
38 28
39 28
40 29
41 29
42 30
43 31
44 31
45 32
46 33
47 33
48 34
49 35
50 35
51 36
52 36
53 37
54 38
55 38
56 39
57 40
58 40
59 41
60 41
61 42
62 43
63 43
64 44
65 45
66 46
67 46
68 47
69 48
70 48
71 49
72 50
73 50
74 51
75 52
76 53
77 53
78 54
79 55
80 55
81 56
82 57
83 58
84 58
85 59
86 60
87 60
88 61
89 62
90 63
91 63
92 64
93 64
94 65
95 66
96 66
97 67
98 67
99 68
100 68
101 69
102 69
103 70
104 70
105 71
106 71
107 71
108 72
109 72
110 72
111 73
112 73
113 74
114 74
115 74
116 75
117 75
118 75
119 76
120 76
121 77
122 77
123 78
124 78
125 79
126 79
127 80
128 80
129 81
130 82
131 82
132 83
133 84
134 85
135 85
136 86
137 87
138 88
139 88
140 89
141 90
142 91
143 92
144 93
145 94
146 95
147 96
148 97
149 98
150 99
151 100
152 101
153 102
154 103
154 104
155 105
156 106
157 107
158 108
159 109
160 110
160 111
161 112
162 113
163 114
164 115
165 116
166 117
167 118
168 119
169 120
170 121
171 122
172 123
173 123
174 124
175 125
176 126
177 126
178 127
179 127
180 128
181 128
182 128
183 129
184 129
185 129
186 129
187 129
188 129
189 129
190 129
191 129
192 129
193 129
194 129
195 129
196 128
197 128
198 128
199 128
200 127
201 127
202 127
203 126
204 126
205 126
206 125
207 125
208 124
209 124
210 123
211 123
212 122
213 122
214 121
215 121
216 120
217 119
218 119
219 118
220 118
221 117
222 116
