27 33
28 34
29 35
30 36
31 37
32 38
33 39
33 40
34 41
35 42
36 43
37 44
38 45
39 46
40 46
41 47
42 48
43 49
44 50
45 50
46 51
47 51
48 52
49 52
50 53
51 53
52 53
53 53
54 54
55 54
56 54
57 54
58 54
59 54
60 54
61 54
62 54
63 54
64 53
65 53
66 53
67 53
68 53
69 53
70 53
71 52
72 52
73 52
74 52
75 52
76 52
77 52
78 52
79 52
80 52
81 52
82 52
83 52
84 52
85 53
86 53
87 54
88 54
89 55
90 56
91 57
92 58
93 59
94 60
95 61
95 62
96 63
97 64
97 65
98 66
99 67
99 68
100 69
101 70
101 71
102 72
102 73
103 74
103 75
104 76
105 77
105 78
106 79
106 80
107 81
107 82
108 83
109 84
109 85
110 86
110 87
111 88
112 89
112 90
113 91
113 92
114 93
115 94
115 95
116 96
117 97
117 98
118 99
119 100
119 101
120 102
121 103
122 104
122 105
123 106
124 107
125 108
125 109
126 110
127 111
127 112
128 113
129 114
130 115
130 116
131 117
132 118
133 119
133 120
134 121
135 122
136 123
137 124
137 125
138 126
139 127
140 128
141 129
142 130
143 131
144 132
145 133
146 134
147 135
148 136
149 137
150 137
151 138
152 139
153 139
154 140
155 140
156 141
157 141
158 141
159 142
160 142
161 142
162 142
163 143
164 143
165 143
166 143
167 143
168 142
169 142
170 142
171 141
172 141
173 140
174 140
175 139
176 138
177 137
178 136
179 135
180 134
181 133
182 132
182 131
183 130
184 129
184 128
185 127
186 126
186 125
187 124
187 123
188 122
188 121
189 120
189 119
190 118
191 117
191 116
192 115
192 114
193 113
194 112
194 111
195 110
196 109
196 108
197 107
198 106
199 105
200 104
201 103
202 102
203 102
204 101
205 100
206 100
207 100
208 99
209 99
210 99
211 99
212 99
213 98
214 98
215 98
216 98
217 98
218 98
219 98
220 98
221 98
222 98
223 98
224 97
225 97
226 97
227 97
228 97
229 97
230 97
231 96
232 96
233 96
234 96
235 96
236 95
237 95
238 95
239 95
240 94
241 94
242 94
243 94
244 93
245 93
246 93
247 92
248 92
249 92
250 92
251 91
252 91
253 91
254 90
255 90
256 90
257 90
258 89
259 89
260 89
261 88
262 88
263 88
264 87
265 87
266 87
267 86
268 86
269 86
270 86
271 85
272 85
273 85
274 85
275 84
276 84
277 84
278 83
279 83
280 83
281 83
282 83
283 82
284 82
285 82
286 82
287 82
288 81
289 81
290 81
291 81
292 81
293 81
294 81
295 80
296 80
297 80
298 80
299 80
300 80
301 80
302 80
303 80
304 80
305 81
306 81
307 81
308 81
309 81
310 81
311 82
312 82
313 82
314 82
315 83
316 83
317 83
318 84
319 84
320 85
321 85
322 86
323 86
324 87
325 87
326 88
327 88
328 89
329 89
330 90
331 91
332 91
333 92
334 93
335 93
336 94
337 95
338 95
339 96
340 97
341 97
342 98
343 99
344 100
345 100
346 101
347 102
348 103
349 104
350 105
351 105
352 106
353 107
354 108
355 109
356 110
357 111
358 112
359 112
360 113
361 114
362 115
363 116
364 117
365 118
366 119
367 120
368 121
369 122
370 123
371 124
372 125
373 126
374 127
375 128
375 129
376 130
377 131
378 132
379 133
380 134
381 135
382 136
382 137
383 138
384 139
385 140
386 141
387 142
387 143
388 144
389 145
390 146
391 147
392 148
393 149
393 150
394 151
395 152
396 153
397 154
398 155
399 156
400 157
401 158
402 159
403 160
404 161
405 162
406 163
407 163
408 164
409 165
410 165
411 166
412 167
413 167
414 167
415 168
416 168
417 168
418 169
419 169
420 169
421 169
422 169
423 169
424 168
425 168
426 168
427 167
428 167
429 167
430 166
431 166
432 165
433 165
434 164
435 164
436 164
437 163
438 163
439 162
440 162
441 161
442 161
443 161
444 160
445 160
446 160
447 160
448 159
449 159
450 159
451 159
452 159
453 159
454 159
455 159
456 159
457 159
458 159
459 159
460 159
461 159
462 159
463 159
464 159
465 159
466 159
467 159
468 160
