6 17
6 18
7 19
7 20
7 21
8 22
8 23
9 24
9 25
9 26
10 27
10 28
11 29
11 30
12 31
12 32
12 33
13 34
13 35
14 36
14 37
14 38
15 39
15 40
16 41
16 42
17 43
17 44
18 45
18 46
19 47
19 48
20 49
20 50
21 51
21 52
22 53
22 54
23 55
24 56
24 57
25 58
26 59
27 60
28 61
29 62
30 63
31 63
32 64
33 64
34 64
35 64
36 64
37 64
38 64
39 63
40 63
41 63
42 62
43 62
44 61
45 61
46 60
47 60
48 59
49 59
50 59
51 58
52 58
53 58
54 58
55 58
56 58
57 58
58 57
59 57
60 57
61 57
62 57
63 58
64 58
65 58
66 58
67 59
68 59
69 59
70 60
71 60
72 60
73 60
74 60
75 60
76 59
77 58
78 58
79 57
80 56
81 55
82 54
82 53
83 52
84 51
85 50
86 49
87 48
87 47
88 46
89 45
90 44
90 43
91 42
92 41
93 40
94 39
95 38
96 37
97 37
98 37
99 36
100 36
101 36
102 36
103 37
104 37
105 37
106 38
107 39
108 39
109 40
110 41
111 42
112 43
113 44
114 45
115 46
116 47
117 48
118 49
118 50
119 51
120 52
120 53
121 54
122 55
122 56
123 57
124 58
124 59
125 60
126 61
126 62
127 63
128 64
129 65
130 66
131 67
132 68
133 68
134 68
135 67
136 66
137 65
138 64
139 63
140 62
141 61
142 60
143 59
144 59
145 58
146 58
147 57
148 57
149 57
150 57
151 56
152 56
153 56
154 56
155 56
156 56
157 56
158 56
159 56
160 56
161 56
162 56
163 56
164 56
165 55
166 55
167 55
168 55
169 55
170 55
171 54
172 54
173 54
174 53
175 52
176 52
177 51
178 50
179 49
180 48
181 47
182 46
183 45
184 45
