23 32
24 32
25 32
26 32
27 33
28 33
29 33
30 33
31 33
32 33
33 33
34 33
35 33
36 33
37 33
38 34
39 34
40 34
41 34
42 34
43 34
44 35
45 35
46 35
47 35
48 36
49 36
50 36
51 37
52 37
53 37
54 37
55 38
56 38
57 38
58 39
59 39
60 39
61 40
62 40
63 40
64 41
65 41
66 41
67 42
68 42
69 42
70 43
71 43
72 44
73 44
74 44
75 45
76 45
77 46
78 46
79 46
80 47
81 47
82 48
83 48
84 49
85 49
86 50
87 50
88 51
89 51
90 52
91 52
92 53
93 53
94 54
95 54
96 55
97 55
98 56
99 57
100 57
101 58
102 58
103 59
104 60
105 60
106 61
107 62
108 62
109 63
110 63
111 64
112 65
113 65
114 66
115 66
116 67
117 67
118 68
119 69
120 69
121 69
122 70
123 70
124 70
125 71
126 71
127 71
128 71
129 71
130 71
131 70
132 70
133 70
134 69
135 68
136 68
137 67
138 66
139 66
140 65
141 64
142 63
143 62
144 62
145 61
146 60
147 59
148 59
149 58
150 57
151 57
152 56
153 56
154 56
155 56
156 55
157 55
158 55
159 55
160 56
161 56
162 57
163 57
164 58
165 59
166 60
167 61
168 62
169 63
170 64
171 65
171 66
172 67
173 68
174 69
175 70
175 71
176 72
177 73
178 74
179 75
180 76
181 77
182 78
183 78
184 79
185 80
186 80
187 81
188 81
189 82
190 82
191 82
192 82
193 83
194 83
195 83
196 82
197 82
198 82
199 82
200 81
201 81
202 80
203 80
204 79
205 79
206 78
207 78
208 77
209 76
210 76
211 75
212 74
213 74
214 73
215 72
216 72
217 71
218 70
219 70
220 69
221 68
222 68
223 67
224 67
225 66
226 65
227 65
228 64
229 64
230 63
231 63
232 62
233 62
234 61
235 61
236 60
237 60
238 60
239 59
240 59
241 59
242 58
243 58
244 58
245 57
246 57
247 57
248 57
249 57
250 57
251 57
252 57
253 57
254 57
255 57
256 57
257 57
258 57
259 57
260 57
261 58
262 58
263 58
264 59
265 59
266 59
267 60
268 61
269 61
270 62
271 62
272 63
273 64
274 64
275 65
276 66
277 67
278 68
279 69
280 70
281 71
282 72
283 73
284 74
285 75
286 76
287 77
288 78
289 79
290 80
290 81
291 82
292 83
293 84
294 85
295 86
296 87
297 88
298 89
299 90
300 91
301 92
302 93
303 94
304 94
305 95
306 95
307 96
308 96
309 96
310 96
311 96
312 96
313 95
314 95
315 95
316 94
317 94
318 93
319 93
320 92
321 91
322 91
323 90
324 90
325 89
326 88
327 88
328 87
329 86
330 86
331 85
332 84
333 84
334 83
335 83
336 82
337 81
338 81
339 80
340 79
341 79
342 78
343 78
344 77
345 77
346 76
347 75
348 75
349 74
350 74
351 73
352 73
353 72
354 72
355 72
356 71
357 71
358 70
359 70
360 69
361 69
362 69
363 68
364 68
365 68
366 67
367 67
368 67
369 67
370 66
371 66
372 66
373 66
374 66
375 65
376 65
377 65
378 65
379 65
380 65
381 65
382 65
383 65
384 65
385 65
386 65
387 65
388 66
389 66
390 66
391 66
392 66
393 66
394 66
395 67
396 67
397 67
398 67
399 68
400 68
401 68
402 68
403 69
404 69
405 69
406 69
407 70
408 70
409 70
410 70
411 71
412 71
413 71
414 72
415 72
416 72
417 72
418 73
419 73
420 73
421 74
422 74
423 74
424 74
425 75
426 75
427 75
428 76
429 76
430 76
431 77
432 77
433 78
434 78
435 78
436 79
437 79
438 79
439 80
440 80
441 80
442 81
443 81
444 81
445 81
446 82
447 82
448 82
449 82
450 82
451 82
452 82
453 81
454 81
455 81
456 81
457 80
458 80
459 80
460 79
461 79
462 79
463 78
464 78
465 77
466 77
467 76
468 76
469 75
470 75
471 74
472 73
473 72
474 71
475 70
476 69
477 68
478 67
479 66
480 65
481 64
482 63
483 63
