10 74
11 74
12 75
13 75
14 76
15 77
16 78
17 79
18 80
19 81
20 82
21 82
22 83
23 84
24 84
25 85
26 85
27 85
28 86
29 86
30 86
31 86
32 86
33 86
34 86
35 85
36 85
37 85
38 85
39 84
40 84
41 83
42 83
43 82
44 82
45 81
46 81
47 81
48 80
49 80
50 79
51 78
52 78
53 77
54 77
55 76
56 76
57 75
58 75
59 74
60 74
61 73
62 72
63 72
64 71
65 71
66 70
67 70
68 69
69 69
70 68
71 67
72 67
73 66
74 66
75 65
76 65
77 64
78 64
79 63
80 63
81 62
82 62
83 61
84 60
85 60
86 59
87 59
88 58
89 58
90 57
91 57
92 56
93 56
94 55
95 55
96 55
97 54
98 54
99 53
100 53
101 52
102 52
103 51
104 51
105 51
106 50
107 50
108 50
109 49
110 49
111 49
112 48
113 48
114 48
115 47
116 47
117 47
118 47
119 46
120 46
121 46
122 46
123 46
124 45
125 45
126 45
127 45
128 45
129 45
130 45
131 45
132 45
133 45
134 45
135 45
136 45
137 45
138 45
139 45
140 45
141 45
142 45
143 45
144 46
145 46
146 46
147 46
148 47
149 47
150 47
151 47
152 48
153 48
154 49
155 49
156 50
157 51
158 51
159 52
160 53
161 54
162 55
163 56
164 57
164 58
165 59
166 60
166 61
167 62
167 63
168 64
168 65
169 66
169 67
170 68
170 69
171 70
171 71
172 72
172 73
173 74
173 75
174 76
174 77
175 78
175 79
175 80
176 81
176 82
177 83
177 84
178 85
178 86
179 87
179 88
180 89
180 90
181 91
181 92
182 93
182 94
183 95
183 96
184 97
185 98
185 99
186 100
187 101
188 102
189 103
189 104
190 105
191 105
192 106
193 107
194 108
195 108
196 109
197 109
198 110
199 110
200 110
201 111
202 111
203 111
204 111
205 111
206 111
207 111
208 111
209 111
210 111
211 110
212 110
213 110
214 110
215 109
216 109
217 109
218 108
219 108
220 107
221 107
222 107
223 106
224 106
225 105
226 105
227 104
228 103
229 103
230 102
231 102
232 101
233 100
234 100
235 99
236 99
237 98
238 97
239 97
240 96
241 95
242 95
243 94
244 93
245 92
246 92
247 91
248 90
249 90
