21 67
22 68
22 69
23 70
24 71
25 72
25 73
26 74
26 75
27 76
28 77
28 78
29 79
30 80
30 81
31 82
32 83
32 84
33 85
34 86
34 87
35 88
36 89
36 90
37 91
38 92
38 93
39 94
40 95
40 96
41 97
41 98
42 99
43 100
43 101
44 102
45 103
45 104
46 105
47 106
47 107
48 108
49 109
50 110
50 111
51 112
52 113
53 114
53 115
54 116
55 117
56 118
57 119
57 120
58 121
59 122
60 123
61 124
62 125
63 126
64 127
65 128
66 129
67 129
68 130
69 131
70 132
71 133
72 133
73 134
74 135
75 135
76 136
77 137
78 137
79 138
80 138
81 139
82 139
83 139
84 140
85 140
86 140
87 140
88 140
89 141
90 141
91 141
92 141
93 141
94 141
95 140
96 140
97 140
98 140
99 140
100 140
101 140
102 139
103 139
104 139
105 139
106 138
107 138
108 138
109 138
110 137
111 137
112 137
113 137
114 136
115 136
116 135
117 135
118 135
119 134
120 134
121 133
122 133
123 132
124 132
125 131
126 131
127 130
128 130
129 129
130 129
131 128
132 127
133 127
134 126
135 126
136 125
137 125
138 124
139 124
140 123
141 123
142 123
143 122
144 122
145 122
146 122
147 121
148 121
149 121
150 121
151 121
152 121
153 121
154 122
155 122
156 122
157 122
158 122
159 122
160 123
161 123
162 123
163 123
164 124
165 124
166 124
167 125
168 125
169 125
170 126
171 126
172 126
173 127
174 127
175 127
176 128
177 128
178 128
179 129
180 129
181 129
182 130
183 130
184 130
185 131
186 131
187 131
188 132
189 132
190 132
191 132
192 133
193 133
194 133
195 133
196 133
197 133
198 133
199 133
200 133
201 133
202 133
203 133
204 133
205 132
206 132
207 132
208 131
209 131
210 131
211 130
212 130
213 129
214 129
215 129
216 128
217 128
218 128
219 128
220 128
221 128
222 129
223 129
224 129
225 130
226 130
227 131
228 132
229 133
230 134
231 135
232 136
233 137
234 138
234 139
235 140
236 141
237 142
238 143
238 144
239 145
240 146
241 147
242 148
242 149
243 150
244 151
245 152
246 153
247 154
248 155
249 156
250 157
251 157
252 158
253 159
254 159
255 160
256 160
257 161
258 161
259 161
260 161
261 160
262 160
263 160
264 160
265 159
266 159
267 159
268 158
269 158
270 158
271 158
272 158
273 158
274 158
275 158
276 158
277 158
278 158
279 158
280 158
281 158
282 158
283 158
284 158
285 158
286 158
287 158
288 158
289 158
290 157
291 157
292 157
293 157
294 157
295 156
296 156
297 156
298 156
299 155
300 155
301 155
302 154
303 154
304 154
305 153
306 153
307 152
308 152
309 151
310 151
311 150
312 150
313 149
314 149
315 148
316 148
317 147
318 146
319 146
320 145
321 144
322 144
323 143
324 142
325 142
326 141
327 140
328 139
329 139
330 138
331 137
332 136
333 135
334 135
335 134
336 133
337 132
338 131
339 131
340 130
341 129
342 128
343 128
344 127
345 126
346 125
347 125
348 124
349 123
350 122
351 122
352 121
353 121
354 120
355 119
356 119
357 118
358 118
359 117
360 117
361 117
362 116
363 116
364 116
365 116
366 116
367 116
368 116
369 116
370 116
371 116
372 117
373 117
374 117
375 118
376 118
377 119
378 119
379 120
380 120
381 121
382 122
383 122
384 123
385 124
386 125
387 125
388 126
389 127
390 127
391 128
392 128
393 129
394 129
395 130
396 130
397 130
398 129
399 129
400 128
401 127
402 126
403 125
404 124
405 123
406 122
406 121
407 120
408 119
409 118
409 117
410 116
411 115
412 114
413 113
414 112
415 111
416 110
417 109
418 108
419 108
420 107
421 106
422 106
423 105
424 105
425 105
426 104
427 104
428 104
429 104
430 104
431 104
432 104
433 105
434 105
435 106
436 107
437 107
438 108
438 109
439 110
440 111
441 112
442 113
442 114
443 115
444 116
444 117
445 118
445 119
446 120
447 121
447 122
448 123
