19 36
20 36
21 37
22 37
23 38
24 39
25 40
26 40
27 41
28 42
29 43
30 44
31 44
32 45
33 46
34 47
35 48
36 49
37 50
38 50
39 51
40 52
41 53
42 54
43 55
44 56
45 57
46 58
47 59
48 60
48 61
49 62
50 63
51 64
52 65
53 66
53 67
54 68
55 69
56 70
56 71
57 72
58 73
59 74
59 75
60 76
61 77
61 78
62 79
63 80
63 81
64 82
65 83
65 84
66 85
66 86
67 87
68 88
68 89
69 90
70 91
70 92
71 93
72 94
72 95
73 96
73 97
74 98
75 99
75 100
76 101
77 102
77 103
78 104
79 105
79 106
80 107
81 108
81 109
82 110
83 111
83 112
84 113
85 114
85 115
86 116
87 117
87 118
88 119
89 120
90 121
90 122
91 123
92 124
93 125
94 126
94 127
95 128
96 129
97 130
98 131
99 132
100 133
101 134
102 135
103 136
104 137
105 138
106 139
107 140
108 141
109 142
110 143
111 144
112 144
113 145
114 146
115 147
116 148
117 148
118 149
119 150
120 150
121 151
122 152
123 153
124 153
125 154
126 155
127 155
128 156
129 156
130 157
131 158
132 158
133 159
134 159
135 159
136 160
137 160
138 160
139 160
140 160
141 160
142 160
143 160
144 160
145 160
146 159
147 159
148 158
149 157
150 157
151 156
152 155
153 154
154 153
155 152
156 152
157 151
158 150
158 149
159 148
160 147
161 146
162 145
163 144
164 143
165 142
166 141
167 140
168 139
169 138
170 137
170 136
171 135
172 134
173 133
174 132
175 131
176 130
177 129
178 128
179 127
180 126
181 125
182 124
182 123
183 122
184 121
185 120
186 119
187 118
188 117
189 117
190 116
191 115
192 114
193 113
194 112
195 111
196 110
197 110
198 109
199 108
200 108
201 107
202 106
203 106
204 105
205 105
206 104
207 104
208 103
209 103
210 103
211 102
212 102
213 102
214 102
215 102
216 102
217 102
218 101
219 101
220 101
221 102
222 102
223 102
224 102
225 102
226 102
227 102
228 102
229 102
230 103
231 103
232 103
233 103
234 103
235 103
236 104
237 104
238 104
239 104
240 104
241 105
242 105
243 105
244 105
245 106
246 106
247 106
248 106
249 107
250 107
251 107
252 107
253 107
254 108
255 108
256 108
257 108
258 109
259 109
260 109
261 109
262 110
263 110
264 110
265 110
266 111
267 111
268 111
269 111
270 111
271 112
272 112
273 112
274 112
275 112
276 113
277 113
278 113
279 113
280 113
281 113
282 113
283 113
284 113
285 113
286 113
287 113
288 113
289 113
290 113
291 112
292 112
293 112
294 112
295 112
296 111
297 111
298 111
299 111
300 111
301 110
302 110
303 110
304 110
305 109
306 109
307 109
308 108
309 108
310 108
311 108
312 107
313 107
314 107
315 106
316 106
317 106
318 106
319 105
320 105
321 105
322 105
323 104
324 104
325 104
326 104
327 103
328 103
329 103
330 103
331 103
332 102
333 102
334 102
335 102
336 101
337 101
338 101
339 101
340 101
341 100
342 100
343 100
344 100
345 100
346 99
347 99
348 99
349 99
350 98
351 98
352 98
353 98
354 98
355 97
356 97
357 97
358 97
359 97
360 96
361 96
362 96
363 96
364 95
365 95
366 95
367 95
368 95
369 94
370 94
371 94
372 94
373 94
374 93
375 93
376 93
377 93
378 92
379 92
380 92
381 92
382 92
383 91
384 91
385 91
386 91
387 91
388 90
389 90
390 90
391 90
392 90
393 89
394 89
395 89
396 89
397 89
398 88
399 88
400 88
401 88
402 88
403 87
404 87
405 87
406 87
407 87
408 87
409 87
410 87
411 87
412 87
413 87
414 87
415 87
416 87
417 87
418 88
419 88
420 88
421 88
422 88
423 89
424 89
425 89
426 90
427 90
428 90
429 91
430 91
431 91
432 91
433 92
434 92
435 92
436 92
437 92
438 92
439 92
440 92
441 92
442 92
443 92
444 92
445 91
446 91
447 91
448 91
449 90
450 90
451 90
452 89
453 89
454 88
455 88
456 87
457 87
458 86
459 86
460 85
461 85
462 84
463 84
464 83
465 83
466 82
467 82
468 81
469 81
470 80
471 80
472 79
473 78
474 78
475 77
476 77
477 76
478 76
479 75
480 75
481 74
482 74
483 73
484 73
485 72
486 72
487 72
488 71
489 71
490 70
491 70
492 69
493 69
494 69
495 68
496 68
497 67
498 67
499 67
500 66
501 66
502 66
503 65
504 65
505 65
506 64
507 64
508 64
509 64
510 63
511 63
512 63
513 63
514 62
515 62
516 62
517 62
518 61
519 61
520 61
521 61
522 61
523 60
524 60
525 60
526 60
527 60
528 60
529 59
530 59
531 59
532 59
533 59
534 59
535 59
536 58
537 58
538 58
539 58
540 58
541 58
542 58
543 57
