40 46
41 46
42 46
43 46
44 46
45 46
46 46
47 46
48 46
49 47
50 47
51 47
52 47
53 47
54 47
55 47
56 47
57 47
58 47
59 48
60 48
61 48
62 48
63 48
64 48
65 48
66 48
67 48
68 48
69 48
70 48
71 48
72 48
73 48
74 48
75 48
76 48
77 48
78 48
79 48
80 48
81 48
82 48
83 48
84 48
85 47
86 47
87 47
88 47
89 47
90 47
91 47
92 47
93 47
94 46
95 46
96 46
97 46
98 46
99 46
100 46
101 45
102 45
103 45
104 45
105 45
106 45
107 44
108 44
109 44
110 44
111 44
112 44
113 44
114 44
115 44
116 44
117 44
118 44
119 44
120 44
121 44
122 44
123 45
124 45
125 45
126 46
127 46
128 47
129 48
130 48
131 49
132 50
133 51
134 52
134 53
135 54
136 55
136 56
137 57
138 58
138 59
139 60
140 61
140 62
141 63
141 64
142 65
142 66
143 67
143 68
144 69
144 70
145 71
145 72
146 73
147 74
147 75
148 76
148 77
149 78
150 79
150 80
151 81
152 82
152 83
153 84
154 85
155 86
156 87
157 88
158 89
159 90
160 91
161 92
162 93
163 94
164 94
165 95
166 96
167 97
168 97
169 98
170 99
171 100
172 101
173 102
174 103
175 103
176 104
177 105
178 106
179 107
180 108
181 108
182 109
183 110
184 111
185 111
186 112
187 113
188 113
189 114
190 114
191 115
192 115
193 116
194 116
195 116
196 117
197 117
198 118
199 118
200 119
201 119
202 120
203 121
204 121
205 122
206 123
207 124
208 125
209 126
210 127
211 128
212 129
213 130
214 131
215 132
216 133
217 134
218 135
219 136
220 136
221 137
222 138
223 138
224 139
225 139
226 140
227 140
228 140
229 140
230 140
231 140
232 140
233 140
234 140
235 140
236 140
237 140
238 140
239 140
240 140
241 140
242 140
243 140
244 141
245 141
246 141
247 142
248 142
249 143
250 143
251 144
252 144
253 145
254 145
255 146
256 146
257 147
258 147
259 148
260 148
261 149
262 149
263 150
264 150
265 151
266 151
267 151
268 152
269 152
270 152
271 153
272 153
273 153
274 153
275 153
276 154
277 154
278 154
279 154
280 154
281 154
282 154
283 154
284 154
285 154
286 153
287 153
288 153
289 153
290 153
291 152
292 152
293 152
294 151
295 151
296 151
297 150
298 150
299 149
300 149
301 148
302 148
303 147
304 147
305 146
306 146
307 145
308 144
309 144
310 143
311 143
312 142
313 142
314 141
315 140
316 140
317 139
318 138
319 138
320 137
321 137
322 136
323 135
324 135
325 134
326 134
327 133
328 132
329 132
330 131
331 131
332 130
333 129
334 129
335 128
336 128
337 127
338 127
339 126
340 126
341 125
342 125
343 124
344 124
345 123
346 123
347 122
348 122
349 122
350 121
351 121
352 120
353 120
354 120
355 119
356 119
357 119
358 118
359 118
360 118
361 117
362 117
363 117
364 117
365 117
366 116
367 116
368 116
369 116
370 116
371 116
372 116
373 115
374 115
375 115
376 115
377 115
378 115
379 115
380 115
381 115
382 115
383 115
384 115
385 115
386 115
387 115
388 115
389 115
390 115
391 115
392 114
393 114
394 114
395 114
396 114
397 114
398 114
399 114
400 114
401 114
402 113
403 113
404 113
405 113
406 113
407 113
408 112
409 112
410 112
411 112
412 111
413 111
414 111
415 111
416 111
417 110
418 110
419 110
420 110
421 109
422 109
423 109
424 108
425 108
426 108
427 108
428 107
429 107
430 107
431 107
432 106
433 106
434 106
435 105
436 105
437 105
438 104
439 104
440 104
441 104
442 103
443 103
