19 32
20 31
21 31
22 31
23 31
24 31
25 31
26 30
27 30
28 30
29 30
30 30
31 30
32 30
33 30
34 30
35 30
36 30
37 30
38 30
39 30
40 30
41 30
42 30
43 31
44 31
45 31
46 31
47 32
48 32
49 32
50 33
51 33
52 34
53 34
54 35
55 36
56 37
57 38
58 38
59 39
59 40
60 41
61 42
62 43
63 44
63 45
64 46
65 47
66 48
66 49
67 50
67 51
68 52
69 53
69 54
70 55
71 56
71 57
72 58
72 59
73 60
74 61
74 62
75 63
75 64
76 65
77 66
77 67
78 68
78 69
79 70
80 71
80 72
81 73
82 74
82 75
83 76
84 77
84 78
85 79
86 80
87 81
87 82
88 83
89 84
90 85
90 86
91 87
92 88
93 89
94 90
94 91
95 92
96 93
97 94
98 95
99 96
100 97
100 98
101 99
102 100
103 101
104 102
105 103
106 104
107 105
108 105
109 106
110 107
111 108
112 109
113 110
114 110
115 111
116 112
117 112
118 113
119 113
120 114
121 114
122 115
123 115
124 115
125 115
126 116
127 116
128 116
129 116
130 116
131 116
132 115
133 115
134 114
135 114
136 113
137 113
138 112
139 111
140 110
141 109
142 108
143 107
144 106
145 105
146 104
147 103
148 102
