31 47
32 48
33 48
34 49
35 49
36 50
37 51
38 51
39 52
40 52
41 53
42 54
43 54
44 55
45 55
46 56
47 56
48 57
49 58
50 58
51 59
52 59
53 60
54 60
55 61
56 61
57 62
58 62
59 63
60 63
61 64
62 64
63 64
64 65
65 65
66 66
67 66
68 66
69 67
70 67
71 67
72 68
73 68
74 69
75 69
76 69
77 70
78 70
79 71
80 72
81 72
82 73
83 74
84 74
85 75
86 76
87 77
88 78
89 79
90 80
90 81
91 82
92 83
93 84
94 85
94 86
95 87
96 88
96 89
97 90
98 91
98 92
99 93
100 94
100 95
101 96
101 97
102 98
102 99
103 100
103 101
104 102
104 103
105 104
106 105
106 106
107 107
107 108
108 109
108 110
109 111
109 112
110 113
110 114
