10 39
11 40
11 41
12 42
13 43
13 44
14 45
14 46
15 47
15 48
16 49
16 50
17 51
18 52
18 53
19 54
19 55
20 56
20 57
21 58
21 59
22 60
22 61
23 62
23 63
24 64
24 65
24 66
25 67
25 68
26 69
26 70
27 71
27 72
28 73
28 74
29 75
29 76
30 77
30 78
31 79
31 80
32 81
32 82
33 83
33 84
34 85
34 86
35 87
36 88
36 89
37 90
37 91
38 92
39 93
39 94
40 95
41 96
41 97
42 98
43 99
44 100
44 101
45 102
46 103
47 104
48 105
48 106
49 107
50 108
51 109
52 110
53 111
53 112
54 113
55 114
56 115
57 116
58 117
59 118
60 119
60 120
61 121
62 122
63 123
64 124
65 125
66 126
67 127
68 128
69 129
70 130
71 131
72 132
73 133
74 134
75 135
76 136
77 136
78 137
79 138
80 139
81 139
82 140
83 141
84 141
85 142
86 143
87 143
88 144
89 144
90 145
91 145
92 146
93 146
94 146
95 147
96 147
97 147
98 148
99 148
100 148
101 148
102 149
103 149
104 149
105 149
106 149
107 149
108 149
109 149
110 149
111 149
112 149
113 148
114 148
115 148
116 148
117 148
118 147
119 147
120 147
121 146
122 146
123 145
124 145
125 145
126 144
127 143
128 143
129 142
130 142
131 141
132 140
133 140
134 139
135 138
136 138
137 137
138 136
139 135
140 135
141 134
142 133
143 133
144 132
145 131
146 131
147 130
148 130
149 129
150 129
151 128
152 128
153 128
154 127
155 127
156 127
157 126
158 126
159 126
160 126
161 126
162 126
163 126
164 126
165 126
166 126
167 126
168 126
169 126
170 127
171 127
172 127
173 127
174 127
175 128
176 128
177 128
178 128
179 129
180 129
181 129
182 130
183 130
184 130
185 131
186 131
