27 3
28 4
29 4
30 4
31 5
32 5
33 5
34 6
35 6
36 6
37 7
38 7
39 7
40 8
41 8
42 8
43 9
44 9
45 9
46 10
47 10
48 10
49 10
50 11
51 11
52 11
53 11
54 12
55 12
56 12
57 12
58 13
59 13
60 13
61 13
62 14
63 14
64 14
65 14
66 15
67 15
68 15
69 15
70 16
71 16
72 16
73 17
74 17
75 17
76 18
77 18
78 18
79 19
80 19
81 20
82 20
83 21
84 22
85 22
86 23
87 24
88 24
89 25
90 26
91 27
92 28
93 28
94 29
95 30
96 31
97 32
97 33
98 34
99 35
100 36
101 37
102 38
102 39
103 40
104 41
105 42
105 43
106 44
107 45
107 46
108 47
109 48
109 49
110 50
111 51
111 52
112 53
113 54
113 55
114 56
114 57
115 58
116 59
116 60
117 61
118 62
118 63
119 64
120 65
120 66
121 67
122 68
122 69
123 70
124 71
125 72
125 73
126 74
127 75
128 76
129 77
129 78
130 79
131 80
132 81
133 82
134 83
135 83
136 84
137 85
138 86
139 87
140 88
141 88
142 89
143 90
144 90
145 91
146 92
147 92
148 93
149 94
150 94
151 95
152 95
153 96
154 96
155 97
156 98
157 98
158 99
159 99
160 100
161 100
162 101
163 101
164 102
165 102
166 103
167 103
168 104
169 104
170 104
171 105
172 105
173 106
174 106
175 106
176 106
177 107
178 107
179 107
180 107
181 108
182 108
183 108
184 108
185 108
186 108
187 108
188 108
189 108
190 108
191 108
192 108
193 108
194 108
195 108
196 107
197 107
198 107
199 107
200 107
201 106
202 106
203 106
204 106
205 105
206 105
207 105
208 104
209 104
210 104
211 103
212 103
213 103
214 102
215 102
216 102
217 101
218 101
219 101
220 100
221 100
222 100
223 99
224 99
225 99
226 98
227 98
228 98
229 98
230 97
231 97
232 97
233 96
234 96
235 96
236 95
237 95
238 95
239 95
240 94
241 94
242 94
243 94
244 93
245 93
246 93
247 93
248 92
249 92
250 92
251 92
252 92
253 91
254 91
255 91
256 91
257 91
258 90
259 90
260 90
261 90
262 90
263 90
264 89
265 89
266 89
267 89
268 88
269 88
270 88
271 88
272 87
273 87
274 87
275 86
276 86
277 86
278 85
279 85
280 84
281 84
282 84
283 83
284 83
285 82
286 82
287 81
288 81
289 81
