19 28
20 28
21 29
22 30
23 31
24 32
25 33
26 34
27 35
28 36
29 37
30 38
31 39
32 40
32 41
33 42
34 43
35 44
36 45
36 46
37 47
38 48
39 49
39 50
40 51
41 52
41 53
42 54
43 55
43 56
44 57
44 58
45 59
46 60
46 61
47 62
47 63
48 64
48 65
49 66
49 67
50 68
50 69
51 70
51 71
52 72
52 73
53 74
53 75
53 76
54 77
54 78
55 79
55 80
56 81
56 82
56 83
57 84
57 85
58 86
58 87
58 88
59 89
59 90
59 91
60 92
60 93
61 94
61 95
61 96
62 97
62 98
63 99
63 100
64 101
64 102
64 103
65 104
65 105
66 106
66 107
67 108
67 109
68 110
69 111
69 112
70 113
71 114
72 115
73 116
74 116
75 116
76 116
77 116
78 116
79 115
80 115
81 114
82 113
83 112
84 112
85 111
86 110
87 109
88 108
89 107
89 106
90 105
91 104
92 103
93 102
94 101
94 100
95 99
96 98
97 97
97 96
98 95
99 94
100 93
100 92
101 91
102 90
103 89
103 88
104 87
105 86
106 85
107 84
107 83
108 82
109 82
110 81
111 80
112 80
113 80
114 80
115 79
116 79
117 79
118 79
119 79
120 79
121 79
122 79
123 79
124 79
125 78
126 78
127 78
128 77
129 77
130 77
131 76
132 76
133 76
134 76
135 75
136 75
137 75
138 75
139 75
140 74
141 74
142 74
143 74
144 74
145 74
146 74
147 74
148 74
149 74
150 74
151 74
152 74
153 74
154 74
155 74
156 74
157 74
158 74
159 74
160 74
161 74
162 75
163 75
164 75
165 75
166 75
167 75
168 76
169 76
170 76
171 76
172 77
173 77
174 77
175 78
176 78
177 79
178 79
179 79
180 80
181 80
182 81
183 81
184 82
185 82
186 83
187 83
188 84
189 85
190 85
191 86
192 86
193 87
194 87
195 88
196 88
197 88
198 89
199 89
200 89
201 89
202 89
203 89
204 89
205 89
206 89
207 89
208 89
209 89
210 89
211 89
212 89
213 89
214 90
215 90
216 90
217 90
218 90
219 91
220 91
221 91
222 91
223 91
224 92
225 92
226 92
227 92
228 92
229 92
230 91
231 91
232 91
233 91
234 90
235 90
236 90
237 89
238 89
239 89
240 88
241 88
242 87
243 87
244 86
245 86
246 86
247 85
248 85
249 85
250 84
251 84
252 84
253 84
254 83
255 83
256 83
257 83
258 83
259 83
260 83
261 83
262 83
263 83
264 83
265 83
266 84
267 84
268 84
269 84
270 84
271 84
272 85
273 85
274 85
275 85
276 86
277 86
278 86
279 86
280 87
281 87
282 87
283 87
284 88
285 88
286 88
287 88
288 89
289 89
290 89
291 89
292 89
293 89
294 89
295 89
296 89
297 89
298 89
299 88
300 88
301 88
302 88
303 87
304 87
305 87
306 86
307 86
308 86
309 85
310 85
311 85
312 84
313 84
314 84
315 84
316 84
317 83
318 83
319 83
320 83
321 83
322 84
323 84
324 84
325 85
326 85
327 86
328 87
329 88
330 89
331 90
332 91
333 92
334 92
335 93
336 94
337 95
338 96
339 97
340 98
341 98
342 99
343 99
344 100
345 100
346 101
347 101
348 102
349 102
350 102
351 103
352 103
353 103
354 104
355 104
356 104
357 104
358 104
359 104
360 105
361 105
362 105
363 105
364 105
365 105
366 105
367 106
368 106
369 106
370 106
371 107
372 107
373 107
374 108
375 108
376 109
377 110
378 110
379 111
380 112
381 112
382 113
383 114
384 115
385 116
386 117
387 118
388 119
389 120
390 120
391 121
392 122
393 123
394 124
395 125
396 126
397 127
398 127
399 128
400 129
401 130
402 131
403 132
404 133
405 133
406 134
407 135
408 136
409 137
410 138
411 139
412 140
