9 23
10 23
11 23
12 23
13 23
14 23
15 23
16 23
17 23
18 23
19 23
20 23
21 23
22 23
23 23
24 23
25 23
26 24
27 24
28 24
29 25
30 25
31 25
32 26
33 26
34 27
35 28
36 28
37 29
38 30
39 30
40 31
41 32
42 33
43 34
44 34
45 35
46 36
47 37
48 38
49 38
50 39
51 40
52 40
53 41
54 41
55 41
56 42
57 42
58 42
59 42
60 41
61 41
62 41
63 41
64 40
65 40
66 39
67 38
68 38
69 37
70 36
71 35
72 35
73 34
74 33
75 32
76 32
77 31
78 31
79 30
80 30
81 30
82 30
83 29
84 29
85 29
86 29
87 29
88 29
89 29
90 29
91 29
92 29
93 29
94 29
95 30
96 30
97 30
98 30
99 31
100 31
101 31
102 32
103 32
104 33
105 33
106 33
107 34
108 34
109 34
110 35
111 35
112 35
113 36
114 36
115 36
116 36
117 37
118 37
119 37
120 37
121 37
122 38
123 38
124 38
125 38
126 38
127 39
128 39
129 39
130 39
131 39
132 40
133 40
134 40
135 40
136 41
137 41
138 41
139 42
140 42
141 42
142 42
143 43
144 43
145 43
146 43
147 44
148 44
149 44
150 44
151 45
152 45
153 45
154 45
155 46
156 46
157 46
158 47
159 47
160 47
161 48
162 48
163 49
164 49
165 49
166 50
167 50
168 51
169 51
170 52
171 52
172 52
173 53
174 53
175 53
176 53
177 54
178 54
179 54
180 54
181 54
182 54
183 54
184 54
185 54
186 54
187 54
188 54
189 54
190 54
191 54
192 54
193 54
194 54
195 54
196 53
197 53
