46 3
47 4
48 5
49 6
50 7
50 8
51 9
52 10
53 11
54 12
55 13
55 14
56 15
57 16
58 17
59 18
59 19
60 20
61 21
62 22
63 23
64 24
64 25
65 26
66 27
67 28
68 29
68 30
69 31
70 32
71 33
72 34
72 35
73 36
74 37
75 38
76 39
77 40
77 41
78 42
79 43
80 44
81 45
81 46
82 47
83 48
84 49
85 50
85 51
86 52
87 53
88 54
89 55
90 56
90 57
91 58
92 59
93 60
94 61
95 62
96 63
96 64
97 65
98 66
99 67
100 68
101 69
102 70
103 71
104 72
105 73
106 74
107 75
108 76
109 77
110 78
111 78
112 79
113 80
114 81
115 81
116 82
117 83
118 83
119 84
120 85
121 85
122 86
123 86
124 87
125 87
126 88
127 88
128 88
129 89
130 89
131 90
132 90
133 90
134 91
135 91
136 91
137 91
138 92
139 92
140 92
141 93
142 93
143 93
144 94
145 94
146 94
147 94
148 95
149 95
150 95
151 96
152 96
153 96
154 97
155 97
156 97
157 98
158 98
159 99
160 99
161 100
162 100
163 100
164 101
165 102
166 102
167 103
168 103
169 104
170 105
171 105
172 106
173 107
174 107
175 108
176 109
177 110
178 111
179 112
180 112
181 113
182 114
183 115
184 116
185 117
186 118
187 119
188 120
189 121
190 122
191 123
192 124
193 125
194 126
195 127
196 128
197 129
198 130
199 131
200 132
201 132
202 133
203 134
204 135
205 136
206 137
207 138
208 139
209 140
210 140
211 141
212 142
213 143
214 144
215 144
216 145
217 146
218 147
219 147
220 148
221 149
222 150
223 150
224 151
225 152
226 152
227 153
228 154
229 154
230 155
231 156
232 156
233 157
234 157
235 158
236 158
237 159
238 160
239 160
240 161
241 161
242 162
243 162
244 163
245 163
246 163
247 164
248 164
249 165
250 165
251 165
252 166
253 166
254 166
255 167
256 167
257 167
258 168
259 168
260 168
261 168
262 169
263 169
264 169
265 169
266 169
267 169
268 170
269 170
270 170
271 170
272 170
273 170
274 170
275 170
276 170
277 170
278 170
279 170
280 170
281 170
282 170
283 169
284 169
285 169
286 169
287 169
288 168
289 168
290 168
291 168
292 167
293 167
294 166
295 166
296 165
297 165
298 165
299 164
300 163
301 163
302 162
303 162
304 161
305 160
306 160
307 159
308 158
309 157
310 157
311 156
312 155
313 154
314 154
315 153
316 152
317 151
318 151
319 150
320 149
321 148
322 148
323 147
324 146
325 146
326 145
327 144
328 144
329 143
330 142
331 142
332 141
333 141
334 140
335 139
336 139
337 138
338 138
339 137
340 137
341 136
342 136
343 135
344 135
345 135
346 134
347 134
348 133
349 133
350 133
351 132
352 132
353 132
354 131
355 131
356 131
357 130
358 130
359 130
360 129
361 129
362 129
363 129
364 129
365 128
366 128
367 128
368 128
369 128
370 127
371 127
372 127
373 127
374 127
375 127
376 127
377 126
378 126
379 126
380 126
381 126
382 126
383 126
384 126
385 126
386 126
387 126
388 126
389 126
390 126
391 126
392 126
393 126
394 126
395 126
396 126
397 126
398 126
399 126
400 126
401 126
402 126
403 126
404 126
405 127
406 127
407 127
408 127
409 127
410 128
411 128
412 128
413 128
414 129
415 129
416 130
417 130
418 130
419 131
420 131
421 132
422 133
423 133
424 134
425 134
426 135
427 136
428 136
429 137
430 138
431 138
432 139
433 140
434 141
435 141
436 142
437 143
438 144
439 145
440 145
441 146
442 147
443 148
444 148
445 149
446 150
447 151
448 151
449 152
450 153
451 154
452 154
453 155
454 156
455 157
456 157
457 158
458 159
459 159
460 160
461 161
462 161
463 162
464 163
465 163
466 164
467 165
468 165
469 166
470 166
471 167
472 168
473 168
474 169
475 169
476 170
477 170
478 171
479 171
480 172
481 172
482 172
483 173
484 173
485 174
486 174
487 174
488 175
489 175
490 175
491 176
492 176
493 176
494 176
495 176
496 176
497 177
498 177
499 177
500 177
501 177
502 177
503 177
504 177
505 177
506 177
507 177
508 177
509 177
510 177
511 177
512 177
513 177
514 177
515 177
516 177
517 177
518 176
519 176
520 176
521 176
522 176
523 176
524 176
525 176
526 176
527 176
528 176
529 175
530 175
531 175
532 175
533 175
534 175
535 174
536 174
537 174
538 174
539 174
540 173
541 173
542 173
543 172
544 172
545 172
546 171
547 171
548 170
549 170
550 170
551 169
552 169
553 168
554 168
555 168
556 167
557 167
558 167
559 166
560 166
561 166
562 166
563 165
564 165
565 165
566 165
567 165
568 164
569 164
570 164
571 164
572 164
573 164
574 164
575 164
576 164
577 164
578 164
579 164
580 164
581 164
582 164
583 164
584 164
585 164
586 164
587 164
588 164
589 163
590 163
591 163
592 163
593 163
594 162
595 162
596 162
597 162
598 161
599 161
600 161
601 160
602 160
603 160
604 159
605 159
606 159
607 158
608 158
609 158
610 157
611 157
612 157
613 156
614 156
615 156
616 155
617 155
618 155
619 155
620 154
621 154
622 154
623 154
624 154
625 154
626 153
627 153
628 153
629 153
630 153
631 153
632 153
633 153
634 153
635 153
636 153
637 153
638 153
639 153
640 153
641 153
642 153
643 153
644 153
645 153
646 153
647 153
648 153
649 153
650 153
651 153
652 154
653 154
654 154
655 154
656 154
657 154
658 154
659 155
660 155
661 155
662 155
663 155
664 156
665 156
666 156
667 156
668 157
669 157
670 157
671 158
672 158
673 158
674 159
675 159
676 159
677 160
678 160
679 161
680 161
681 161
682 162
683 162
684 163
685 163
686 163
687 164
688 164
689 165
690 165
691 166
692 166
693 166
694 167
695 167
696 168
697 168
698 168
699 169
700 169
701 170
702 170
703 170
704 171
705 171
706 171
707 172
708 172
709 172
710 173
711 173
712 173
713 173
714 174
715 174
716 174
717 174
718 175
719 175
720 175
721 175
722 176
723 176
724 176
725 176
726 176
727 177
728 177
729 177
730 177
731 177
732 177
733 178
734 178
735 178
736 178
737 178
738 179
739 179
740 179
741 179
742 179
743 179
744 180
745 180
746 180
747 180
748 180
749 180
750 181
751 181
752 181
753 181
754 181
755 181
756 182
757 182
758 182
759 182
760 182
761 183
762 183
763 183
764 183
765 183
766 184
767 184
768 184
769 184
770 185
771 185
772 185
773 185
774 186
775 186
776 186
777 186
778 187
779 187
780 187
781 188
782 188
783 188
784 188
785 189
786 189
787 189
788 189
789 190
790 190
791 190
792 190
793 191
794 191
795 191
796 191
797 192
798 192
799 192
800 192
801 192
802 192
803 193
804 193
805 193
806 193
807 193
808 193
809 193
810 193
811 193
812 193
813 193
814 193
815 193
816 193
817 193
818 193
819 193
820 193
821 192
822 192
823 192
824 192
825 192
826 192
827 192
828 191
829 191
830 191
831 191
832 190
833 190
834 190
835 190
836 190
837 189
838 189
839 189
840 189
841 188
842 188
843 188
844 187
845 187
846 187
847 187
848 186
849 186
850 186
851 186
852 185
853 185
854 185
855 184
856 184
857 184
858 184
859 183
860 183
861 183
862 182
863 182
864 182
865 181
866 181
867 181
868 181
869 180
870 180
871 180
872 179
873 179
874 179
875 178
876 178
877 178
878 177
879 177
880 177
881 177
882 176
883 176
884 176
885 175
886 175
887 175
888 174
889 174
890 174
891 173
892 173
893 173
894 173
