23 14
24 14
25 14
26 14
27 14
28 15
29 15
30 15
31 15
32 15
33 16
34 16
35 16
36 16
37 16
38 17
39 17
40 17
41 17
42 18
43 18
44 18
45 19
46 19
47 19
48 20
49 20
50 20
51 21
52 21
53 22
54 22
55 22
56 23
57 23
58 24
59 25
60 25
61 26
62 26
63 27
64 28
65 28
66 29
67 30
68 30
69 31
70 32
71 32
72 33
73 34
74 35
75 36
76 37
77 37
78 38
79 39
80 40
81 41
82 42
83 43
84 44
85 45
86 46
87 47
87 48
88 49
89 50
90 51
91 52
92 53
92 54
93 55
94 56
94 57
95 58
96 59
97 60
97 61
98 62
99 63
99 64
100 65
100 66
101 67
102 68
102 69
103 70
104 71
104 72
105 73
105 74
106 75
107 76
107 77
108 78
109 79
109 80
110 81
111 82
111 83
112 84
113 85
113 86
114 87
115 88
115 89
116 90
117 91
118 92
118 93
119 94
120 95
121 96
122 97
123 98
124 99
125 100
126 101
127 102
128 103
129 104
130 104
131 105
132 105
133 106
134 106
135 107
136 107
137 107
138 108
139 108
140 108
141 108
142 108
143 108
144 108
145 108
146 108
147 109
148 109
149 109
150 109
151 109
152 109
153 109
154 109
155 109
156 109
157 109
158 109
159 109
160 109
161 110
162 110
163 110
164 110
165 110
166 110
167 110
168 111
169 111
170 111
171 111
172 112
173 112
174 112
175 112
176 112
177 113
178 113
179 113
180 113
181 114
182 114
183 114
184 114
185 115
186 115
187 115
188 115
189 115
190 115
191 116
192 116
193 116
194 116
195 116
196 116
197 116
198 116
199 116
200 116
201 116
202 116
203 116
204 116
205 116
206 115
207 115
208 115
209 115
210 115
211 115
212 114
213 114
214 114
215 114
216 114
217 113
218 113
219 113
220 113
221 112
222 112
223 112
224 111
225 111
226 111
227 111
228 110
229 110
230 110
231 109
232 109
233 109
234 108
235 108
236 108
237 107
238 107
239 107
240 106
241 106
242 106
243 105
244 105
245 105
246 104
247 104
248 104
249 104
250 103
251 103
252 103
253 103
254 102
255 102
256 102
257 102
258 102
259 101
260 101
261 101
262 101
263 101
264 101
265 101
266 101
267 101
268 101
269 101
270 101
271 101
272 101
273 101
274 101
275 101
276 101
277 101
278 101
279 101
280 102
281 102
282 102
283 102
284 102
285 103
286 103
287 103
288 103
289 104
290 104
291 104
292 105
293 105
294 105
295 106
296 106
297 106
298 107
299 107
300 108
301 108
302 109
303 109
304 110
305 110
306 111
307 111
308 112
309 112
310 113
311 113
312 114
313 114
314 115
315 115
316 116
317 117
318 117
319 118
320 118
321 119
322 119
323 120
324 120
325 121
326 121
327 121
328 122
329 122
330 123
331 123
332 124
333 124
334 124
335 125
336 125
337 126
338 126
339 127
340 128
341 128
342 129
343 130
344 130
345 131
346 132
347 132
348 133
349 134
350 134
351 135
352 136
353 136
354 137
355 138
356 138
