25 1
26 1
27 2
28 3
29 4
30 5
30 6
31 7
32 8
33 9
34 10
34 11
35 12
36 13
37 14
38 15
39 16
39 17
40 18
41 19
42 20
43 21
44 22
44 23
45 24
46 25
47 26
48 27
48 28
49 29
50 30
51 31
52 32
52 33
53 34
54 35
55 36
56 37
56 38
57 39
58 40
59 41
60 42
60 43
61 44
62 45
63 46
64 47
65 48
66 49
67 50
68 51
69 52
70 53
71 54
72 55
73 56
74 57
75 58
76 59
77 60
78 61
79 61
80 62
81 63
82 64
83 64
84 65
85 65
86 66
87 66
88 67
89 67
90 67
91 68
92 68
93 68
94 68
95 68
96 68
97 69
98 69
99 69
100 69
101 69
102 69
103 69
104 69
105 69
106 69
107 69
108 70
109 70
110 70
111 70
112 70
113 71
114 71
115 71
116 71
117 71
118 72
119 72
120 72
121 72
122 73
123 73
124 73
125 73
126 73
127 74
128 74
129 74
130 74
131 74
132 74
133 74
134 74
135 74
136 74
137 74
138 74
139 74
140 74
141 74
142 74
143 73
144 73
145 73
146 73
147 73
148 72
149 72
150 72
151 72
152 71
153 71
154 71
155 70
156 70
157 69
158 69
159 69
160 68
161 68
162 68
163 67
164 67
165 66
166 66
167 66
168 66
169 65
170 65
171 65
172 65
173 65
174 65
175 65
176 65
177 65
178 65
179 65
180 66
181 66
182 67
183 68
184 68
185 69
186 70
187 71
187 72
188 73
189 74
190 75
190 76
191 77
191 78
192 79
193 80
193 81
194 82
195 83
195 84
196 85
196 86
197 87
197 88
198 89
199 90
199 91
200 92
200 93
201 94
201 95
202 96
202 97
203 98
204 99
204 100
205 101
205 102
206 103
206 104
207 105
207 106
208 107
208 108
209 109
210 110
210 111
211 112
211 113
212 114
212 115
213 116
213 117
214 118
214 119
215 120
215 121
216 122
216 123
217 124
217 125
218 126
218 127
219 128
219 129
220 130
220 131
221 132
221 133
222 134
222 135
223 136
223 137
224 138
224 139
225 140
225 141
226 142
226 143
227 144
228 145
228 146
229 147
230 148
230 149
231 150
232 151
233 152
233 153
234 154
235 155
236 156
237 157
238 158
239 158
240 159
241 160
242 160
243 161
244 162
245 162
246 163
247 163
248 163
249 164
250 164
251 165
252 165
253 165
254 165
255 166
256 166
257 166
258 166
259 166
260 166
261 167
262 167
263 167
264 167
265 167
266 167
267 167
268 167
269 167
270 167
271 167
272 166
273 166
274 166
275 166
276 165
277 165
278 165
279 164
280 164
281 164
282 163
283 162
284 162
285 161
286 160
287 160
288 159
289 158
290 157
291 156
292 155
293 154
294 153
294 152
295 151
296 150
297 149
298 148
298 147
299 146
300 145
300 144
301 143
302 142
302 141
303 140
303 139
304 138
304 137
305 136
306 135
306 134
307 133
307 132
308 131
308 130
309 129
309 128
310 127
310 126
311 125
311 124
312 123
313 122
313 121
314 120
314 119
315 118
316 117
316 116
317 115
318 114
318 113
319 112
320 111
321 110
322 110
323 109
324 109
325 108
326 108
327 108
328 108
329 107
330 107
331 107
332 108
333 108
334 108
335 108
336 108
337 108
338 109
339 109
340 109
341 110
342 110
343 110
344 111
345 111
346 111
347 112
348 112
349 112
350 112
351 113
352 113
353 113
354 113
355 113
356 114
357 114
358 114
359 113
360 113
361 113
362 113
363 113
364 112
365 112
366 112
367 111
368 111
369 111
370 110
371 110
