24 25
25 25
26 26
27 26
28 26
29 26
30 27
31 27
32 27
33 27
34 27
35 28
36 28
37 28
38 28
39 29
40 29
41 29
42 29
43 30
44 30
45 30
46 30
47 31
48 31
49 31
50 32
51 32
52 32
53 33
54 33
55 33
56 34
57 34
58 35
59 35
60 35
61 36
62 36
63 37
64 37
65 38
66 38
67 39
68 39
69 40
70 40
71 41
72 41
73 42
74 43
75 43
76 44
77 45
78 45
79 46
80 47
81 47
82 48
83 49
84 50
85 50
86 51
87 52
88 53
89 54
90 54
91 55
92 56
93 57
94 58
95 59
96 60
97 61
98 62
99 63
100 63
101 64
102 65
103 66
104 67
105 68
106 69
107 70
108 71
109 72
109 73
110 74
111 75
112 76
113 77
114 78
115 79
116 80
117 81
118 82
119 83
120 84
121 85
121 86
122 87
123 88
124 89
125 90
126 91
127 92
128 93
129 94
130 95
130 96
131 97
132 98
133 99
134 100
135 101
136 102
137 103
138 104
139 105
140 106
141 107
142 108
143 109
144 110
145 111
146 112
147 113
148 114
149 114
150 115
151 116
152 117
153 118
154 118
155 119
156 120
157 120
158 121
159 122
160 122
161 123
162 123
163 124
164 124
165 125
166 125
167 125
168 126
169 126
170 126
171 127
172 127
173 127
174 128
175 128
176 128
177 128
178 129
179 129
180 129
181 129
182 130
183 130
184 130
185 130
186 131
187 131
188 131
189 131
190 131
191 132
192 132
193 132
194 133
195 133
196 133
197 134
198 134
199 134
200 135
201 135
202 135
203 136
204 136
205 137
206 137
207 137
208 138
209 138
210 139
211 139
212 140
213 140
214 141
215 141
216 142
217 142
218 143
219 144
220 144
221 145
222 145
223 146
224 146
225 147
226 148
227 148
228 149
229 150
230 150
231 151
232 152
233 153
234 153
235 154
236 155
237 156
238 156
239 157
240 158
241 159
242 160
243 160
244 161
245 162
246 163
247 163
248 164
249 165
250 166
251 166
252 167
253 167
254 168
255 169
256 169
257 170
258 170
259 170
260 171
261 171
262 171
263 171
264 171
265 171
266 171
267 171
268 171
269 171
270 171
271 171
272 170
273 170
274 169
275 169
276 169
277 168
278 168
279 167
280 166
281 166
282 165
283 165
284 164
285 163
286 163
287 162
288 161
289 161
290 160
291 160
292 159
293 158
294 158
295 157
296 157
297 156
298 156
299 155
300 155
301 154
302 154
303 153
304 153
305 153
306 152
307 152
308 151
309 151
310 151
311 150
312 150
313 150
314 149
315 149
316 149
317 149
318 148
319 148
320 148
321 147
322 147
323 147
324 146
325 146
326 146
327 146
328 145
329 145
330 145
331 144
332 144
333 144
334 143
335 143
336 143
337 142
338 142
339 142
340 141
341 141
342 141
343 141
344 140
345 140
346 140
347 140
348 139
349 139
350 139
351 139
352 138
353 138
354 138
355 138
356 138
357 137
358 137
