14 57
15 57
16 58
16 59
17 60
18 61
18 62
19 63
20 64
20 65
21 66
22 67
23 68
23 69
24 70
25 71
25 72
26 73
27 74
27 75
28 76
29 77
30 78
30 79
31 80
32 81
33 82
33 83
34 84
35 85
36 86
37 87
38 88
38 89
39 90
40 91
41 92
42 93
43 94
44 95
45 96
46 97
47 97
48 98
49 99
50 99
51 100
52 101
53 101
54 101
55 102
56 102
57 102
58 102
59 102
60 102
61 102
62 102
63 102
64 102
65 101
66 101
67 101
68 100
69 100
70 100
71 99
72 99
73 98
74 98
75 97
76 97
77 96
78 96
79 96
80 95
81 95
82 95
83 94
84 94
85 94
86 94
87 94
88 94
89 94
90 94
91 94
92 94
93 94
94 94
95 94
96 94
97 94
98 95
99 95
100 95
101 96
102 96
103 97
104 97
105 97
106 98
107 98
108 99
109 99
110 100
111 100
112 101
113 101
114 102
115 103
116 103
117 104
118 104
119 105
120 105
121 106
122 106
123 107
124 107
125 108
126 108
127 109
128 109
129 110
130 110
131 111
132 112
133 112
134 113
135 113
136 114
137 114
138 115
139 115
140 116
141 116
142 117
143 117
144 117
145 118
146 118
147 119
148 119
149 120
150 120
151 120
152 121
153 121
154 122
155 122
156 122
157 123
158 123
159 123
160 124
161 124
162 125
163 125
164 126
165 127
166 127
167 128
168 129
169 130
170 131
171 131
172 132
173 133
173 134
174 135
175 136
176 137
177 138
178 139
179 140
180 141
181 142
182 143
183 144
183 145
184 146
185 147
186 148
187 149
188 149
189 150
190 151
191 152
192 153
193 154
194 154
195 155
196 156
197 157
198 157
199 158
200 159
201 159
202 160
203 160
204 161
205 161
206 162
207 162
208 163
209 163
210 163
211 164
212 164
213 165
214 165
215 165
216 165
217 166
218 166
219 166
220 166
221 167
222 167
223 167
224 167
225 167
226 167
227 167
228 167
229 168
230 168
231 168
232 168
233 168
234 168
235 168
236 168
237 168
238 168
239 168
240 167
241 167
242 167
243 167
244 167
245 167
246 167
247 167
248 167
249 166
250 166
251 166
252 166
253 166
254 166
255 165
256 165
257 165
258 165
259 165
260 164
261 164
262 164
263 164
264 164
265 163
266 163
267 163
268 163
269 163
270 162
271 162
272 162
273 162
274 162
275 162
276 162
277 162
278 161
279 161
280 161
281 161
282 161
283 161
284 161
285 161
286 161
287 161
288 161
289 161
290 161
291 161
292 161
293 161
294 161
295 161
296 161
297 161
298 161
299 161
300 161
301 161
302 161
303 161
304 161
305 161
306 161
307 161
308 161
309 161
310 161
311 161
312 161
313 162
314 162
315 162
316 162
317 162
318 162
319 162
320 162
321 162
322 163
323 163
324 163
325 163
326 163
327 163
328 163
329 164
330 164
331 164
332 164
333 164
334 165
335 165
336 165
337 165
338 165
339 165
340 165
341 166
342 166
343 166
344 166
345 166
346 166
347 166
348 166
349 166
350 166
351 166
352 166
353 166
354 166
355 166
356 165
357 165
358 165
359 165
360 164
361 164
362 164
363 164
364 163
365 163
366 162
367 162
368 161
369 161
370 161
371 160
372 160
373 159
374 159
375 158
376 158
377 157
378 156
379 156
380 155
381 155
382 154
383 154
384 153
385 153
386 152
387 152
388 151
389 151
390 150
391 149
392 149
393 148
394 148
395 147
396 147
397 146
398 146
399 145
400 145
401 144
402 144
403 144
404 143
405 143
406 142
407 142
408 141
409 141
410 140
411 140
412 139
413 139
414 138
415 138
416 137
417 137
418 136
419 136
420 136
