20 59
21 60
22 61
22 62
23 63
24 64
25 65
26 66
27 67
28 68
29 69
30 70
31 71
32 72
33 73
34 74
35 75
36 76
37 77
38 78
39 79
40 80
41 81
42 82
43 83
44 84
45 85
46 85
47 86
48 87
49 88
50 88
51 89
52 90
53 91
54 91
55 92
56 93
57 93
58 94
59 95
60 95
61 96
62 97
63 97
64 98
65 98
66 99
67 100
68 100
69 101
70 102
71 102
72 103
73 104
74 104
75 105
76 106
77 106
78 107
79 108
80 108
81 109
82 109
83 109
84 110
85 110
86 111
87 111
88 111
89 111
90 112
91 112
92 112
93 113
94 113
95 113
96 113
97 114
98 114
99 114
100 115
101 115
102 115
103 115
104 116
105 116
106 116
107 116
108 116
109 117
110 117
111 117
112 117
113 117
114 117
115 117
116 117
117 117
118 118
119 118
120 118
121 118
122 118
123 118
124 118
125 118
126 118
127 118
128 118
129 118
130 118
131 118
132 118
133 118
134 118
135 118
136 118
137 118
138 118
139 118
140 118
141 118
142 118
143 119
144 119
145 119
146 119
147 119
148 119
149 119
150 119
151 119
152 120
153 120
154 120
155 120
156 120
157 120
158 120
159 120
160 120
161 120
162 119
163 119
164 119
165 119
166 119
167 118
168 118
169 118
170 117
171 117
172 116
173 116
174 115
175 115
176 114
177 114
178 113
179 113
180 112
181 111
182 111
183 110
184 109
185 108
186 108
187 107
188 106
189 105
190 105
191 104
192 103
193 102
194 102
195 101
196 100
197 99
198 99
199 98
200 97
201 97
202 96
203 96
204 95
205 95
206 94
207 94
208 94
209 94
210 93
211 93
212 93
213 93
214 93
215 93
216 94
217 94
218 94
219 94
220 95
221 95
222 96
223 96
224 97
225 98
226 98
227 99
228 100
229 100
230 101
231 102
232 103
233 104
234 105
235 106
236 106
237 107
238 108
239 109
240 110
241 111
242 112
243 113
244 114
245 115
246 116
247 117
248 117
249 118
250 119
251 120
252 121
253 122
254 122
255 123
256 124
257 125
258 125
259 126
260 126
261 127
262 127
263 128
264 128
265 128
266 129
267 129
268 129
269 129
270 129
271 129
272 129
273 129
274 129
275 129
276 129
277 129
278 129
279 129
280 128
281 128
282 128
283 128
284 127
285 127
286 127
287 127
288 127
289 126
290 126
291 126
292 126
293 126
294 126
295 126
296 126
297 126
298 126
299 126
300 125
301 125
302 125
303 125
304 125
305 125
306 125
307 125
308 125
309 124
310 124
311 124
312 124
313 124
314 124
315 123
316 123
317 123
318 123
319 123
320 122
321 122
322 122
323 122
324 122
325 121
326 121
327 121
328 121
329 121
330 121
331 120
332 120
333 120
334 120
335 120
336 120
337 120
338 120
339 121
340 121
341 121
342 122
343 122
344 122
345 123
346 123
347 124
348 125
349 125
350 126
351 127
352 127
353 128
354 129
355 130
356 130
357 131
358 131
359 132
360 132
361 133
362 133
363 133
364 133
365 132
366 132
367 131
368 130
369 130
370 129
371 128
372 127
373 126
373 125
374 124
375 123
376 122
377 121
378 121
379 120
380 119
381 118
382 118
383 117
384 116
385 116
386 115
387 115
388 114
389 114
390 113
391 113
392 112
393 112
394 111
395 111
396 110
397 109
398 109
399 108
400 108
401 107
402 106
403 106
404 105
405 104
406 104
407 103
408 103
409 102
410 101
411 101
412 100
413 99
414 99
415 98
416 98
417 97
418 96
419 96
420 95
421 95
422 94
423 94
424 93
425 93
426 92
427 92
428 91
429 91
430 90
431 90
432 90
433 89
434 89
435 88
436 88
437 88
438 87
439 87
440 87
441 86
442 86
443 86
444 86
445 86
446 86
447 85
448 85
449 85
450 85
451 85
452 85
453 85
454 86
455 86
456 86
457 86
458 87
459 87
460 87
461 88
462 88
463 89
464 90
465 90
466 91
467 92
468 92
469 93
470 94
471 95
472 96
473 97
474 98
475 99
476 100
477 101
478 102
479 103
480 104
480 105
481 106
482 107
483 108
484 109
484 110
485 111
486 112
487 113
487 114
488 115
489 116
490 117
490 118
491 119
492 120
492 121
493 122
494 123
494 124
495 125
496 126
497 127
497 128
498 129
499 130
499 131
