18 64
19 64
20 65
21 66
22 67
23 68
24 69
25 70
26 71
27 72
28 73
29 73
30 74
31 75
32 75
33 76
34 76
35 77
36 77
37 78
38 78
39 78
40 78
41 79
42 79
43 79
44 79
45 79
46 79
47 79
48 80
49 80
50 80
51 80
52 80
53 80
54 81
55 81
56 81
57 82
58 82
59 82
60 83
61 83
62 84
63 84
64 85
65 85
66 86
67 86
68 87
69 87
70 88
71 88
72 89
73 89
74 90
75 91
76 91
77 92
78 93
79 93
80 94
81 94
82 95
83 96
84 96
85 97
86 97
87 98
88 99
89 99
90 100
91 101
92 101
93 102
94 102
95 103
96 103
97 104
98 105
99 105
100 106
101 106
102 107
103 107
104 108
105 108
106 108
107 109
108 109
109 110
110 110
111 110
112 110
113 111
114 111
115 111
116 111
117 111
118 111
119 111
120 111
121 111
122 110
123 110
124 109
125 109
126 108
127 107
128 106
129 105
130 104
131 103
132 102
133 101
133 100
134 99
135 98
136 97
137 96
138 95
139 94
140 94
141 93
142 93
143 93
144 93
145 93
146 94
147 94
148 95
149 96
150 96
151 97
152 98
153 99
154 100
155 101
156 102
157 103
158 104
159 105
160 105
161 106
162 107
163 108
164 109
165 110
166 110
167 111
168 112
169 112
170 113
171 113
172 114
173 114
174 114
175 115
176 115
177 115
178 115
179 115
180 115
181 116
182 116
183 116
184 116
185 116
186 116
187 116
188 116
189 116
190 116
191 116
192 116
193 116
194 116
195 116
196 116
197 117
198 117
199 117
200 118
201 118
202 119
203 119
204 120
205 121
206 121
207 122
208 123
209 124
210 125
211 126
212 127
213 128
214 129
215 130
216 131
217 132
218 133
219 134
220 135
221 135
222 136
223 137
224 138
225 138
226 139
227 140
228 140
229 141
230 141
231 142
232 142
233 143
234 143
235 144
236 144
237 145
238 145
239 145
240 145
241 146
242 146
243 146
244 146
245 146
246 146
247 146
248 146
249 146
250 145
251 145
252 144
253 144
254 143
255 142
256 141
257 140
258 139
259 138
260 137
261 136
261 135
262 134
263 133
263 132
264 131
265 130
265 129
266 128
266 127
267 126
267 125
268 124
268 123
269 122
269 121
270 120
270 119
270 118
271 117
271 116
272 115
272 114
272 113
273 112
273 111
274 110
274 109
275 108
275 107
275 106
276 105
276 104
277 103
277 102
277 101
278 100
278 99
279 98
279 97
280 96
280 95
280 94
281 93
281 92
282 91
283 90
283 89
284 88
284 87
285 86
286 85
287 84
288 83
289 82
290 81
291 80
292 80
293 79
294 79
295 79
296 79
297 79
298 79
299 79
300 79
301 79
302 79
303 79
304 79
305 80
306 80
307 81
308 81
309 81
310 82
311 82
312 83
313 83
314 84
315 85
