10 2
11 2
12 3
13 4
14 5
15 6
16 7
17 8
18 9
19 10
20 11
21 12
22 13
23 14
24 15
25 16
26 17
27 18
28 19
29 20
30 21
31 22
32 23
33 24
34 25
35 26
36 27
37 28
38 29
39 30
40 31
41 32
42 33
43 34
44 35
45 36
46 37
47 38
48 39
49 40
50 41
51 42
51 43
52 44
53 45
54 46
55 47
56 48
57 49
58 50
59 51
59 52
60 53
61 54
62 55
63 56
64 57
65 58
66 59
67 60
68 61
69 62
70 63
71 64
72 64
73 65
74 66
75 66
76 67
77 68
78 68
79 69
80 69
81 70
82 70
83 70
84 71
85 71
86 71
87 71
88 71
89 72
90 72
91 72
92 72
93 72
94 72
95 72
96 72
97 72
98 71
99 71
100 71
101 71
102 71
103 71
104 71
105 71
106 71
107 71
108 71
109 70
110 70
111 70
112 70
113 70
114 69
115 69
116 69
117 68
118 68
119 68
120 67
121 67
122 66
123 66
124 66
125 65
126 64
127 64
128 63
129 63
130 62
131 62
132 61
133 61
134 60
135 60
136 59
137 59
138 59
139 58
140 58
141 57
142 57
143 57
144 56
145 56
146 56
147 56
148 55
149 55
150 55
151 55
152 55
153 55
154 55
155 55
156 55
157 55
158 55
159 55
160 55
161 56
162 56
163 56
164 56
165 57
166 57
167 58
168 58
169 59
170 59
171 60
172 61
173 61
174 62
175 63
176 64
177 65
178 66
179 67
180 68
181 69
182 70
183 71
184 72
184 73
185 74
186 75
187 76
187 77
188 78
189 79
190 80
190 81
191 82
192 83
193 84
193 85
194 86
195 87
196 88
197 89
197 90
198 91
199 92
200 93
201 94
202 95
203 96
204 97
205 98
206 99
207 100
208 101
209 101
210 102
211 103
212 103
213 104
214 104
215 105
216 105
217 106
218 106
219 106
220 106
221 107
222 107
223 107
224 107
225 107
226 107
227 107
228 107
229 107
230 107
231 106
232 106
233 106
234 106
235 105
236 105
237 105
238 104
239 104
240 104
241 103
242 103
243 102
244 102
245 101
246 101
247 100
248 100
249 99
250 99
251 98
252 97
253 97
254 96
255 95
256 95
257 94
258 93
259 93
260 92
261 91
262 91
263 90
264 89
265 88
266 87
267 87
268 86
269 85
270 84
271 83
272 82
273 81
274 80
275 80
276 79
277 78
278 77
279 76
280 75
281 74
282 73
283 72
284 71
285 70
286 69
286 68
287 67
288 66
289 65
290 64
291 63
292 62
293 62
294 61
295 60
296 59
297 58
298 58
299 57
300 56
301 56
302 55
303 55
304 55
305 54
306 54
307 54
308 54
309 54
310 54
311 54
312 54
313 54
314 54
315 54
316 54
317 54
318 54
319 54
320 55
321 55
322 55
323 55
324 56
325 56
326 56
327 56
328 57
329 57
330 58
331 58
332 58
333 59
334 59
335 60
336 60
337 61
338 61
339 62
340 62
341 63
342 63
343 64
344 64
345 65
346 65
347 66
348 66
349 67
350 67
351 68
352 69
353 69
354 70
355 70
356 71
357 72
358 72
359 73
360 73
361 74
362 75
363 75
364 76
365 77
366 77
367 78
368 79
369 79
370 80
371 81
372 81
373 82
374 83
375 83
376 84
377 85
378 85
379 86
380 87
381 87
382 88
383 89
384 90
385 90
386 91
387 92
388 92
389 93
390 94
391 94
392 95
393 96
394 96
395 97
396 98
397 98
398 99
399 99
400 100
401 100
402 101
403 101
404 102
405 102
406 102
407 103
408 103
409 103
410 103
411 104
412 104
413 104
414 104
415 104
416 104
417 104
418 104
419 104
420 103
421 103
422 103
423 103
424 102
425 102
426 102
427 101
428 101
429 101
430 100
431 100
432 99
433 99
434 98
435 98
436 97
437 97
438 96
439 96
440 95
441 95
442 94
443 94
444 93
445 93
446 92
447 92
448 91
449 91
450 90
451 90
452 89
453 89
454 88
455 87
456 86
457 86
458 85
459 84
460 83
461 82
462 81
463 80
464 80
465 79
466 78
467 77
468 76
469 76
470 75
471 75
472 74
473 74
474 73
475 73
476 72
477 72
478 72
479 71
480 71
481 71
482 70
483 70
484 70
485 69
486 69
487 69
488 69
489 68
490 68
491 68
492 68
493 67
494 67
495 67
496 67
497 67
498 66
