26 89
27 90
28 91
29 92
30 93
31 94
32 95
33 96
34 97
35 98
36 99
37 100
38 101
39 102
40 102
41 103
42 104
43 105
44 105
45 106
46 106
47 107
48 107
49 108
50 108
51 109
52 109
53 109
54 110
55 110
56 110
57 110
58 110
59 111
60 111
61 111
62 111
63 111
64 111
65 111
66 112
67 112
68 112
69 112
70 112
71 112
72 113
73 113
74 113
75 113
76 113
77 114
78 114
79 114
80 115
81 115
82 115
83 116
84 116
85 117
86 117
87 118
88 118
89 118
90 119
91 119
92 120
93 120
94 121
95 122
96 122
97 123
98 123
99 124
100 124
101 125
102 125
103 126
104 127
105 127
106 128
107 128
108 129
109 130
110 130
111 131
112 132
113 132
114 133
115 133
116 134
117 135
118 135
119 136
120 136
121 137
122 138
123 138
124 139
125 140
126 140
127 141
128 141
129 142
130 143
131 143
132 144
133 144
134 145
135 145
136 146
137 147
138 147
139 148
140 148
141 149
142 149
143 150
144 150
145 151
146 151
147 151
148 152
149 152
150 153
151 153
152 153
153 154
154 154
155 154
156 155
157 155
158 155
159 156
160 156
161 156
162 156
163 156
164 156
165 156
166 156
167 156
168 156
169 156
170 155
171 155
172 155
173 154
174 154
175 153
176 152
177 152
178 151
179 150
180 149
181 148
182 147
183 146
184 145
184 144
185 143
186 142
187 141
188 140
188 139
189 138
190 137
191 136
192 135
193 134
194 133
195 132
196 132
197 131
198 131
199 131
200 131
201 131
202 131
203 131
204 131
205 132
206 132
207 133
208 134
209 135
210 135
211 136
212 137
213 138
214 139
215 140
216 141
217 141
218 142
219 143
220 144
221 145
222 146
223 147
224 148
225 149
226 150
227 151
228 151
229 152
230 153
231 154
232 154
233 155
234 156
235 156
236 157
237 157
238 158
239 159
240 159
241 159
242 160
243 160
244 160
245 161
246 161
247 161
248 161
249 162
250 162
251 162
252 162
253 162
254 162
255 162
256 162
257 162
258 163
259 163
260 163
261 163
262 163
263 163
264 163
265 163
266 163
267 163
268 163
269 163
270 163
271 163
272 163
273 163
274 163
275 163
276 164
277 164
278 164
279 164
280 165
281 165
282 166
283 166
284 167
285 168
286 168
287 169
288 170
289 171
290 172
291 173
292 174
293 174
294 175
295 176
296 177
297 178
298 179
299 180
300 181
301 182
302 183
303 184
304 185
305 186
306 187
307 188
308 189
309 189
310 190
311 191
312 192
313 193
314 193
315 194
316 195
317 195
318 196
319 197
320 197
321 198
322 198
323 199
324 199
325 200
326 200
327 201
328 201
329 202
330 202
331 202
332 203
333 203
334 203
335 204
336 204
337 204
338 204
339 205
340 205
341 205
342 205
343 205
344 205
345 205
346 205
347 205
348 204
349 204
350 204
351 204
352 203
353 203
354 202
355 202
356 201
357 200
358 199
359 198
360 197
361 196
362 195
363 194
364 193
365 192
365 191
366 190
367 189
368 188
368 187
369 186
369 185
370 184
371 183
371 182
372 181
372 180
373 179
373 178
374 177
374 176
375 175
375 174
376 173
376 172
377 171
377 170
378 169
378 168
378 167
379 166
379 165
380 164
380 163
381 162
381 161
381 160
382 159
382 158
383 157
383 156
383 155
384 154
384 153
385 152
385 151
385 150
386 149
386 148
387 147
387 146
387 145
388 144
388 143
389 142
389 141
390 140
390 139
390 138
391 137
391 136
392 135
392 134
393 133
393 132
394 131
394 130
395 129
395 128
396 127
396 126
397 125
397 124
398 123
399 122
400 121
400 120
401 119
402 118
403 117
404 116
405 115
406 114
407 113
408 113
409 112
410 112
411 111
412 111
413 111
414 111
415 110
416 110
417 110
418 110
419 110
420 110
421 111
422 111
423 111
424 111
425 111
426 112
427 112
428 112
429 113
430 113
431 114
432 114
433 114
434 115
435 115
436 116
437 116
438 117
439 117
440 118
441 118
442 119
