19 45
20 46
21 46
22 46
23 46
24 46
25 47
26 47
27 47
28 47
29 47
30 48
31 48
32 48
33 49
34 49
35 49
36 49
37 50
38 50
39 51
40 51
41 51
42 52
43 52
44 53
45 53
46 54
47 54
48 55
49 56
50 56
51 57
52 58
53 58
54 59
55 60
56 60
57 61
58 62
59 62
60 63
61 64
62 65
63 65
64 66
65 67
66 67
67 68
68 68
69 69
70 70
71 70
72 71
73 71
74 72
75 72
76 73
77 73
78 74
79 74
80 75
81 76
82 76
83 77
84 78
85 79
86 80
87 81
88 81
89 82
90 83
91 84
92 85
93 85
94 86
95 87
96 87
97 88
98 89
99 90
100 91
101 92
102 93
103 94
103 95
104 96
105 97
105 98
106 99
107 100
108 101
109 102
110 103
111 104
112 105
113 106
114 107
115 107
116 108
117 108
118 108
119 109
120 109
121 109
122 109
123 109
124 109
125 109
126 109
127 109
128 109
129 109
130 109
131 108
132 108
133 108
134 108
135 108
136 108
137 108
138 108
139 108
140 108
141 108
142 108
143 108
144 108
145 108
146 108
147 108
148 109
149 109
150 110
151 110
152 110
153 111
154 111
155 112
156 113
157 113
158 114
159 115
160 115
161 116
162 117
163 117
164 118
165 119
166 120
167 121
168 121
169 122
170 123
171 124
172 125
173 125
174 126
175 126
176 127
177 127
178 128
179 128
180 128
181 129
182 129
183 129
184 129
185 129
186 128
187 128
188 128
189 127
190 127
191 126
192 125
193 125
194 124
195 123
196 122
197 122
198 121
199 120
200 119
201 119
202 118
203 117
204 117
205 116
206 115
207 115
208 114
209 114
210 114
211 113
212 113
213 112
214 112
215 112
216 111
217 111
218 111
219 111
220 110
221 110
222 110
223 110
224 109
225 109
226 109
227 109
228 108
229 108
230 108
231 108
232 107
233 107
234 107
235 106
236 106
237 105
238 105
239 105
240 104
241 103
242 103
243 102
244 102
245 101
246 101
247 100
248 99
249 99
250 98
251 97
252 97
253 96
254 95
255 95
256 94
257 93
258 93
259 92
260 91
261 91
262 90
263 90
264 89
265 89
266 88
267 88
268 87
269 87
270 87
271 86
272 86
273 86
274 86
275 86
276 86
277 86
278 86
279 86
280 86
281 86
282 87
283 87
284 87
285 88
286 88
287 88
288 89
289 90
290 90
291 91
292 91
293 92
294 93
295 93
296 94
297 95
298 96
