9 26
10 27
10 28
10 29
11 30
11 31
12 32
12 33
12 34
13 35
13 36
14 37
14 38
14 39
15 40
15 41
16 42
16 43
16 44
17 45
17 46
18 47
18 48
19 49
19 50
19 51
20 52
20 53
21 54
21 55
21 56
22 57
22 58
23 59
23 60
24 61
24 62
25 63
25 64
25 65
26 66
26 67
27 68
27 69
28 70
28 71
29 72
29 73
30 74
30 75
31 76
31 77
32 78
32 79
33 80
33 81
34 82
35 83
35 84
36 85
37 86
37 87
38 88
39 89
40 90
41 91
42 92
43 93
44 94
45 94
46 95
47 95
48 96
49 96
50 96
51 97
52 97
53 97
54 97
55 97
56 97
57 96
58 96
59 96
60 95
61 95
62 95
63 94
64 94
65 93
66 93
67 92
68 92
69 91
70 91
71 90
72 90
73 89
74 89
75 89
76 89
77 88
78 88
79 88
80 88
81 87
82 87
83 87
84 87
85 87
86 87
87 87
88 87
89 87
90 87
91 87
92 87
93 87
94 87
95 87
96 87
97 87
98 88
99 88
100 88
101 89
102 89
103 89
104 90
105 90
106 91
107 91
108 91
109 91
110 91
111 91
112 91
113 90
114 90
115 89
116 88
117 87
118 87
119 86
120 85
121 84
122 83
123 82
123 81
124 80
125 79
126 78
127 77
128 76
129 75
129 74
130 73
131 72
132 71
132 70
133 69
134 68
135 67
136 66
136 65
137 64
138 63
139 62
140 61
141 60
142 59
143 58
144 57
145 56
146 56
147 55
148 55
149 55
150 55
151 55
152 55
153 55
154 55
155 55
156 56
157 56
158 57
159 57
160 58
161 59
162 59
163 60
164 61
165 62
166 62
167 63
168 64
169 65
170 66
171 67
172 68
172 69
173 70
174 71
175 72
176 73
177 74
177 75
178 76
179 77
180 78
180 79
181 80
182 81
182 82
183 83
184 84
184 85
185 86
186 87
186 88
187 89
188 90
188 91
189 92
190 93
190 94
191 95
192 96
193 97
193 98
194 99
195 100
196 101
197 102
198 102
199 103
200 103
201 102
202 102
203 101
204 100
205 99
206 98
207 97
208 96
209 95
210 94
211 93
212 92
213 91
214 90
215 90
216 89
217 89
218 88
219 88
220 87
221 87
222 86
223 86
224 86
225 86
226 85
227 85
228 85
229 85
230 85
231 85
232 85
233 85
234 84
235 84
236 84
237 84
238 84
239 84
240 84
241 84
242 84
243 84
244 84
245 84
246 84
247 84
248 84
249 84
250 84
251 83
252 83
253 83
254 83
255 83
256 82
257 82
258 82
259 81
260 81
261 80
262 80
263 79
264 79
265 78
266 77
267 76
268 76
269 75
270 74
271 73
272 72
273 71
274 70
274 69
275 68
276 68
