9 70
10 71
11 72
11 73
12 74
12 75
13 76
13 77
14 78
14 79
15 80
15 81
16 82
16 83
17 84
17 85
18 86
18 87
19 88
19 89
20 90
20 91
21 92
21 93
22 94
23 95
23 96
24 97
24 98
25 99
25 100
26 101
27 102
27 103
28 104
29 105
29 106
30 107
31 108
31 109
32 110
33 111
34 112
34 113
35 114
36 115
37 116
38 117
39 118
39 119
40 120
41 121
42 121
43 122
44 123
45 124
46 125
47 126
48 127
49 128
50 128
51 129
52 130
53 130
54 131
55 132
56 132
57 133
58 134
59 134
60 135
61 135
62 136
63 136
64 137
65 137
66 138
67 138
68 139
69 139
70 139
71 140
72 140
73 141
74 141
75 141
76 142
77 142
78 143
79 143
80 143
81 144
82 144
83 144
84 144
85 145
86 145
87 145
88 145
89 146
90 146
91 146
92 146
93 146
94 147
95 147
96 147
97 147
98 147
99 147
100 147
101 148
102 148
103 148
104 148
105 148
106 148
107 148
108 148
109 148
110 148
111 148
112 147
113 147
114 147
115 147
116 147
117 147
118 146
119 146
120 146
121 145
122 145
123 145
124 144
125 144
126 144
127 143
128 143
129 142
130 142
131 141
132 141
133 140
134 140
135 139
136 139
137 138
138 138
139 137
140 137
141 136
142 136
143 135
144 134
145 134
146 133
147 133
148 132
149 132
150 131
151 131
152 130
153 130
154 129
155 128
156 128
157 127
158 127
159 127
160 126
161 126
162 125
163 125
164 124
165 124
166 124
167 123
168 123
169 122
170 122
171 122
172 121
173 121
174 121
175 121
176 120
177 120
178 120
179 120
180 120
181 120
182 119
183 119
184 119
185 119
186 119
187 119
188 119
189 119
190 119
191 119
192 119
193 119
194 119
195 119
196 119
197 119
198 120
199 120
200 120
201 120
202 120
203 120
204 121
205 121
206 121
207 121
208 122
209 122
210 122
211 122
212 123
213 123
214 123
215 123
216 124
217 124
218 124
219 125
220 125
221 125
222 126
223 126
224 127
225 127
226 127
227 128
228 128
229 128
230 129
231 129
232 129
233 130
234 130
235 131
236 131
237 131
238 132
239 132
240 133
241 133
242 133
243 134
244 134
245 135
246 135
247 135
248 136
249 136
250 137
251 137
252 137
253 138
254 138
255 138
256 139
257 139
258 140
259 140
260 140
261 141
262 141
263 141
264 142
265 142
266 142
267 143
268 143
269 143
270 144
271 144
272 144
273 144
274 145
275 145
276 145
277 145
278 146
279 146
280 146
281 146
282 147
283 147
284 147
285 147
286 147
287 147
288 147
289 148
290 148
291 148
292 148
293 148
294 148
295 148
296 148
297 148
298 149
299 149
300 149
301 149
302 149
303 149
304 149
305 149
306 149
307 149
308 149
309 149
310 149
311 149
312 149
313 149
314 149
315 149
316 149
317 149
318 149
319 149
320 149
321 149
322 149
323 149
324 149
325 149
326 149
327 150
328 150
329 150
330 150
331 150
332 150
333 150
334 150
335 150
336 150
337 150
338 150
339 150
340 150
341 150
342 150
343 150
344 150
345 150
346 150
347 150
348 150
349 150
350 150
351 150
352 151
353 151
354 151
355 151
356 151
357 151
358 151
359 151
360 151
361 151
362 151
363 151
364 152
365 152
366 152
367 152
368 153
369 153
370 153
371 154
372 154
373 155
374 156
375 156
376 157
377 158
378 158
379 159
380 160
381 160
382 161
383 162
384 163
385 163
386 164
387 164
388 165
389 165
390 166
391 166
392 166
393 167
394 167
395 167
396 168
397 168
398 169
399 169
400 169
401 170
402 170
403 171
404 171
405 172
406 172
407 173
408 173
409 174
410 175
411 175
412 176
413 177
414 178
415 178
416 179
417 180
418 181
419 181
420 182
421 183
422 184
423 184
424 185
425 186
426 187
427 187
428 188
429 189
430 190
431 190
432 191
433 192
434 192
435 193
436 194
437 194
438 195
439 195
440 196
441 197
442 197
443 198
444 198
445 199
446 199
447 200
448 200
449 201
450 201
451 202
452 202
453 203
454 203
455 203
456 204
457 204
458 205
459 205
460 205
461 206
462 206
463 206
464 206
465 207
466 207
467 207
468 207
469 207
470 207
471 207
472 208
473 208
474 208
475 207
476 207
477 207
478 207
479 207
480 207
481 206
482 206
483 206
484 205
485 205
486 204
487 204
488 204
489 203
490 203
491 202
492 201
493 201
494 200
495 200
496 199
497 199
498 198
499 197
500 197
501 196
502 196
503 195
504 195
505 194
506 194
507 193
508 193
509 192
510 192
511 191
512 191
513 190
514 190
515 189
516 189
517 188
518 188
519 187
520 187
521 187
522 186
523 186
524 185
525 185
526 184
527 184
528 184
