41 50
42 51
43 52
44 53
44 54
45 55
46 56
47 57
48 58
49 59
50 60
51 61
52 62
53 63
54 64
55 65
56 66
57 67
58 68
59 69
60 69
61 70
62 71
63 71
64 72
65 72
66 73
67 73
68 74
69 74
70 74
71 75
72 75
73 75
74 75
75 76
76 76
77 76
78 76
79 76
80 76
81 77
82 77
83 77
84 77
85 78
86 78
87 78
88 79
89 79
90 80
91 80
92 81
93 82
94 83
95 84
96 85
97 86
98 87
99 88
100 88
101 89
102 90
103 91
104 92
105 93
106 94
107 95
108 96
109 97
110 97
111 98
112 99
113 99
114 100
115 101
116 101
117 102
118 102
119 103
120 103
121 103
122 104
123 104
124 104
125 105
126 105
127 105
128 105
129 105
130 106
131 106
132 106
133 106
134 106
135 106
136 106
137 106
138 106
139 106
140 106
141 106
142 106
143 106
144 106
145 106
146 106
147 106
148 106
149 106
150 106
151 105
152 105
153 105
154 105
155 105
156 105
157 105
158 105
159 105
160 105
161 105
162 105
163 105
164 105
165 105
166 105
167 105
168 105
169 105
170 105
171 105
172 106
173 106
174 106
175 106
176 106
177 106
178 106
179 106
180 106
181 106
182 107
183 107
184 107
185 107
186 107
187 107
188 108
189 108
190 108
191 108
192 108
193 109
194 109
195 109
196 109
197 110
198 110
199 110
200 111
201 111
202 111
203 112
204 112
205 112
206 113
207 113
208 114
209 114
210 114
211 115
212 115
213 116
214 116
215 117
216 117
217 118
218 118
219 119
220 119
221 120
222 120
223 121
224 121
225 122
226 123
227 123
228 124
229 124
230 125
231 126
232 126
233 127
234 127
235 128
236 129
237 129
238 130
239 131
240 131
241 132
242 133
243 133
244 134
245 135
246 135
247 136
248 137
249 137
250 138
251 139
252 140
253 140
254 141
255 142
256 143
257 143
258 144
259 145
260 146
261 146
262 147
263 148
264 148
265 149
266 150
267 151
268 151
269 152
270 153
271 153
272 154
273 155
274 155
275 156
276 157
277 157
278 158
279 159
280 159
281 160
282 160
283 161
284 162
285 162
286 163
287 163
288 164
289 164
290 165
291 165
292 165
293 166
294 166
295 167
296 167
297 167
298 168
299 168
300 168
301 169
302 169
303 169
304 169
305 170
306 170
307 170
308 170
309 170
310 171
311 171
312 171
313 171
314 171
315 171
316 171
317 171
318 171
319 171
320 171
321 171
322 171
323 171
324 171
325 171
326 171
327 170
328 170
329 170
330 170
331 170
332 170
333 170
334 170
335 170
336 170
337 170
338 170
339 169
340 169
341 169
342 169
343 169
344 169
345 169
346 169
347 169
348 169
349 169
350 169
351 169
352 169
353 169
354 169
355 169
356 170
357 170
358 170
359 170
360 170
361 170
362 170
363 170
364 170
365 170
366 171
367 171
368 171
369 171
370 171
371 171
372 172
373 172
374 172
375 172
376 172
377 173
378 173
379 173
380 173
381 173
382 174
383 174
384 174
385 174
386 175
387 175
388 175
389 175
390 176
391 176
392 176
393 176
394 177
395 177
396 177
397 177
398 177
399 177
400 178
401 178
402 178
403 178
404 178
405 178
406 178
407 178
408 178
409 178
410 177
411 177
412 177
413 177
414 177
415 177
416 176
417 176
418 176
419 176
420 176
421 175
422 175
423 175
424 175
425 175
426 174
427 174
428 174
429 174
430 173
431 173
432 173
433 172
434 172
435 171
436 171
437 170
438 170
439 169
440 169
441 168
442 168
443 167
444 166
445 166
446 165
447 164
448 164
449 163
450 162
451 162
452 161
453 160
454 160
455 159
456 158
457 158
458 157
459 156
460 156
461 155
462 154
463 154
464 153
465 153
466 152
467 152
468 151
469 151
470 150
471 150
472 150
473 149
474 149
475 149
476 148
477 148
478 148
479 148
480 148
481 147
482 147
483 147
484 147
485 147
486 147
487 147
488 147
489 147
490 148
491 148
492 148
493 148
494 148
495 149
496 149
497 149
498 150
499 150
500 150
501 151
502 151
503 152
504 152
505 153
506 154
507 154
508 155
509 155
510 156
511 157
512 158
513 158
514 159
515 160
516 161
517 161
518 162
519 163
520 164
521 165
522 165
523 166
524 167
525 168
526 168
527 169
528 170
529 171
530 171
531 172
532 173
533 173
534 174
535 175
536 175
537 176
538 176
539 177
540 177
541 178
542 178
543 179
544 179
545 180
546 180
547 181
548 181
549 182
550 182
551 183
552 183
553 184
554 184
555 184
556 185
557 185
558 186
559 186
560 187
561 187
562 187
563 188
564 188
565 188
566 189
567 189
568 190
569 190
570 190
571 191
572 191
573 192
574 192
575 192
576 193
577 193
578 193
579 194
580 194
581 194
582 195
583 195
584 195
585 196
586 196
587 196
588 196
589 197
590 197
591 197
592 197
593 197
594 197
595 197
596 197
597 198
598 197
599 197
600 197
601 197
602 197
603 197
604 197
605 196
606 196
607 196
608 195
609 195
610 194
611 194
612 193
613 193
614 192
615 192
616 191
617 191
618 190
619 190
620 189
621 188
622 188
623 187
624 186
625 186
626 185
627 185
628 184
629 184
630 184
631 183
632 183
633 183
634 183
635 182
636 182
637 182
638 182
639 182
640 182
641 182
642 182
643 183
644 183
645 183
646 183
647 183
648 183
649 183
650 184
651 184
652 184
653 184
654 184
655 184
656 184
657 185
658 185
659 185
660 185
661 185
662 185
663 185
664 185
665 185
666 185
667 185
668 185
669 185
670 185
671 185
672 185
673 185
674 185
675 185
676 185
677 185
678 185
679 185
680 185
681 184
682 184
683 184
684 184
685 184
686 184
687 184
688 183
689 183
690 183
691 183
692 183
693 182
694 182
695 182
696 182
697 182
698 181
699 181
700 181
701 181
702 180
703 180
704 180
705 179
706 179
707 179
708 179
709 178
710 178
711 178
712 177
713 177
714 177
