28 32
29 32
30 32
31 33
32 33
33 33
34 33
35 33
36 33
37 33
38 33
39 33
40 33
41 34
42 34
43 34
44 34
45 34
46 34
47 34
48 34
49 34
50 34
51 34
52 34
53 34
54 34
55 34
56 34
57 34
58 34
59 34
60 34
61 34
62 33
63 33
64 33
65 33
66 33
67 33
68 33
69 33
70 32
71 32
72 32
73 32
74 32
75 32
76 31
77 31
78 31
79 31
80 31
81 31
82 31
83 31
84 31
85 31
86 31
87 31
88 32
89 32
90 32
91 33
92 34
93 34
94 35
95 36
95 37
96 38
97 39
97 40
98 41
99 42
99 43
100 44
100 45
101 46
101 47
102 48
103 49
103 50
104 51
104 52
105 53
105 54
106 55
107 56
107 57
108 58
109 59
109 60
110 61
111 62
112 63
113 64
114 65
115 65
116 66
117 67
118 68
119 69
120 69
121 70
122 71
123 72
124 73
125 74
126 75
127 75
128 76
129 77
130 78
131 79
132 79
133 80
134 81
135 81
136 82
137 82
138 82
139 83
140 83
141 84
142 84
143 85
144 85
145 86
146 87
147 88
148 89
149 90
150 91
151 92
152 93
153 94
154 95
155 96
156 96
157 97
158 98
159 98
160 99
161 99
162 100
163 100
164 100
165 100
166 100
167 100
168 100
169 100
170 100
171 100
172 100
173 100
174 100
175 101
176 101
177 101
178 102
179 102
180 103
181 103
182 104
183 104
184 105
185 105
186 106
187 106
188 107
189 107
190 108
191 108
192 108
193 109
194 109
195 109
196 109
197 109
198 109
199 110
200 110
201 110
202 110
203 109
204 109
205 109
206 109
207 109
208 108
209 108
210 108
211 107
212 107
213 106
214 106
215 105
216 105
217 104
218 104
219 103
220 103
221 102
222 101
223 101
224 100
225 100
226 99
227 98
228 98
229 97
230 97
231 96
232 95
233 95
234 94
235 94
236 93
237 92
238 92
239 91
240 91
241 90
242 90
243 89
244 89
245 88
246 88
247 87
248 87
249 86
250 86
251 86
252 85
253 85
254 85
255 84
256 84
257 84
258 83
259 83
260 83
261 83
262 83
263 83
264 82
265 82
266 82
267 82
268 82
269 82
270 82
271 82
272 82
273 82
274 82
275 82
276 82
277 82
278 82
279 82
280 81
281 81
282 81
283 81
284 81
285 81
286 81
287 81
288 80
289 80
290 80
291 80
292 80
293 80
294 79
295 79
296 79
297 79
298 78
299 78
300 78
301 78
302 77
303 77
304 77
305 76
306 76
307 76
308 76
309 75
310 75
311 75
312 74
313 74
314 74
315 74
316 73
