13 70
14 70
15 71
16 72
17 72
18 73
19 74
20 74
21 75
22 76
23 76
24 77
25 77
26 78
27 78
28 78
29 79
30 79
31 79
32 79
33 79
34 79
35 79
36 79
37 78
38 78
39 78
40 78
41 77
42 77
43 77
44 76
45 76
46 75
47 75
48 74
49 73
50 73
51 72
52 72
53 71
54 70
55 70
56 69
57 68
58 67
59 67
60 66
61 65
62 64
63 64
64 63
65 62
66 61
67 61
68 60
69 59
70 59
71 58
72 57
73 57
74 56
75 56
76 55
77 55
78 55
79 54
80 54
81 54
82 53
83 53
84 53
85 53
86 53
87 53
88 53
89 53
90 53
91 53
92 53
93 53
94 53
95 54
96 54
97 54
98 54
99 55
100 55
101 55
102 56
103 56
104 57
105 57
106 58
107 58
108 59
109 59
110 60
111 60
112 61
113 62
114 62
115 63
116 64
117 65
118 66
119 66
120 67
121 68
122 69
123 70
124 71
125 72
126 73
127 74
128 75
129 76
130 77
131 78
132 79
133 80
134 81
135 82
136 83
137 84
138 85
138 86
139 87
140 88
141 89
142 90
143 91
144 92
145 93
146 94
147 94
148 95
149 96
150 97
151 98
152 99
153 99
154 100
155 101
156 101
157 102
158 103
159 103
160 103
161 104
162 104
163 105
164 105
165 105
166 105
167 105
168 105
169 105
170 105
171 105
172 105
173 105
174 105
175 105
176 105
177 105
178 104
179 104
180 104
181 104
182 104
183 104
184 104
185 103
186 103
187 103
188 103
189 103
190 103
191 103
192 103
193 103
194 103
195 102
196 102
197 102
198 102
199 102
200 102
201 102
202 102
203 102
204 102
205 103
206 103
207 103
208 103
209 103
210 103
211 103
212 103
213 104
214 104
215 104
216 104
217 104
218 105
219 105
220 105
221 105
222 105
223 106
224 106
225 106
226 106
227 107
228 107
229 107
230 107
231 107
232 107
233 108
234 108
235 108
236 108
237 108
238 108
239 108
240 108
241 108
242 108
243 108
244 108
245 109
246 109
247 109
248 109
249 109
250 108
251 108
252 108
253 108
254 108
255 108
256 108
257 108
258 108
259 108
260 107
261 107
262 107
263 106
264 106
265 106
266 105
267 105
268 104
269 104
270 103
271 102
272 102
273 101
274 100
275 99
276 99
277 98
278 97
279 96
280 95
281 95
282 94
283 93
284 92
285 92
286 91
287 90
288 89
289 89
290 88
291 88
292 87
293 86
294 86
295 85
296 85
297 85
298 84
299 84
300 83
301 83
302 83
303 83
304 82
305 82
306 82
307 82
308 82
309 81
310 81
311 81
312 81
313 81
314 81
315 81
316 81
317 81
318 81
319 81
320 81
321 81
322 81
323 81
324 81
325 82
326 82
327 82
328 82
329 82
330 82
331 83
332 83
333 83
334 83
335 83
336 84
337 84
338 84
339 84
340 85
341 85
342 85
343 85
344 86
345 86
346 86
347 86
348 87
349 87
350 87
351 87
352 88
353 88
354 88
355 88
356 88
357 88
358 88
359 89
360 89
361 89
362 89
363 89
364 89
365 89
366 89
367 89
368 89
369 89
370 89
371 89
372 89
373 89
374 89
375 89
376 89
377 89
378 89
379 88
380 88
381 88
382 88
383 88
384 88
385 88
386 88
387 88
388 88
389 88
390 87
391 87
392 87
393 87
394 87
395 87
396 87
397 87
398 87
399 87
400 87
401 87
402 87
403 87
404 86
405 86
406 86
407 86
408 86
409 86
410 86
411 86
412 86
413 86
414 86
415 86
416 86
417 86
418 86
419 86
420 86
421 86
422 86
423 86
424 86
425 86
426 85
427 85
428 85
429 85
430 85
431 85
432 85
433 85
434 84
435 84
436 84
437 84
438 84
439 84
440 83
441 83
442 83
443 83
444 83
445 82
446 82
447 82
448 82
449 82
450 81
451 81
452 81
453 81
454 81
455 81
456 80
457 80
458 80
459 80
