19 82
20 83
20 84
20 85
21 86
21 87
22 88
22 89
23 90
23 91
24 92
24 93
24 94
25 95
25 96
26 97
26 98
27 99
27 100
28 101
28 102
29 103
29 104
30 105
30 106
31 107
32 108
32 109
33 110
33 111
34 112
35 113
35 114
36 115
37 116
37 117
38 118
39 119
39 120
40 121
41 122
42 123
43 124
44 125
45 126
46 127
47 128
48 129
49 130
50 131
51 132
52 133
53 134
54 135
55 136
56 136
57 137
58 138
59 139
60 139
61 140
62 141
63 142
64 142
65 143
66 144
67 144
68 145
69 146
70 146
71 147
72 148
73 148
74 149
75 150
76 150
77 151
78 152
79 152
80 153
81 153
82 154
83 155
84 155
85 156
86 157
87 157
88 158
89 159
90 159
91 160
92 160
93 161
94 162
95 162
96 163
97 163
98 164
99 165
100 165
101 166
102 166
103 167
104 168
105 168
106 169
107 169
108 170
109 171
110 171
111 172
112 172
113 173
114 173
115 174
116 175
117 175
118 176
119 176
120 177
121 177
122 178
123 178
124 178
125 179
126 179
127 180
128 180
129 180
130 181
131 181
132 181
133 181
134 181
135 181
136 181
137 181
138 181
139 181
140 180
141 180
142 180
143 179
144 178
145 178
146 177
147 176
148 175
149 174
150 173
151 172
152 171
152 170
153 169
154 168
154 167
155 166
156 165
156 164
157 163
158 162
158 161
159 160
159 159
160 158
160 157
161 156
162 155
162 154
163 153
163 152
164 151
164 150
165 149
165 148
166 147
166 146
167 145
167 144
168 143
168 142
169 141
169 140
170 139
170 138
171 137
171 136
172 135
172 134
172 133
173 132
174 131
