11 47
12 48
12 49
13 50
13 51
14 52
14 53
14 54
15 55
15 56
16 57
16 58
17 59
17 60
17 61
18 62
18 63
19 64
19 65
20 66
20 67
21 68
21 69
21 70
22 71
22 72
23 73
23 74
24 75
24 76
25 77
25 78
26 79
26 80
27 81
27 82
28 83
28 84
29 85
29 86
30 87
30 88
31 89
31 90
32 91
32 92
33 93
33 94
34 95
34 96
35 97
35 98
36 99
37 100
37 101
38 102
38 103
39 104
40 105
40 106
41 107
42 108
42 109
43 110
44 111
44 112
45 113
46 114
47 115
47 116
48 117
49 118
50 119
51 120
52 121
52 122
53 123
54 124
55 125
56 126
57 127
58 128
59 129
60 130
61 131
62 132
63 133
64 134
65 135
66 136
67 136
68 137
69 138
70 139
71 140
72 141
73 142
74 143
75 144
76 145
77 145
78 146
79 147
80 148
81 149
82 150
83 151
84 152
85 153
86 154
87 155
88 156
89 157
90 158
91 159
92 160
93 161
94 162
95 163
96 164
97 165
98 166
99 167
100 168
101 169
102 170
103 171
104 172
105 173
106 174
107 174
108 175
109 176
110 177
111 177
112 178
113 179
114 179
115 180
116 180
117 180
118 181
119 181
120 181
121 181
122 181
123 181
124 181
125 181
126 181
127 181
128 181
129 180
130 180
131 180
132 179
133 179
134 178
135 178
136 177
137 176
138 175
139 175
140 174
141 173
142 172
143 171
144 170
145 169
146 168
147 167
148 166
149 165
150 164
151 163
152 162
152 161
153 160
154 159
155 158
156 157
157 156
158 155
159 154
160 153
161 153
162 152
163 151
164 150
165 149
166 149
167 148
168 147
169 147
170 146
171 145
172 145
173 144
174 144
175 143
176 143
177 142
178 142
179 141
180 141
181 140
182 140
183 139
184 139
185 139
186 138
187 138
188 138
189 137
190 137
191 137
192 137
193 136
194 136
195 136
196 136
197 136
198 135
199 135
200 135
201 135
202 135
203 135
204 135
205 135
206 135
207 135
208 135
209 135
210 135
211 135
212 135
213 135
214 135
215 135
216 135
217 135
218 135
219 134
220 134
221 134
222 134
223 134
224 134
225 134
226 134
227 134
228 133
229 133
230 133
231 133
232 132
233 132
234 132
235 131
236 131
237 131
238 130
239 130
240 130
241 129
242 129
243 128
244 128
245 127
246 127
247 127
248 126
249 126
250 125
251 125
252 124
253 124
254 124
255 123
256 123
257 122
258 122
259 121
260 121
261 121
262 120
263 120
264 120
265 119
266 119
267 119
268 119
269 118
270 118
271 118
272 118
273 118
274 118
275 118
276 118
277 118
278 118
279 118
280 118
281 118
282 118
283 119
284 119
285 119
286 119
287 120
288 120
289 120
290 121
291 121
292 121
293 122
294 122
295 123
296 123
297 124
298 124
299 125
300 125
301 125
302 126
303 126
304 127
305 128
306 128
307 129
308 129
309 130
310 130
311 131
312 131
313 132
314 132
315 133
316 133
317 134
318 134
319 135
320 136
321 136
322 137
323 137
324 138
325 138
326 139
327 139
328 140
329 140
330 141
331 141
332 142
333 142
334 143
335 143
336 144
337 144
338 145
339 145
340 145
341 146
342 146
343 146
344 147
345 147
346 147
347 147
348 147
349 148
350 148
351 148
352 148
353 148
354 148
355 148
356 148
357 148
358 148
359 148
360 148
361 148
362 148
363 148
364 148
365 148
366 148
367 147
368 147
369 147
370 147
371 146
372 146
373 145
374 145
375 145
376 144
377 144
378 143
379 143
380 142
381 142
382 141
383 141
384 140
385 140
386 140
387 139
388 139
389 138
390 138
391 138
392 137
393 137
394 137
395 137
396 136
397 136
398 136
399 135
400 135
401 135
402 134
403 134
404 134
405 134
406 133
407 133
408 133
409 133
410 132
411 132
412 132
413 132
414 132
415 132
416 131
417 131
418 131
419 131
420 131
421 131
422 131
423 131
424 131
425 131
426 131
427 132
428 132
429 132
430 132
431 132
432 132
433 132
434 132
435 132
436 133
437 133
438 133
439 133
440 133
441 133
442 134
443 134
444 134
445 134
446 134
447 134
448 135
449 135
450 135
451 135
452 135
453 135
454 135
455 136
456 136
457 136
458 136
459 136
460 136
461 136
462 136
463 137
464 137
465 137
466 137
467 137
468 137
469 137
470 137
471 137
472 137
473 137
474 137
475 137
476 137
477 137
478 137
479 137
480 136
481 136
482 136
483 136
484 136
485 136
486 135
487 135
488 135
489 135
490 134
491 134
492 134
493 133
494 133
495 133
496 132
497 132
498 131
499 131
500 130
501 130
502 129
503 129
504 128
505 127
506 127
507 126
508 126
509 125
510 124
511 123
512 123
513 122
514 121
515 120
516 119
517 118
518 117
519 116
520 115
521 114
522 113
523 112
524 111
525 110
526 109
527 108
528 107
528 106
529 105
530 104
531 103
532 102
532 101
533 100
534 99
535 98
536 97
536 96
537 95
538 94
539 93
539 92
540 91
541 90
542 89
542 88
543 87
544 86
545 85
545 84
546 83
547 82
548 81
548 80
549 79
550 78
551 77
551 76
552 75
553 74
554 73
555 72
555 71
556 70
557 70
