18 18
19 19
19 20
20 21
21 22
21 23
22 24
23 25
23 26
24 27
25 28
25 29
26 30
26 31
27 32
27 33
28 34
29 35
29 36
30 37
30 38
31 39
31 40
32 41
32 42
33 43
33 44
34 45
34 46
34 47
35 48
35 49
36 50
36 51
37 52
37 53
38 54
38 55
39 56
39 57
39 58
40 59
40 60
41 61
41 62
42 63
42 64
43 65
43 66
44 67
44 68
45 69
45 70
46 71
47 72
47 73
48 74
48 75
49 76
50 77
50 78
51 79
52 80
52 81
53 82
54 83
54 84
55 85
56 86
57 87
58 88
58 89
59 90
60 91
61 92
62 93
63 94
64 95
65 96
66 97
67 98
68 99
69 100
70 101
71 102
72 103
73 104
74 105
75 106
76 107
77 108
78 108
79 109
80 110
81 110
82 111
83 112
84 112
85 112
86 113
87 113
88 113
89 114
90 114
91 114
92 114
93 114
94 113
95 113
96 113
97 113
98 112
99 112
100 112
101 111
102 111
103 111
104 110
105 110
106 109
107 109
108 108
109 108
110 107
111 107
112 106
113 106
114 105
115 105
116 104
117 104
118 104
119 103
120 103
121 102
122 102
123 102
124 101
125 101
126 101
127 101
128 101
129 100
130 100
131 100
132 100
133 100
134 100
135 100
136 101
137 101
138 101
139 101
140 101
141 102
142 102
143 103
144 103
145 104
146 105
147 106
148 106
149 107
150 108
151 109
152 110
153 111
154 112
155 113
155 114
156 115
157 116
158 117
159 118
159 119
160 120
161 121
162 122
163 123
163 124
164 125
165 126
165 127
166 128
167 129
167 130
168 131
169 132
170 133
170 134
171 135
172 136
172 137
173 138
174 139
174 140
175 141
176 142
176 143
177 144
178 145
178 146
179 147
180 148
180 149
181 150
182 151
182 152
183 153
184 154
184 155
185 156
186 157
186 158
187 159
188 160
188 161
189 162
190 163
190 164
191 165
192 166
192 167
193 168
194 169
194 170
195 171
196 172
196 173
197 174
198 175
198 176
199 177
200 178
201 179
201 180
202 181
203 182
204 183
204 184
205 185
206 186
207 187
208 188
209 189
210 190
211 191
212 192
213 193
214 194
215 195
216 196
217 196
218 197
219 197
220 198
221 198
222 199
223 199
224 199
225 199
226 199
227 199
228 199
229 199
230 198
231 198
232 197
233 197
234 196
235 196
236 195
237 194
238 193
239 193
240 192
241 191
242 190
243 189
244 188
245 187
246 186
246 185
247 184
248 183
249 182
250 181
251 180
252 179
253 178
254 177
255 176
256 175
257 174
258 173
259 172
260 171
261 170
262 170
263 169
264 168
265 168
266 167
267 166
268 166
269 165
270 165
271 164
272 164
273 164
274 163
275 163
276 163
277 162
278 162
279 162
280 162
281 162
282 162
283 162
284 162
285 162
286 162
287 162
288 162
289 162
290 162
291 162
292 163
293 163
294 163
295 164
296 164
297 165
298 165
299 166
300 166
301 167
302 168
303 168
304 169
305 170
306 171
307 172
308 172
309 173
310 174
311 175
312 176
313 176
314 177
315 178
316 178
317 179
318 179
319 180
320 180
321 180
322 181
323 181
324 181
325 181
326 181
327 181
328 181
329 181
330 181
331 181
332 181
333 181
334 181
335 180
336 180
337 180
338 179
339 179
340 178
341 178
342 177
343 177
344 176
345 176
346 175
347 175
348 174
349 174
350 173
351 173
352 172
353 172
354 171
355 171
356 170
357 170
358 169
359 169
360 169
361 169
362 168
363 168
364 168
365 168
366 168
367 168
368 168
369 168
370 168
371 168
372 168
373 168
374 168
375 168
376 168
377 169
378 169
379 169
380 169
381 170
382 170
383 170
384 171
385 171
386 171
387 172
388 172
389 173
390 173
391 174
392 174
393 175
394 175
395 176
396 176
397 177
398 177
399 178
400 178
401 179
402 179
403 180
404 180
405 181
406 181
407 182
408 182
409 183
410 183
411 184
412 184
413 185
414 185
415 186
416 187
417 187
418 187
419 188
420 188
421 189
422 189
423 190
424 190
425 191
426 191
427 191
428 192
429 192
430 193
431 193
432 193
433 194
434 194
435 194
436 194
437 195
438 195
439 195
440 195
441 195
442 195
443 195
444 195
445 195
446 195
447 195
448 195
449 194
450 194
451 194
452 193
453 193
454 193
455 192
456 192
457 191
458 191
459 190
460 190
461 189
462 189
463 188
464 188
465 187
466 186
467 186
468 185
469 184
470 184
471 183
472 182
473 182
474 181
475 180
476 180
477 179
478 178
479 177
480 177
481 176
482 175
483 174
484 174
485 173
486 172
487 171
488 171
489 170
490 169
491 168
492 168
493 167
494 166
495 165
496 165
497 164
498 163
499 163
500 162
501 161
502 161
503 160
504 159
505 159
506 158
507 157
508 157
509 156
510 156
511 155
512 155
513 154
514 154
515 153
516 153
517 152
518 151
519 151
520 150
521 150
522 149
523 149
524 148
525 147
526 147
527 146
528 145
529 144
530 143
531 143
532 142
533 141
534 140
535 139
536 138
537 137
538 136
539 135
540 134
540 133
541 132
542 131
543 130
544 130
545 129
546 128
547 127
548 126
549 125
550 125
551 124
552 123
553 123
554 123
555 122
556 122
557 121
558 121
559 121
560 121
561 121
562 121
563 121
564 121
565 121
566 121
567 121
568 121
569 122
570 122
571 122
572 123
573 123
574 124
575 124
576 125
577 125
578 126
579 127
580 127
581 128
582 129
583 129
584 130
585 131
586 132
587 132
588 133
589 134
590 135
591 136
592 136
593 137
594 138
595 139
596 139
597 140
598 141
599 141
600 142
601 143
602 143
603 144
604 145
605 145
606 146
607 146
608 147
609 148
610 148
611 149
612 149
613 150
614 150
615 151
616 151
617 152
618 152
619 153
620 153
621 154
622 154
623 154
624 155
625 155
626 156
627 156
628 157
629 157
