13 7
14 8
14 9
14 10
14 11
15 12
15 13
15 14
15 15
15 16
16 17
16 18
16 19
16 20
16 21
17 22
17 23
17 24
17 25
17 26
18 27
18 28
18 29
18 30
18 31
19 32
19 33
19 34
19 35
19 36
20 37
20 38
20 39
20 40
21 41
21 42
21 43
21 44
21 45
22 46
22 47
22 48
22 49
23 50
23 51
23 52
23 53
24 54
24 55
24 56
24 57
25 58
25 59
25 60
25 61
26 62
26 63
26 64
26 65
27 66
27 67
27 68
27 69
28 70
28 71
28 72
29 73
29 74
29 75
30 76
30 77
30 78
30 79
31 80
31 81
31 82
32 83
32 84
33 85
33 86
33 87
34 88
34 89
34 90
35 91
35 92
36 93
36 94
37 95
37 96
38 97
38 98
38 99
39 100
40 101
40 102
41 103
41 104
42 105
42 106
43 107
44 108
44 109
45 110
46 111
47 112
48 113
49 114
50 115
50 116
51 117
52 117
53 118
54 119
55 120
56 121
57 121
58 122
59 123
60 123
61 124
62 124
63 125
64 125
65 126
66 126
67 127
68 127
69 127
70 128
71 128
72 128
73 129
74 129
75 129
76 129
77 129
78 130
79 130
80 130
81 130
82 130
83 130
84 131
85 131
86 131
87 131
88 131
89 131
90 131
91 131
92 131
93 131
94 132
95 132
96 132
97 132
98 132
99 132
100 132
101 132
102 132
103 132
104 132
105 133
106 133
107 133
108 133
109 133
110 133
111 133
112 133
113 133
114 133
115 133
116 134
117 134
118 134
119 134
120 134
121 134
122 134
123 134
124 134
125 134
126 134
127 134
128 134
129 134
130 134
131 134
132 134
133 134
134 134
135 134
136 134
137 134
138 134
139 134
140 134
141 134
142 134
143 134
144 134
145 134
146 134
147 134
148 134
149 135
150 135
151 135
152 135
153 135
154 135
155 135
156 135
157 135
158 135
159 135
160 135
161 135
162 135
163 135
164 135
165 135
166 135
167 135
168 135
169 135
170 135
171 135
172 135
173 135
174 135
175 134
176 134
177 134
178 134
179 133
180 133
181 132
182 132
183 131
184 131
185 130
186 130
187 129
188 129
189 128
190 127
191 127
192 126
193 126
194 125
195 125
196 124
197 124
198 123
199 123
200 123
201 123
202 122
203 122
204 122
205 122
206 122
207 122
208 122
209 122
210 123
211 123
212 123
213 123
214 124
215 124
216 124
217 125
218 125
219 125
220 126
221 126
222 127
223 127
224 128
225 128
226 129
227 129
228 130
229 131
230 131
231 132
232 132
233 133
234 133
235 134
236 135
237 135
238 136
239 136
240 137
241 137
242 138
243 138
244 139
245 140
246 140
247 141
248 141
249 142
250 142
251 143
252 143
253 144
254 144
255 145
256 145
257 146
258 146
259 147
260 147
261 148
262 148
263 148
264 149
265 149
266 150
267 150
268 151
269 151
270 152
271 152
272 153
273 153
274 153
275 154
276 154
277 155
278 155
