13 38
14 38
15 38
16 38
17 38
18 38
19 38
20 38
21 38
22 37
23 37
24 37
25 37
26 37
27 37
28 37
29 37
30 37
31 37
32 37
33 37
34 37
35 38
36 38
37 38
38 38
39 38
40 38
41 38
42 38
43 39
44 39
45 39
46 39
47 39
48 40
49 40
50 40
51 40
52 41
53 41
54 41
55 42
56 42
57 42
58 43
59 43
60 44
61 44
62 44
63 45
64 45
65 46
66 46
67 47
68 48
69 48
70 49
71 49
72 50
73 51
74 51
75 52
76 53
77 53
78 54
79 54
80 55
81 56
82 57
83 57
84 58
85 59
86 59
87 60
88 61
89 62
90 62
91 63
92 64
93 64
94 65
95 66
96 66
97 67
98 68
99 69
100 69
101 70
102 71
103 71
104 72
105 72
106 73
107 74
108 74
109 75
110 76
111 76
112 77
113 77
114 78
115 78
116 79
117 79
118 80
119 80
120 80
121 81
122 81
123 82
124 82
125 82
126 83
127 83
128 83
129 83
130 84
131 84
132 84
133 84
134 84
135 85
136 85
137 85
138 85
139 85
140 86
141 86
142 86
143 86
144 86
145 86
146 86
147 87
148 87
149 87
150 87
151 87
152 87
153 88
154 88
155 88
156 88
157 89
158 89
159 89
160 90
161 90
162 90
163 91
164 91
165 91
166 92
167 92
168 93
169 93
170 94
171 94
172 95
173 96
174 96
175 97
176 98
177 98
178 99
179 100
180 100
181 101
182 102
183 102
184 103
185 103
186 104
187 104
188 104
189 104
190 104
191 104
192 104
193 104
194 103
195 103
196 102
197 102
198 101
199 100
200 99
201 98
202 97
203 96
204 96
205 95
206 94
207 93
208 92
209 91
210 90
211 89
212 88
213 87
214 87
215 86
216 85
217 84
218 83
219 83
220 82
221 81
222 80
223 79
224 79
225 78
226 77
227 77
228 76
229 75
230 74
231 74
232 73
233 73
234 72
235 71
236 71
237 70
238 69
239 69
240 68
241 68
242 67
243 67
244 66
245 66
246 65
247 65
248 65
249 64
250 64
251 63
252 63
253 63
254 63
255 62
256 62
257 62
258 62
259 61
260 61
261 61
262 61
263 61
264 61
265 61
266 61
267 61
268 61
269 61
270 61
271 62
272 62
273 62
274 62
275 62
276 62
277 63
278 63
279 63
280 64
281 64
282 64
283 64
284 65
285 65
286 65
287 66
288 66
289 66
290 67
291 67
292 67
293 68
294 68
295 68
296 69
297 69
298 70
299 70
300 70
301 71
302 71
303 71
304 72
305 72
306 72
307 73
308 73
309 73
310 74
311 74
312 74
313 74
314 75
315 75
316 75
317 75
318 76
319 76
320 76
321 76
322 77
323 77
324 77
325 77
326 78
327 78
328 78
329 78
330 78
331 79
332 79
333 79
334 80
335 80
336 80
337 80
338 81
339 81
340 81
341 81
342 81
343 81
344 81
345 81
346 81
347 81
348 81
349 81
350 80
351 80
352 80
353 79
354 78
355 78
356 77
357 77
358 76
359 75
360 74
361 74
