6 7
7 8
8 9
8 10
9 11
10 12
10 13
11 14
11 15
12 16
13 17
13 18
14 19
15 20
15 21
16 22
17 23
17 24
18 25
18 26
19 27
20 28
20 29
21 30
22 31
22 32
23 33
23 34
24 35
25 36
25 37
26 38
27 39
27 40
28 41
28 42
29 43
30 44
30 45
31 46
32 47
32 48
33 49
34 50
34 51
35 52
36 53
37 54
37 55
38 56
39 57
40 58
40 59
41 60
42 61
43 62
44 63
45 64
46 65
46 66
47 67
48 68
49 69
50 70
51 71
52 72
53 73
54 74
55 75
56 75
57 76
58 77
59 78
60 79
61 80
62 81
63 81
64 82
65 83
66 84
67 85
68 86
69 86
70 87
71 88
72 88
73 89
74 89
75 90
76 90
77 91
78 91
79 91
80 91
81 91
82 91
83 90
84 90
85 89
86 89
87 88
88 88
89 87
90 87
91 86
92 85
93 85
94 84
95 83
96 83
97 82
98 82
99 81
100 81
101 81
102 81
103 80
104 80
105 80
106 81
107 81
108 81
109 82
110 83
111 84
112 85
113 86
113 87
114 88
115 89
115 90
116 91
116 92
117 93
117 94
