30 62
31 63
32 64
32 65
33 66
34 67
34 68
35 69
36 70
36 71
37 72
38 73
38 74
39 75
40 76
41 77
41 78
42 79
43 80
43 81
44 82
45 83
45 84
46 85
47 86
47 87
48 88
49 89
50 90
50 91
51 92
52 93
52 94
53 95
54 96
54 97
55 98
56 99
57 100
57 101
58 102
59 103
60 104
60 105
61 106
62 107
62 108
63 109
64 110
65 111
65 112
66 113
67 114
68 115
69 116
69 117
70 118
71 119
72 120
73 121
74 122
75 123
76 124
77 125
78 126
79 127
80 128
81 129
82 129
83 130
84 131
85 131
86 132
87 132
88 132
89 132
90 132
91 132
92 132
93 132
94 132
95 132
96 132
97 131
98 131
99 131
100 131
101 131
102 130
103 130
104 130
105 130
106 130
107 130
108 130
109 130
110 130
111 130
112 130
113 130
114 130
115 130
116 130
117 130
118 130
119 131
120 131
121 131
122 131
123 131
124 132
125 132
126 132
127 132
128 133
129 133
130 133
131 133
132 134
133 134
134 134
135 135
136 135
137 135
138 135
139 136
140 136
141 136
142 137
143 137
144 137
145 137
146 138
147 138
148 138
149 138
150 139
151 139
152 139
153 139
154 140
155 140
156 140
157 140
158 140
159 141
160 141
161 141
162 141
163 141
164 141
165 142
166 142
167 142
168 142
169 142
170 142
171 142
172 142
173 143
174 143
175 143
176 143
177 143
178 143
179 143
180 143
181 143
182 143
183 144
184 144
185 144
186 144
187 144
188 144
189 144
