46 50
47 50
48 51
49 52
49 53
50 54
51 55
52 55
53 56
53 57
54 58
55 58
56 59
57 60
58 61
59 62
60 63
61 64
62 65
63 66
64 67
65 68
66 69
67 70
68 71
69 72
70 73
71 73
72 74
73 75
74 76
75 77
76 78
77 78
78 79
79 80
80 81
81 81
82 82
83 83
84 83
85 84
86 85
87 85
88 86
89 87
90 87
91 88
92 88
93 89
94 90
95 90
96 91
97 91
98 92
99 92
100 93
101 93
102 94
103 94
104 95
105 95
106 96
107 96
108 97
109 97
110 98
111 98
112 99
113 99
114 100
115 100
116 101
117 101
118 102
119 102
120 103
121 103
122 104
123 104
124 105
125 106
126 106
127 107
128 107
129 108
130 109
131 109
132 110
133 111
134 111
135 112
136 113
137 113
138 114
139 115
140 116
141 116
142 117
143 118
144 119
145 120
146 120
147 121
148 122
149 123
150 124
151 125
152 126
153 127
154 128
155 128
156 129
157 130
158 131
159 132
160 133
161 134
162 135
163 136
164 137
165 138
166 139
167 140
168 141
169 142
170 143
171 144
172 145
173 146
174 147
175 148
176 149
177 150
178 151
179 152
180 153
181 154
181 155
182 156
183 157
184 158
185 159
186 160
187 161
188 162
189 163
190 164
191 165
192 166
193 167
194 168
195 169
195 170
196 171
197 172
198 173
199 174
200 175
201 176
202 177
203 178
204 179
205 180
206 181
207 182
208 183
208 184
209 185
210 186
211 187
212 188
213 189
214 190
215 191
216 192
217 193
218 194
219 195
220 196
221 197
222 198
223 199
224 200
225 201
226 202
227 203
228 204
229 205
230 206
231 207
232 208
233 209
234 209
235 210
236 211
237 212
238 213
239 213
240 214
241 215
242 216
243 216
244 217
245 218
246 218
247 219
248 219
249 220
250 220
251 221
252 221
253 222
254 222
255 223
256 223
257 223
258 224
259 224
260 225
261 225
262 225
263 226
264 226
265 226
266 227
267 227
268 227
269 227
270 228
271 228
272 228
273 228
274 229
275 229
276 229
277 229
278 230
279 230
280 230
281 231
282 231
283 231
284 231
285 232
286 232
287 232
288 232
289 233
290 233
291 233
292 234
293 234
294 234
295 235
296 235
297 235
298 235
299 236
300 236
301 236
302 237
303 237
304 237
305 238
306 238
307 238
308 238
309 239
310 239
311 239
312 240
313 240
314 240
315 240
316 241
317 241
318 241
319 241
320 241
321 242
322 242
323 242
324 242
325 242
326 243
327 243
328 243
329 243
330 243
331 243
332 243
333 244
334 244
335 244
336 244
337 244
338 244
339 244
340 244
341 244
342 245
343 245
344 245
345 245
346 245
347 245
348 245
349 245
350 245
351 245
352 245
353 245
354 246
355 246
356 246
357 246
358 246
359 246
360 246
361 246
362 246
363 246
364 247
365 247
366 247
367 247
368 247
369 247
370 247
371 247
372 247
373 248
374 248
375 248
376 248
377 248
378 248
379 248
380 248
381 248
382 248
383 249
384 249
385 249
386 249
387 249
388 249
389 249
390 249
391 249
392 249
393 249
394 249
395 249
396 249
397 249
398 249
399 249
400 249
401 249
402 249
403 249
404 249
405 249
406 249
407 248
408 248
409 248
410 248
411 248
412 248
413 247
414 247
415 247
416 246
417 246
418 246
419 245
420 245
421 245
422 244
423 244
424 243
425 242
426 242
427 241
428 241
429 240
430 239
431 238
432 238
433 237
434 236
435 235
436 234
437 233
438 232
439 231
440 230
441 229
442 228
443 227
444 226
444 225
445 224
446 223
447 222
448 221
449 220
450 219
450 218
451 217
452 216
453 215
454 214
455 213
455 212
456 211
457 210
458 209
459 208
459 207
460 206
461 205
462 204
463 203
463 202
464 201
465 200
466 199
467 198
468 197
469 196
469 195
470 194
471 193
472 192
473 191
474 190
475 189
476 188
477 187
478 186
479 185
480 184
481 183
482 182
483 182
484 181
485 180
486 179
487 179
488 178
489 177
490 177
491 176
492 176
493 175
494 175
495 174
496 174
497 174
498 173
499 173
500 173
501 173
502 172
503 172
504 172
505 172
506 172
507 172
508 172
509 172
510 172
511 172
512 172
513 172
514 172
515 173
516 173
517 173
518 173
519 173
520 173
521 173
522 174
523 174
524 174
525 174
526 174
527 175
528 175
529 175
530 175
531 175
532 175
533 176
534 176
535 176
536 176
537 176
538 177
539 177
540 177
541 177
542 178
543 178
544 178
545 178
546 179
547 179
548 179
549 179
550 180
551 180
552 180
553 181
554 181
555 181
556 182
557 182
558 182
559 183
560 183
561 184
562 184
563 185
564 185
565 186
566 186
567 187
568 187
569 188
570 188
571 189
572 190
573 190
574 191
575 192
576 192
577 193
578 194
579 194
580 195
581 196
582 196
583 197
584 198
585 198
586 199
587 200
588 200
589 201
590 202
591 202
592 203
593 204
594 204
595 205
596 205
597 206
598 206
599 207
600 207
601 208
602 208
603 209
604 209
605 210
606 210
607 210
608 211
609 211
610 211
611 211
612 212
613 212
614 212
615 212
616 212
617 212
618 212
619 212
620 211
621 211
622 211
623 211
624 210
625 210
626 209
627 209
628 208
629 208
630 207
631 206
632 206
633 205
634 204
635 203
636 202
637 202
638 201
639 200
640 199
641 198
642 197
643 196
644 195
645 194
646 194
647 193
648 192
649 191
650 190
651 189
652 188
653 187
654 186
655 185
656 184
657 183
658 182
659 181
660 180
661 179
662 178
663 178
664 177
665 176
666 175
667 174
668 173
669 172
670 171
671 170
672 169
673 168
674 167
675 167
