42 4
43 4
44 4
45 4
46 4
47 5
48 5
49 5
50 6
51 6
52 6
53 6
54 7
55 7
56 7
57 8
58 8
59 8
60 9
61 9
62 9
63 10
64 10
65 10
66 11
67 11
68 11
69 12
70 12
71 12
72 13
73 13
74 14
75 14
76 14
77 15
78 15
79 16
80 16
81 17
82 17
83 18
84 18
85 19
86 19
87 20
88 20
89 21
90 21
91 22
92 23
93 23
94 24
95 25
96 25
97 26
98 27
99 27
100 28
101 29
102 29
103 30
104 31
105 32
106 32
107 33
108 34
109 35
110 36
111 37
112 37
113 38
114 39
115 40
116 41
117 42
118 43
119 44
120 44
121 45
122 46
123 47
124 48
125 49
126 50
127 50
128 51
129 52
130 53
131 53
132 54
133 55
134 55
135 56
136 57
137 57
138 58
139 58
140 59
141 59
142 60
143 60
144 61
145 61
146 62
147 62
148 63
149 63
150 64
151 64
152 64
153 65
154 65
155 66
156 66
157 66
158 67
159 67
160 68
161 68
162 68
163 69
164 69
165 70
166 70
167 70
168 71
169 71
170 72
171 72
172 73
173 73
174 74
175 74
176 75
177 75
178 76
179 76
180 77
181 77
182 78
183 78
184 79
185 79
186 80
187 81
188 81
189 82
190 82
191 83
192 83
193 84
194 85
195 85
196 86
197 86
198 87
199 88
200 88
201 89
202 89
203 90
204 91
205 91
206 92
207 93
208 93
209 94
210 94
211 95
212 96
213 96
214 97
215 98
216 98
217 99
218 100
219 100
220 101
221 102
222 102
223 103
224 104
225 104
226 105
227 106
228 106
229 107
230 107
231 108
232 109
233 109
234 110
235 111
236 111
237 112
238 113
239 113
240 114
241 115
242 115
243 116
244 117
245 117
246 118
247 118
248 119
249 120
250 120
251 121
252 121
253 122
254 123
255 123
256 124
257 124
258 125
259 125
260 126
261 126
262 127
263 127
264 127
265 128
266 128
267 129
268 129
269 129
270 130
271 130
272 131
273 131
274 131
275 131
276 132
277 132
278 132
279 133
280 133
281 133
282 133
283 134
284 134
285 134
286 134
287 134
288 135
289 135
290 135
291 135
292 135
293 136
294 136
295 136
296 136
297 136
298 137
299 137
300 137
301 137
302 137
303 138
304 138
305 138
306 138
307 139
308 139
309 139
310 139
311 140
312 140
313 140
314 141
315 141
316 141
317 142
318 142
319 143
320 143
321 144
322 144
323 144
324 145
325 145
326 146
327 146
328 147
329 147
330 148
331 148
332 149
333 150
334 150
335 151
336 151
337 152
338 152
339 153
340 153
341 154
342 154
343 155
344 155
345 156
346 156
347 157
348 157
349 158
350 158
351 159
352 159
353 159
354 160
355 160
356 161
357 161
358 162
359 162
360 163
361 163
362 164
363 164
364 164
365 165
366 165
367 166
368 166
369 167
370 167
371 167
372 168
373 168
374 169
375 169
376 170
377 170
378 170
379 171
380 171
381 172
382 173
