30 43
31 43
32 44
33 45
33 46
34 47
35 48
36 49
37 50
38 51
39 52
40 53
41 54
42 55
43 56
44 57
45 58
46 59
47 60
48 61
49 62
50 63
51 64
51 65
52 66
53 67
54 68
55 69
56 70
57 71
58 72
58 73
59 74
60 75
61 76
62 77
63 78
63 79
64 80
65 81
66 82
66 83
67 84
68 85
68 86
69 87
70 88
70 89
71 90
72 91
72 92
73 93
74 94
74 95
75 96
75 97
76 98
77 99
77 100
78 101
78 102
79 103
80 104
80 105
81 106
82 107
82 108
83 109
84 110
84 111
85 112
86 113
87 114
87 115
88 116
89 117
90 118
91 119
92 120
92 121
93 122
94 123
95 124
96 125
97 126
98 127
99 128
100 129
101 130
102 131
103 132
104 133
105 134
106 134
107 135
108 136
109 137
110 138
111 139
112 139
113 140
114 141
115 142
116 142
117 143
118 144
119 145
120 145
121 146
122 147
123 147
124 148
125 149
126 149
127 150
128 151
129 151
130 152
131 153
132 153
133 154
134 155
135 155
136 156
137 157
138 157
139 158
140 159
141 159
142 160
143 161
144 161
145 162
146 163
147 163
148 164
149 164
150 165
151 166
152 166
153 167
154 167
155 168
156 168
157 169
158 169
159 170
160 170
161 170
162 171
163 171
164 171
165 171
166 172
167 172
168 172
169 172
170 172
171 172
172 172
173 172
174 172
175 172
176 171
177 171
178 171
179 170
180 170
181 170
182 169
183 169
184 169
185 168
186 168
187 167
188 167
189 166
190 166
191 166
192 165
193 165
194 164
195 164
196 164
197 163
198 163
199 163
200 162
201 162
202 162
203 161
204 161
205 161
206 161
207 161
208 160
209 160
210 160
211 160
212 160
213 160
214 160
215 160
216 160
217 160
218 160
219 160
220 160
221 160
222 160
223 160
224 160
225 160
226 160
227 160
228 160
229 161
230 161
231 161
232 161
233 161
234 161
235 161
236 162
237 162
238 162
239 162
240 162
241 162
242 162
243 162
244 163
245 163
246 163
247 163
248 163
249 163
250 163
251 163
252 163
253 163
254 164
255 164
256 164
257 164
258 164
259 164
260 164
261 164
262 163
263 163
264 163
265 163
266 163
267 163
268 163
269 163
270 163
271 163
272 162
273 162
274 162
275 162
276 162
277 162
278 161
279 161
280 161
281 161
282 161
283 160
284 160
285 160
286 160
287 160
288 159
289 159
290 159
291 159
292 158
293 158
294 158
295 157
296 157
297 157
298 157
299 156
300 156
301 156
302 155
303 155
304 154
305 154
306 154
307 153
308 153
309 152
310 152
311 152
312 151
313 151
314 150
315 150
316 149
317 148
318 148
319 147
320 147
321 146
322 146
323 145
324 145
325 144
326 143
327 143
328 142
329 142
330 141
331 141
332 140
333 140
334 139
335 139
336 138
337 138
338 137
339 137
340 136
341 136
342 135
343 135
344 134
345 133
346 133
347 132
348 131
349 131
350 130
351 129
352 128
353 127
354 126
355 125
356 124
357 123
358 122
359 121
360 120
361 119
362 118
363 117
364 116
365 115
365 114
366 113
367 112
368 111
368 110
369 109
370 108
371 107
371 106
372 105
373 104
373 103
374 102
375 101
375 100
376 99
377 98
377 97
378 96
378 95
379 94
380 93
380 92
381 91
382 90
382 89
383 88
384 87
