18 7
18 8
19 9
19 10
19 11
19 12
19 13
20 14
20 15
20 16
20 17
20 18
21 19
21 20
21 21
21 22
21 23
22 24
22 25
22 26
22 27
22 28
23 29
23 30
23 31
23 32
23 33
24 34
24 35
24 36
24 37
24 38
25 39
25 40
25 41
25 42
26 43
26 44
26 45
26 46
26 47
27 48
27 49
27 50
27 51
28 52
28 53
28 54
28 55
29 56
29 57
29 58
29 59
30 60
30 61
30 62
31 63
31 64
31 65
31 66
32 67
32 68
32 69
33 70
33 71
33 72
34 73
34 74
34 75
35 76
35 77
36 78
36 79
37 80
37 81
38 82
38 83
39 84
39 85
40 86
40 87
41 88
42 89
42 90
43 91
44 92
44 93
45 94
45 95
46 96
47 97
47 98
48 99
48 100
49 101
49 102
50 103
50 104
51 105
51 106
52 107
52 108
53 109
53 110
54 111
54 112
55 113
56 114
56 115
57 116
57 117
58 118
58 119
59 120
60 121
60 122
61 123
62 124
62 125
63 126
64 127
64 128
65 129
66 130
67 131
68 132
68 133
69 134
70 135
71 136
72 137
73 138
74 139
75 140
76 141
77 141
78 142
79 142
80 143
81 143
82 144
83 144
84 144
85 144
86 144
87 143
88 143
89 142
90 142
91 141
92 140
93 140
94 139
95 138
96 137
97 136
98 135
98 134
99 133
100 132
101 131
102 130
102 129
103 128
104 127
104 126
105 125
106 124
106 123
107 122
108 121
108 120
109 119
109 118
110 117
110 116
111 115
112 114
112 113
113 112
113 111
114 110
114 109
115 108
115 107
116 106
116 105
117 104
117 103
118 102
118 101
119 100
119 99
120 98
120 97
121 96
121 95
122 94
122 93
123 92
123 91
124 90
124 89
125 88
125 87
126 86
127 85
127 84
128 83
128 82
129 81
130 80
131 79
131 78
132 77
133 76
134 75
135 74
136 73
137 73
138 72
139 71
140 71
141 71
142 70
143 70
144 69
145 69
146 69
147 69
148 69
149 69
150 68
151 68
152 68
153 68
154 68
155 68
156 68
157 68
158 68
159 68
160 68
161 68
162 69
163 69
164 69
165 69
166 69
167 69
168 70
169 70
170 70
171 71
172 71
173 71
174 72
175 72
176 73
177 73
178 74
179 74
180 75
181 75
182 76
183 76
184 77
185 77
186 78
187 78
188 78
189 79
190 79
191 79
192 80
193 80
194 80
195 80
196 80
197 80
198 80
199 80
200 80
201 80
202 80
203 80
204 80
205 80
206 80
207 80
208 80
209 80
210 80
211 79
212 79
213 79
214 79
215 79
216 79
217 79
218 79
219 78
220 78
221 78
222 78
223 78
224 78
225 78
226 77
227 77
228 77
229 77
230 77
231 77
232 76
233 76
234 76
235 76
236 76
237 76
238 75
239 75
240 75
241 75
242 75
243 75
244 75
245 75
246 75
247 75
248 75
249 75
250 75
251 75
252 75
253 75
254 75
255 76
256 76
257 77
258 77
259 78
260 78
261 79
262 79
263 80
264 81
265 82
266 82
267 83
268 84
269 84
270 85
271 85
272 86
273 86
274 85
275 85
276 84
277 84
278 83
279 82
280 81
281 80
282 79
283 78
284 77
284 76
285 75
286 74
287 73
288 72
289 71
290 70
291 69
292 68
293 67
294 66
295 66
296 65
297 65
298 65
299 65
300 65
301 65
302 65
303 65
304 65
305 66
306 66
307 67
308 68
309 69
310 70
311 71
312 72
313 73
314 74
315 75
316 76
317 77
318 78
319 79
320 80
321 81
322 82
323 83
324 84
325 84
326 85
327 86
328 86
329 87
330 88
331 88
332 89
333 90
334 91
335 92
336 93
337 94
338 95
339 96
339 97
340 98
341 99
342 100
343 101
343 102
344 103
345 104
346 105
347 106
347 107
