15 9
16 10
17 11
18 12
19 12
20 13
21 14
22 15
23 16
24 17
25 17
26 18
27 19
28 20
29 21
30 21
31 22
32 23
33 24
34 24
35 25
36 26
37 27
38 27
39 28
40 29
41 29
42 30
43 31
44 31
45 32
46 32
47 33
48 33
49 34
50 34
51 35
52 35
53 36
54 36
55 37
56 37
57 38
58 38
59 39
60 39
61 40
62 40
63 41
64 41
65 42
66 42
67 43
68 43
69 44
70 45
71 45
72 46
73 47
74 47
75 48
76 49
77 49
78 50
79 51
80 52
81 53
82 54
83 55
84 56
85 57
86 58
87 59
88 60
89 61
90 62
91 63
92 64
93 65
94 66
95 67
95 68
96 69
97 70
98 71
99 72
100 73
101 74
101 75
102 76
103 77
104 78
105 79
106 80
107 81
107 82
108 83
109 84
110 85
111 86
112 87
112 88
113 89
114 90
115 91
116 92
117 93
118 94
118 95
119 96
120 97
121 98
122 99
123 100
124 101
125 102
126 103
127 104
127 105
128 106
129 107
130 108
131 109
132 110
133 111
134 112
135 113
136 114
137 115
138 116
139 117
140 118
141 119
142 120
143 121
144 122
145 123
146 124
147 125
148 126
149 127
150 128
151 129
152 130
153 130
154 131
155 132
156 133
157 134
158 135
159 136
160 137
161 138
162 139
163 140
164 141
165 142
166 143
167 144
168 145
169 146
170 147
171 148
172 149
173 150
174 151
175 152
175 153
176 154
177 155
178 156
179 157
180 158
181 159
182 160
183 161
184 162
185 163
186 163
187 164
188 165
189 166
190 166
191 167
192 167
193 168
194 169
195 169
196 169
197 170
198 170
199 170
200 171
201 171
202 171
203 171
204 171
205 171
206 171
207 171
208 171
209 171
210 171
211 171
212 171
213 171
214 171
215 171
216 170
217 170
218 170
219 170
220 169
221 169
222 169
223 168
224 168
225 168
226 167
227 167
228 167
229 166
230 166
231 165
232 165
233 164
234 164
235 163
236 163
237 162
238 162
239 161
240 161
241 160
242 159
243 159
244 158
245 158
246 157
247 156
248 156
249 155
250 154
251 154
252 153
253 152
254 151
255 151
256 150
257 149
258 148
259 148
260 147
261 146
262 145
263 144
264 144
265 143
266 142
267 141
268 140
269 140
270 139
271 138
272 137
273 136
274 135
275 134
276 134
277 133
278 132
279 131
280 130
281 129
282 129
283 128
284 127
285 126
286 125
287 125
288 124
289 123
290 122
291 121
292 121
293 120
294 119
295 118
296 118
297 117
298 116
299 115
300 115
301 114
302 113
303 113
304 112
305 112
306 111
307 111
308 110
309 110
310 109
311 109
312 108
313 108
314 107
315 107
316 107
317 107
318 106
319 106
320 106
321 106
322 106
323 106
324 106
325 106
326 106
327 106
328 106
329 106
330 107
331 107
332 107
333 107
334 108
335 108
336 108
337 109
338 109
339 109
340 110
341 110
342 110
343 111
344 111
345 112
346 112
347 113
348 113
349 113
350 114
351 114
352 115
353 115
354 115
355 116
356 116
357 117
358 117
359 117
360 118
361 118
362 118
363 119
364 119
365 120
366 120
367 120
368 121
369 121
370 122
371 122
372 122
373 123
374 123
375 123
376 124
377 124
378 125
379 125
380 125
381 126
382 126
383 126
384 127
385 127
386 127
387 128
388 128
389 128
390 129
391 129
392 129
393 130
394 130
395 130
396 131
397 131
398 131
399 132
400 132
401 132
402 133
403 133
404 133
405 134
406 134
407 134
408 134
409 135
410 135
411 135
412 136
413 136
414 136
415 136
416 137
417 137
418 137
419 137
420 138
421 138
422 138
423 139
424 139
425 139
426 139
427 140
428 140
429 140
430 140
431 141
432 141
433 141
434 141
