5 19
6 20
7 21
7 22
8 23
9 24
10 25
10 26
11 27
12 28
13 29
14 30
15 31
15 32
16 33
17 34
18 35
19 36
20 37
21 38
22 39
23 40
24 41
25 42
26 43
27 44
28 45
28 46
29 47
30 48
31 49
32 50
33 51
34 52
34 53
35 54
36 55
37 56
37 57
38 58
39 59
40 60
41 61
41 62
42 63
43 64
44 65
44 66
45 67
46 68
47 69
48 70
49 71
50 72
51 73
52 74
53 75
54 75
55 76
56 76
57 76
58 76
59 76
60 76
61 77
62 77
63 77
64 78
65 78
66 78
67 79
68 79
69 79
70 80
71 80
72 80
73 80
74 81
75 81
76 81
77 81
78 81
79 81
80 81
81 80
82 80
83 79
84 79
85 78
86 78
87 77
88 76
89 75
90 74
91 73
92 72
93 71
94 70
95 69
96 68
97 67
97 66
98 65
99 64
100 63
101 62
102 61
103 60
104 59
105 58
106 57
107 56
108 55
109 54
110 54
111 53
112 53
113 52
114 52
115 52
116 51
117 51
118 51
119 51
120 51
121 51
122 52
123 52
124 52
125 53
126 53
127 54
128 54
129 55
130 55
131 56
132 56
133 57
134 58
135 58
136 59
137 60
138 61
139 61
140 62
141 63
142 63
143 64
144 65
145 65
146 66
147 67
148 67
149 67
150 67
151 67
152 67
153 66
154 65
155 65
156 64
157 64
158 63
159 63
160 62
161 62
162 61
163 61
164 61
165 61
166 61
167 61
168 61
169 61
170 61
171 61
172 61
173 61
174 61
175 61
176 62
177 62
178 62
179 62
180 63
181 63
182 63
183 63
184 63
185 63
186 63
187 64
188 64
189 64
190 64
191 64
192 64
193 64
194 63
195 63
196 63
197 63
198 63
199 63
200 62
201 62
202 62
203 62
204 61
205 61
206 61
207 61
208 60
209 60
210 60
211 60
212 60
213 59
214 59
215 59
216 59
217 59
218 59
219 59
220 58
221 58
222 58
223 58
224 58
225 59
226 59
227 59
228 59
229 59
230 59
231 60
232 60
233 60
234 60
235 61
236 61
237 61
238 62
239 62
240 62
241 62
242 63
243 63
244 63
245 64
246 64
247 64
248 64
249 64
250 65
251 65
252 65
253 65
254 65
255 64
256 64
257 64
258 63
259 63
260 62
261 61
262 60
263 60
264 59
265 58
266 57
267 56
267 55
268 54
269 53
270 52
271 51
271 50
272 49
273 48
274 47
274 46
275 45
276 44
