22 38
23 39
24 39
25 40
26 40
27 41
28 42
29 42
30 43
31 44
32 44
33 45
34 45
35 46
36 46
37 47
38 47
39 48
40 48
41 49
42 49
43 49
44 50
45 50
46 50
47 51
48 51
49 51
50 51
51 52
52 52
53 52
54 52
55 52
56 53
57 53
58 53
59 53
60 53
61 53
62 53
63 53
64 54
65 54
66 54
67 54
68 54
69 54
70 54
71 54
72 54
73 54
74 54
75 54
76 54
77 54
78 54
79 54
80 54
81 54
82 54
83 54
84 54
85 54
86 54
87 54
88 54
89 54
90 54
91 54
92 54
93 54
94 54
95 54
96 54
97 54
98 54
99 54
100 54
101 54
102 54
103 55
104 55
105 55
106 55
107 55
108 55
109 55
110 55
111 56
112 56
113 56
114 56
115 56
116 57
117 57
118 57
119 58
120 58
121 58
122 59
123 59
124 60
125 60
126 61
127 61
128 62
129 63
130 63
131 64
132 64
133 65
134 66
135 67
136 67
137 68
138 69
139 70
140 70
141 71
142 72
143 73
144 74
145 75
146 76
147 76
148 77
149 78
150 79
151 80
151 81
152 82
153 83
154 84
155 85
156 86
157 87
158 88
159 89
160 90
161 90
162 91
163 92
164 93
165 93
166 94
167 94
168 95
169 95
170 96
171 96
172 96
173 97
174 97
175 97
176 97
177 97
178 98
179 98
180 98
181 98
182 98
183 98
184 98
185 98
186 98
187 98
188 98
189 98
190 98
191 97
192 97
193 97
194 97
195 97
196 97
197 97
198 97
199 97
200 97
201 97
202 97
203 97
204 98
205 98
206 98
207 98
208 98
209 98
210 99
211 99
212 99
213 100
214 100
215 100
216 101
217 101
218 102
219 102
220 103
221 104
222 104
223 105
224 105
225 106
226 107
227 107
228 108
229 109
230 110
231 110
232 111
233 112
234 112
235 113
236 114
237 114
238 115
239 116
240 116
241 117
242 118
243 118
244 119
245 119
246 120
247 120
248 121
249 121
250 122
251 122
252 123
253 123
254 124
255 124
256 124
257 125
258 125
259 125
260 126
261 126
262 126
263 126
264 126
265 126
266 126
267 126
268 126
269 126
270 126
271 125
272 125
273 125
274 124
275 124
276 123
277 123
278 122
279 121
280 121
281 120
282 119
283 118
284 118
285 117
286 116
287 115
288 114
289 113
290 112
291 111
292 110
293 109
293 108
294 107
295 106
296 105
297 104
298 103
299 102
300 101
301 100
302 99
303 98
304 97
305 96
306 95
307 94
308 93
309 92
310 91
311 90
312 89
313 89
314 88
315 87
316 87
317 86
318 85
319 85
320 84
321 84
322 83
323 83
324 82
325 82
326 82
327 82
328 81
329 81
330 81
331 81
332 81
333 81
334 81
335 81
336 81
337 81
338 81
339 81
340 82
341 82
342 82
343 82
344 83
345 83
346 84
347 84
348 85
349 85
350 86
351 86
352 87
353 87
354 88
355 89
356 89
357 90
358 91
359 91
360 92
361 93
362 94
363 95
364 95
365 96
366 97
367 98
368 99
369 100
370 100
371 101
372 102
373 103
374 103
375 104
376 105
377 106
378 106
379 107
380 107
381 108
382 108
383 109
384 109
385 110
386 110
387 111
388 111
389 111
390 111
391 112
392 112
393 112
394 112
395 112
396 112
397 112
398 113
399 113
400 113
401 113
402 113
403 113
404 113
405 113
406 113
407 113
408 113
409 113
410 113
411 114
412 114
413 114
414 114
415 114
416 115
417 115
418 115
419 116
420 116
421 116
422 117
423 117
424 117
425 118
426 118
427 119
428 119
429 119
430 120
431 120
432 121
433 121
434 122
435 122
436 123
437 123
438 124
439 124
440 125
441 125
442 126
443 126
444 127
445 127
446 127
447 128
448 128
449 129
450 129
451 130
452 130
453 131
454 131
455 132
456 132
457 132
458 133
459 133
460 134
461 134
462 135
463 135
464 135
465 136
466 136
467 136
468 137
469 137
470 138
471 138
472 138
473 139
474 139
475 139
476 140
477 140
478 140
479 140
480 141
481 141
482 141
483 141
484 142
485 142
486 142
487 142
488 142
489 143
490 143
491 143
492 143
493 143
494 143
495 143
496 144
497 144
498 144
499 144
500 144
501 144
502 144
503 144
504 144
505 144
506 144
507 144
508 144
509 144
510 144
511 144
512 145
513 145
514 145
515 145
516 145
517 145
518 145
519 145
