9 10
9 11
10 12
11 13
11 14
12 15
12 16
13 17
14 18
14 19
15 20
15 21
16 22
17 23
17 24
18 25
18 26
19 27
20 28
20 29
21 30
22 31
22 32
23 33
24 34
24 35
25 36
25 37
26 38
27 39
27 40
28 41
29 42
29 43
30 44
31 45
32 46
32 47
33 48
34 49
34 50
35 51
36 52
37 53
37 54
38 55
39 56
40 57
41 58
41 59
42 60
43 61
44 62
45 63
46 64
47 65
47 66
48 67
49 68
50 69
51 70
52 71
53 72
54 73
55 74
56 75
57 76
58 77
59 78
60 79
61 80
62 81
63 82
64 83
65 84
66 85
67 85
68 86
69 87
70 88
71 88
72 89
73 90
74 90
75 91
76 92
77 92
78 93
79 93
80 94
81 94
82 95
83 95
84 96
85 96
86 97
87 97
88 97
89 98
90 98
91 98
92 98
93 99
94 99
95 99
96 99
97 99
98 99
99 99
100 99
101 100
102 100
103 100
104 100
105 100
106 100
107 100
108 100
109 100
110 100
111 100
112 100
113 101
114 101
115 101
116 101
117 102
118 102
119 102
120 103
121 103
122 104
123 104
124 105
125 105
126 106
127 106
128 107
129 108
130 108
131 109
132 109
133 110
134 111
135 111
136 112
137 113
138 113
139 114
140 115
141 115
142 116
143 117
144 117
145 118
146 119
147 119
148 120
149 120
150 121
151 121
152 122
153 122
154 122
155 123
156 123
157 123
158 123
159 123
160 123
161 123
162 123
163 123
164 122
165 122
166 122
167 122
168 121
169 121
170 121
171 120
172 120
173 120
174 120
175 119
176 119
177 119
178 119
179 119
180 118
181 118
182 118
183 118
184 118
185 117
186 117
187 117
188 116
189 116
190 116
191 115
192 115
193 114
194 114
195 113
196 113
197 112
198 111
199 110
200 110
201 109
202 108
203 107
204 106
205 105
206 104
207 103
208 102
209 101
210 100
211 99
212 98
212 97
213 96
214 95
215 94
216 93
217 92
218 91
219 90
