32 76
33 76
34 77
35 77
36 77
37 77
38 77
39 78
40 78
41 78
42 78
43 78
44 79
45 79
46 79
47 79
48 80
49 80
50 80
51 80
52 81
53 81
54 81
55 81
56 82
57 82
58 82
59 83
60 83
61 83
62 84
63 84
64 84
65 85
66 85
67 86
68 86
69 87
70 87
71 87
72 88
73 88
74 89
75 89
76 90
77 91
78 91
79 92
80 92
81 93
82 93
83 94
84 95
85 95
86 96
87 97
88 97
89 98
90 99
91 99
92 100
93 101
94 101
95 102
96 103
97 103
98 104
99 105
100 106
101 106
102 107
103 108
104 108
105 109
106 110
107 110
108 111
109 112
110 112
111 113
112 114
113 114
114 115
115 115
116 116
117 117
118 117
119 118
120 118
121 119
122 119
123 120
124 120
125 121
126 121
127 122
128 122
129 123
130 123
131 124
132 125
133 125
134 126
135 126
136 127
137 128
138 129
139 129
140 130
141 131
142 132
143 133
144 134
145 135
146 135
147 136
148 137
149 138
150 139
151 140
152 141
153 141
154 142
155 143
156 143
157 144
158 145
159 145
160 146
161 147
162 148
163 148
164 149
165 150
166 151
167 152
168 153
169 154
170 155
170 156
171 157
172 158
173 159
173 160
174 161
175 162
175 163
176 164
177 165
178 166
178 167
179 168
180 169
181 170
182 171
183 172
184 173
185 174
186 175
187 176
188 177
189 178
190 178
191 179
192 179
193 180
194 180
195 181
196 181
197 181
198 182
199 182
200 182
201 182
202 183
203 183
204 183
205 183
206 183
207 183
208 183
209 183
210 183
211 182
212 182
213 182
214 182
215 182
216 182
217 182
218 182
219 181
220 181
221 181
222 181
223 181
224 181
225 181
226 180
227 180
228 180
229 180
230 180
231 180
232 180
233 180
234 180
235 180
236 180
237 180
238 180
239 180
240 180
241 181
242 181
243 181
244 181
245 181
246 182
247 182
248 182
249 183
250 183
251 183
252 184
253 184
254 185
255 185
256 186
257 186
258 187
259 187
260 188
261 189
262 189
263 190
264 191
265 191
266 192
267 193
268 193
269 194
270 195
271 196
272 196
273 197
274 198
275 199
276 200
277 200
278 201
279 202
280 203
281 204
282 204
283 205
284 206
285 207
286 207
287 208
288 209
289 210
290 210
291 211
292 211
293 212
294 212
295 213
296 213
297 214
298 214
299 214
300 215
301 215
302 215
303 215
304 215
305 215
306 215
307 215
308 215
309 215
310 215
311 215
312 214
313 214
314 213
315 213
316 213
317 212
318 212
319 211
320 210
321 210
322 209
323 208
324 208
325 207
326 206
327 205
328 205
329 204
330 203
331 202
332 201
333 201
334 200
335 199
336 198
337 198
338 197
339 196
340 196
341 195
342 194
343 194
344 193
345 193
346 192
347 192
348 191
349 191
350 190
351 190
352 189
353 189
354 189
355 188
356 188
357 188
358 187
359 187
360 187
361 186
362 186
363 186
364 186
365 185
366 185
367 185
368 185
369 184
370 184
371 184
372 184
373 183
374 183
375 183
376 183
377 182
378 182
379 182
380 182
381 181
382 181
383 181
384 181
385 180
386 180
387 180
388 179
389 179
390 179
391 178
392 178
393 178
394 177
395 177
396 176
397 176
398 176
399 175
400 175
401 174
402 174
403 173
404 172
405 172
406 171
407 171
408 170
409 170
410 169
411 168
412 168
413 167
414 166
415 166
416 165
417 164
418 164
419 163
420 162
421 162
422 161
423 160
424 160
425 159
426 158
427 158
428 157
429 156
430 156
431 155
432 155
433 154
434 153
435 153
436 152
437 152
438 151
439 150
440 150
441 149
442 149
443 148
444 148
445 147
446 147
447 147
448 146
449 146
450 146
451 145
452 145
453 145
454 144
455 144
456 144
457 144
458 144
459 144
460 144
461 144
462 144
463 144
464 144
465 144
466 144
467 144
468 144
469 145
470 145
471 145
472 145
473 146
474 146
475 146
476 147
477 147
478 148
479 148
480 149
481 149
482 150
483 150
484 151
485 152
486 152
487 153
488 154
489 154
490 155
491 156
492 156
493 157
494 158
495 158
496 159
497 160
498 160
