22 19
23 20
23 21
23 22
23 23
23 24
24 25
24 26
24 27
24 28
25 29
25 30
25 31
25 32
26 33
26 34
26 35
26 36
27 37
27 38
27 39
27 40
28 41
28 42
28 43
28 44
29 45
29 46
29 47
29 48
30 49
30 50
30 51
30 52
31 53
31 54
31 55
32 56
32 57
32 58
32 59
33 60
33 61
33 62
34 63
34 64
34 65
35 66
35 67
35 68
36 69
36 70
36 71
37 72
37 73
37 74
38 75
38 76
38 77
39 78
39 79
39 80
40 81
40 82
41 83
41 84
41 85
42 86
42 87
43 88
43 89
44 90
44 91
45 92
45 93
46 94
46 95
47 96
47 97
48 98
48 99
49 100
49 101
50 102
50 103
51 104
51 105
52 106
53 107
53 108
54 109
54 110
55 111
56 112
56 113
57 114
58 115
58 116
59 117
60 118
61 119
61 120
62 121
63 122
64 123
64 124
65 125
66 126
67 127
68 128
69 129
69 130
70 131
71 132
72 133
73 134
74 135
75 136
76 137
77 138
78 139
79 140
80 141
81 141
82 142
83 143
84 144
85 145
86 145
87 146
88 147
89 147
90 148
91 149
92 149
93 150
94 151
95 151
96 152
97 152
98 153
99 153
100 154
101 154
102 155
103 155
104 156
105 156
106 157
107 157
108 158
109 158
110 159
111 159
112 160
113 160
114 160
115 161
116 161
117 162
118 162
119 163
120 163
121 164
122 164
123 164
124 165
125 165
126 166
127 166
128 166
129 167
130 167
131 167
132 168
133 168
134 168
135 169
136 169
137 169
138 170
139 170
140 170
141 170
142 171
143 171
144 171
145 171
146 171
147 172
148 172
149 172
150 172
151 172
152 172
153 172
154 173
155 173
156 173
157 173
158 173
159 173
160 173
161 173
162 173
163 173
164 173
165 173
166 173
167 173
168 173
169 173
170 173
171 173
172 172
173 172
174 172
175 172
176 172
177 172
178 171
179 171
180 171
181 171
182 171
183 170
184 170
185 170
186 170
187 169
188 169
189 169
190 169
191 168
192 168
193 168
194 167
195 167
196 167
197 166
198 166
199 166
200 165
201 165
202 165
203 164
204 164
205 164
206 163
207 163
208 163
209 162
210 162
211 162
212 162
