32 26
33 27
34 28
34 29
35 30
35 31
36 32
37 33
37 34
38 35
38 36
39 37
39 38
40 39
41 40
41 41
42 42
43 43
43 44
44 45
45 46
45 47
46 48
46 49
47 50
48 51
48 52
49 53
50 54
51 55
51 56
52 57
53 58
54 59
54 60
55 61
56 62
57 63
57 64
58 65
59 66
60 67
61 68
62 69
63 70
63 71
64 72
65 73
66 74
67 75
68 76
69 77
70 78
70 79
71 80
72 81
73 82
74 83
75 84
76 85
76 86
77 87
78 88
79 89
80 90
80 91
81 92
82 93
83 94
84 95
85 96
85 97
86 98
87 99
88 100
89 101
90 101
91 102
92 103
93 103
94 104
95 104
96 104
97 105
98 105
99 105
100 105
101 105
102 105
103 105
104 105
105 105
106 105
107 105
108 105
109 105
110 105
111 105
112 105
113 105
114 105
115 105
116 105
117 105
118 105
119 105
120 106
121 106
122 106
123 106
124 106
125 106
126 106
127 106
128 106
129 106
130 106
131 106
132 106
133 106
134 106
135 106
136 106
137 105
138 105
139 105
140 105
141 105
142 105
143 105
144 105
145 105
146 105
147 105
148 104
149 104
150 104
151 104
152 104
153 104
154 103
155 103
156 103
157 103
158 103
159 102
160 102
161 102
162 102
163 102
164 101
165 101
166 101
167 101
168 100
169 100
170 100
171 99
172 99
173 99
174 99
175 98
176 98
177 98
178 97
179 97
180 97
181 97
182 96
183 96
184 96
185 95
186 95
187 95
188 94
189 94
190 94
191 94
192 94
193 93
194 93
195 93
196 93
197 93
198 93
199 93
200 93
201 93
202 93
203 93
204 93
205 93
206 93
207 93
208 94
209 94
210 94
211 94
212 95
213 95
214 96
215 96
216 97
217 97
218 98
219 98
220 99
221 99
222 100
223 101
224 102
225 102
226 103
227 104
228 104
229 105
230 106
231 107
232 108
233 109
234 109
235 110
236 111
237 112
238 113
239 114
240 115
241 116
242 117
243 118
244 118
245 119
246 120
247 121
248 122
249 123
250 124
251 125
252 126
253 127
254 128
255 129
256 130
257 131
258 131
259 132
260 133
261 134
262 135
263 136
264 137
265 138
266 138
267 139
268 140
269 141
270 142
271 142
272 143
273 144
274 145
275 145
276 146
277 147
278 148
279 148
280 149
281 150
282 150
283 151
284 151
285 152
286 152
287 153
288 153
289 154
290 154
291 155
292 155
293 155
294 156
295 156
296 156
297 156
298 157
299 157
300 157
301 156
302 156
303 156
304 156
305 155
306 155
307 154
308 153
309 152
310 152
311 151
312 150
313 149
314 148
314 147
315 146
316 145
317 144
317 143
318 142
319 141
320 140
320 139
321 138
322 137
322 136
323 135
324 134
324 133
325 132
326 131
326 130
327 129
328 128
328 127
329 126
330 125
331 124
332 123
333 122
334 122
335 121
336 121
337 120
338 120
339 120
340 120
341 120
342 120
343 120
344 120
345 120
346 120
347 120
348 120
349 120
350 121
351 121
352 121
353 121
354 121
355 121
356 122
357 122
358 122
359 122
360 122
361 122
362 121
363 121
364 121
365 121
366 120
367 120
368 120
369 120
370 119
371 119
372 118
373 118
374 118
375 117
376 117
377 116
378 116
379 115
380 115
381 114
382 114
383 113
384 113
385 112
386 111
387 111
388 110
389 110
390 109
391 108
392 108
393 107
394 106
395 105
396 104
397 104
398 103
399 102
400 101
401 100
402 99
403 98
404 97
405 96
406 95
407 94
408 93
409 92
410 91
411 90
412 89
413 88
414 87
414 86
415 85
416 84
417 83
418 82
419 81
420 80
421 79
422 78
423 77
423 76
424 75
425 74
426 73
427 72
428 71
429 70
430 69
431 68
432 67
433 66
433 65
434 64
435 63
436 62
437 61
438 61
