27 48
28 49
29 50
30 51
31 52
31 53
32 54
33 55
34 56
34 57
35 58
36 59
37 60
37 61
38 62
39 63
39 64
40 65
41 66
41 67
42 68
43 69
43 70
44 71
45 72
45 73
46 74
47 75
47 76
48 77
49 78
50 79
51 80
52 81
53 81
54 82
55 82
56 82
57 83
58 83
59 84
60 85
61 86
61 87
62 88
63 89
64 90
65 91
66 92
67 93
68 93
69 93
70 93
71 93
72 92
73 92
74 91
75 91
76 90
77 89
78 89
79 88
80 87
81 86
82 85
83 84
84 84
85 83
86 82
87 81
88 80
89 79
90 78
91 78
92 77
93 76
94 75
95 74
96 74
97 73
98 72
99 71
100 71
101 70
102 69
103 68
104 68
105 67
106 67
107 66
108 65
109 65
110 64
111 64
112 63
113 63
114 62
115 62
116 62
117 61
118 61
119 61
120 60
121 60
122 60
123 60
124 60
125 60
126 60
127 60
128 60
129 60
130 60
131 60
132 60
133 60
134 60
135 61
136 61
137 61
138 62
139 62
140 63
141 63
142 64
143 64
144 65
145 65
146 66
147 67
148 67
149 68
150 69
151 70
152 70
153 71
154 72
155 73
156 74
157 75
158 76
159 76
160 77
161 78
162 79
163 80
164 81
165 82
166 83
167 84
168 84
169 85
170 86
171 87
172 88
173 88
174 89
175 90
176 90
177 91
178 91
179 92
180 92
181 93
182 93
183 93
184 94
185 94
186 94
187 95
188 95
189 95
190 96
191 96
192 96
193 96
194 97
195 97
196 97
197 98
198 98
199 98
200 98
201 98
202 98
203 99
204 99
205 99
206 98
207 98
208 98
209 98
210 97
211 97
212 97
213 96
214 95
215 95
216 94
217 94
218 93
219 92
220 91
221 91
222 90
223 89
224 89
