5 2
6 3
7 4
7 5
8 6
9 7
10 8
10 9
11 10
12 11
12 12
13 13
14 14
15 15
15 16
16 17
17 18
18 19
19 20
19 21
20 22
21 23
22 24
23 25
24 26
25 27
26 28
27 29
28 30
29 31
29 32
30 33
31 34
32 35
33 36
34 37
35 38
36 39
37 40
38 41
39 41
40 42
41 43
42 44
43 45
44 45
45 46
46 46
47 46
48 47
49 47
50 47
51 47
52 48
53 48
54 48
55 48
56 48
57 49
58 49
59 49
60 49
61 50
62 50
63 50
64 50
65 50
66 50
67 51
68 51
69 51
70 51
71 50
72 50
73 50
74 50
75 50
76 50
77 49
78 49
79 49
80 49
81 49
82 49
83 49
84 49
85 50
86 50
87 51
88 51
89 52
90 53
91 53
92 54
93 55
94 56
95 56
96 57
97 57
98 57
99 57
100 58
101 58
102 58
103 58
104 58
105 59
106 59
107 59
108 60
109 60
110 61
111 61
112 62
113 63
114 63
115 64
116 65
117 65
118 66
119 67
120 68
121 68
122 69
123 70
124 71
125 71
126 72
127 72
128 73
129 73
130 73
131 73
132 72
133 72
134 71
135 70
136 69
137 68
138 67
138 66
139 65
140 64
140 63
141 62
142 61
142 60
143 59
143 58
144 57
145 56
