15 8
16 9
16 10
16 11
17 12
17 13
17 14
18 15
18 16
19 17
19 18
19 19
20 20
20 21
20 22
21 23
21 24
21 25
22 26
22 27
22 28
23 29
23 30
23 31
24 32
24 33
24 34
25 35
25 36
25 37
26 38
26 39
26 40
27 41
27 42
27 43
28 44
28 45
28 46
29 47
29 48
30 49
30 50
31 51
31 52
32 53
32 54
33 55
34 56
34 57
35 58
36 59
37 60
38 61
39 62
40 62
41 63
42 63
43 63
44 63
45 62
46 62
47 61
48 61
49 61
50 60
51 60
52 59
53 59
54 58
55 58
56 57
57 57
58 56
59 56
60 56
61 56
62 55
63 55
64 55
65 55
66 55
67 55
68 55
69 55
70 55
71 55
72 55
73 55
74 55
75 55
76 54
77 54
78 54
79 54
80 54
81 54
82 53
83 53
84 53
85 53
86 53
87 53
88 52
89 52
90 52
91 52
92 52
93 52
94 53
95 53
96 53
97 53
98 53
99 53
100 53
101 53
102 54
103 54
104 54
105 54
106 54
107 54
108 55
109 55
110 55
111 55
112 55
113 56
114 56
115 56
116 56
117 56
118 56
119 56
120 56
121 56
122 57
123 57
124 57
125 57
126 56
127 56
128 56
129 56
130 56
131 56
132 56
133 56
134 55
135 55
136 55
137 55
138 55
139 54
140 54
141 54
142 54
143 54
144 53
145 53
146 53
147 53
148 52
149 52
150 51
151 51
152 50
153 49
154 48
155 47
156 46
157 45
158 44
159 43
160 42
161 41
162 40
163 39
164 39
165 39
166 39
167 39
168 39
169 40
170 40
171 41
172 42
173 42
174 43
175 44
176 45
177 46
177 47
178 48
179 49
180 50
180 51
181 52
182 53
183 54
183 55
184 56
185 57
186 58
187 59
188 60
189 60
190 61
191 62
192 62
193 63
194 63
195 64
196 64
197 64
198 65
199 65
200 65
201 65
202 65
203 66
204 66
205 66
206 66
207 66
208 66
209 66
210 66
211 66
212 66
213 66
214 66
215 66
