12 6
13 7
14 8
15 8
16 9
17 10
18 11
19 12
20 12
21 13
22 14
23 15
24 16
25 17
26 17
27 18
28 19
29 20
30 21
31 22
32 23
32 24
33 25
34 26
35 27
36 28
36 29
37 30
38 31
38 32
39 33
40 34
40 35
41 36
42 37
42 38
43 39
44 40
44 41
45 42
45 43
46 44
46 45
47 46
48 47
48 48
49 49
49 50
50 51
51 52
51 53
52 54
52 55
53 56
53 57
54 58
55 59
55 60
56 61
56 62
57 63
58 64
58 65
59 66
60 67
60 68
61 69
62 70
62 71
63 72
64 73
65 74
65 75
66 76
67 77
68 78
68 79
69 80
70 81
71 82
72 83
73 84
74 85
75 86
76 87
77 88
78 89
79 90
80 91
81 92
82 92
83 93
84 94
85 95
86 95
87 96
88 96
89 97
90 97
91 98
92 98
93 99
94 99
95 99
96 100
97 100
98 100
99 100
100 100
101 100
102 101
103 101
104 101
105 101
106 101
107 101
108 101
109 102
110 102
111 102
112 103
113 103
114 104
115 104
116 105
117 106
118 107
119 108
120 109
121 110
122 111
123 112
123 113
124 114
125 115
125 116
126 117
127 118
127 119
128 120
129 121
129 122
130 123
130 124
131 125
132 126
132 127
133 128
134 129
134 130
135 131
135 132
136 133
137 134
137 135
138 136
139 137
139 138
140 139
141 140
141 141
142 142
143 143
144 144
145 145
146 146
147 147
148 148
149 149
150 150
151 151
152 151
153 152
154 152
155 153
156 153
157 153
158 154
159 154
160 154
161 154
162 154
163 154
164 154
165 154
166 154
167 153
168 153
169 153
170 152
171 152
172 151
173 150
174 150
175 149
176 148
177 147
178 146
179 145
180 144
181 143
182 142
183 141
184 140
184 139
185 138
186 137
186 136
187 135
188 134
188 133
189 132
190 131
190 130
191 129
191 128
192 127
192 126
193 125
194 124
194 123
195 122
195 121
196 120
196 119
197 118
197 117
198 116
198 115
199 114
199 113
200 112
200 111
201 110
201 109
202 108
203 107
203 106
204 105
204 104
205 103
205 102
206 101
207 100
207 99
208 98
209 97
209 96
210 95
211 94
212 93
213 92
213 91
214 90
215 89
216 88
217 87
218 87
219 86
220 85
221 84
222 84
223 83
224 83
225 82
226 82
227 81
228 81
229 81
230 80
231 80
232 80
233 80
234 80
235 80
236 80
237 80
238 80
239 81
240 81
241 81
242 81
243 82
244 82
245 82
246 83
247 83
248 84
249 84
250 85
251 85
252 86
253 86
254 87
255 87
256 88
257 89
258 89
