18 63
19 64
19 65
20 66
21 67
22 68
22 69
23 70
23 71
24 72
25 73
26 74
26 75
27 76
27 77
28 78
29 79
29 80
30 81
31 82
31 83
32 84
33 85
34 86
34 87
35 88
36 89
36 90
37 91
38 92
38 93
39 94
40 95
40 96
41 97
42 98
43 99
43 100
44 101
45 102
45 103
46 104
47 105
48 106
48 107
49 108
50 109
51 110
51 111
52 112
53 113
54 114
54 115
55 116
56 117
57 118
58 119
58 120
59 121
60 122
61 123
62 124
63 125
63 126
64 127
65 128
66 129
67 130
68 131
69 132
70 133
71 134
72 135
73 136
74 137
75 138
76 139
77 140
78 141
79 142
80 143
81 144
82 145
83 146
84 147
85 147
86 148
87 149
88 149
89 150
90 150
91 151
92 151
93 151
94 152
95 152
96 152
97 151
98 151
99 151
100 151
101 150
102 150
103 150
104 149
105 149
106 148
107 148
108 148
109 147
110 147
111 146
112 146
113 146
114 146
115 145
116 145
117 145
118 145
119 144
120 144
121 144
122 144
123 144
124 144
125 143
126 143
127 143
128 143
129 143
130 143
131 142
132 142
133 142
134 142
135 141
136 141
137 141
138 140
139 140
140 140
141 139
142 139
143 138
144 138
145 137
146 137
147 136
148 136
149 135
150 135
151 134
152 134
153 133
154 133
155 133
156 132
157 132
158 132
159 132
160 132
161 131
162 131
163 131
164 132
165 132
166 132
167 132
168 132
169 132
170 133
171 133
172 134
173 134
174 135
175 135
176 136
177 136
178 137
179 137
180 138
181 138
182 139
183 139
184 140
185 140
186 140
187 141
188 141
189 141
190 141
191 141
192 141
193 141
194 141
195 141
196 141
197 141
198 140
199 140
200 140
201 139
202 139
203 139
204 138
205 138
206 137
207 136
208 136
209 135
210 134
211 134
212 133
213 132
214 131
215 130
216 129
217 128
218 127
219 126
220 125
221 124
221 123
222 122
223 121
224 120
225 119
226 118
226 117
227 116
228 115
229 114
230 113
230 112
231 111
232 110
233 109
234 108
235 107
236 106
237 105
237 104
238 103
239 102
240 101
241 100
242 99
243 98
244 98
245 97
246 96
247 95
248 94
249 93
250 93
251 92
252 91
253 90
254 90
255 89
256 88
257 88
258 87
259 86
260 86
261 85
262 85
263 84
264 84
265 83
266 83
267 82
268 82
269 81
270 81
271 81
272 80
273 80
274 80
275 79
276 79
277 79
278 79
279 78
280 78
281 78
282 78
283 78
284 78
285 78
286 78
287 78
288 78
289 78
290 78
291 78
292 78
293 78
294 78
295 79
296 79
297 79
298 79
299 80
300 80
301 80
302 81
303 81
304 81
305 82
306 82
307 82
308 83
309 83
310 84
311 84
312 84
313 85
314 85
315 86
316 86
317 86
318 87
319 87
320 87
321 88
322 88
323 88
324 89
325 89
326 89
327 89
328 90
329 90
330 90
331 90
332 91
333 91
334 91
335 91
336 91
337 91
338 91
339 92
340 92
341 92
342 92
343 92
344 92
345 92
346 92
347 93
348 93
349 93
350 93
351 93
352 93
353 93
354 93
355 93
356 93
357 94
358 94
359 94
360 94
361 94
362 94
363 94
364 94
365 95
366 95
367 95
368 95
369 95
370 95
371 96
372 96
373 96
374 96
375 96
376 97
377 97
378 97
379 98
380 98
381 98
382 99
383 99
384 100
385 100
386 100
387 101
388 101
389 102
390 102
391 103
392 104
393 104
394 105
395 105
396 106
397 106
398 107
399 108
400 108
401 109
402 109
403 110
404 111
405 111
406 112
407 112
408 113
409 113
410 114
411 114
412 115
413 115
414 116
415 116
416 117
417 117
418 117
419 118
420 118
421 118
422 118
423 119
424 119
425 119
426 119
427 119
428 120
429 120
430 120
431 120
432 120
433 120
434 120
435 120
436 120
437 120
438 120
439 120
440 120
441 120
442 120
443 120
444 120
445 120
446 120
447 119
448 119
449 119
450 119
451 119
452 119
453 119
454 119
455 119
456 119
457 118
458 118
459 118
460 118
461 118
462 118
463 118
464 118
465 118
466 118
467 118
468 118
469 118
470 118
471 118
472 118
473 118
474 118
475 118
476 118
477 118
478 118
479 118
480 118
481 118
482 118
483 118
484 118
485 118
486 118
487 118
488 118
489 118
490 118
491 118
492 118
493 118
494 118
495 118
496 118
497 117
498 117
499 117
500 117
501 116
502 116
503 116
504 115
505 115
506 114
507 114
508 113
509 112
510 112
511 111
512 111
513 110
514 109
515 109
516 108
517 107
518 106
519 106
520 105
521 104
522 103
523 103
524 102
525 101
526 100
527 100
528 99
529 98
530 97
531 97
532 96
533 95
534 94
535 94
536 93
537 92
538 92
539 91
540 91
541 90
542 89
543 89
544 88
545 88
546 87
547 87
548 86
549 86
550 86
551 85
552 85
553 85
554 85
555 84
556 84
557 84
558 84
559 84
560 84
561 84
562 84
563 84
564 84
565 84
566 85
567 85
568 85
569 85
570 86
571 86
572 87
573 87
574 88
575 88
576 89
577 90
578 90
579 91
580 92
581 93
582 94
583 95
584 96
585 97
586 98
587 99
588 100
589 101
590 102
590 103
591 104
592 105
593 106
593 107
594 108
595 109
596 110
596 111
597 112
598 113
598 114
599 115
599 116
600 117
601 118
601 119
602 120
603 121
603 122
604 123
604 124
605 125
606 126
606 127
607 128
607 129
608 130
608 131
609 132
610 133
610 134
611 135
611 136
612 137
