27 79
28 79
29 80
30 80
31 81
32 82
33 83
34 83
35 84
36 85
37 86
38 86
39 87
40 88
41 88
42 89
43 90
44 90
45 91
46 92
47 92
48 93
49 93
50 94
51 94
52 95
53 95
54 96
55 96
56 97
57 97
58 97
59 97
60 97
61 98
62 98
63 98
64 98
65 98
66 98
67 98
68 98
69 98
70 98
71 98
72 99
73 99
74 99
75 100
76 100
77 101
78 102
79 102
80 103
81 104
82 105
82 106
83 107
84 108
85 109
86 110
86 111
87 112
88 113
88 114
89 115
90 116
90 117
91 118
92 119
92 120
93 121
94 122
95 123
95 124
96 125
97 126
98 127
99 128
100 129
101 130
102 131
103 132
104 133
105 134
106 134
107 135
108 136
109 136
110 137
111 137
112 138
113 138
114 139
115 139
116 139
117 140
118 140
119 140
120 140
121 141
122 141
123 141
124 141
125 141
126 142
127 142
128 142
129 142
130 142
131 142
132 142
133 142
134 142
135 142
136 142
137 142
138 142
139 142
140 142
141 142
142 142
143 142
144 142
145 142
146 142
147 142
148 142
149 142
150 142
151 142
152 142
153 142
154 142
155 142
156 142
157 142
158 142
159 142
160 142
161 142
162 143
163 143
164 143
165 143
166 143
167 144
168 144
169 144
170 145
171 145
172 145
173 146
174 146
175 147
176 147
177 148
178 149
179 149
180 150
181 151
182 152
183 152
184 153
185 154
186 155
187 156
188 157
189 157
190 158
191 159
192 160
193 161
194 162
195 162
196 163
197 164
198 165
199 165
200 166
201 166
202 167
203 168
204 168
205 169
206 169
207 169
208 170
209 170
210 171
211 171
212 171
213 171
214 172
215 172
216 172
217 173
218 173
219 173
220 173
221 173
222 173
223 174
224 174
225 174
226 174
227 174
228 174
229 174
230 175
231 175
232 175
233 175
234 175
235 175
236 175
237 175
238 175
239 175
240 175
241 175
242 175
243 175
244 175
245 175
246 174
247 174
248 174
249 174
250 173
251 173
252 172
253 172
254 171
255 171
256 170
257 169
258 169
259 168
260 167
261 166
262 165
263 164
264 163
265 162
265 161
266 160
267 159
268 158
269 157
270 156
270 155
271 154
272 153
273 152
274 151
274 150
275 149
276 148
277 147
277 146
278 145
279 144
280 143
281 142
282 141
282 140
283 139
284 138
285 137
286 136
287 135
288 134
288 133
289 132
290 131
291 130
292 129
293 128
294 127
295 126
296 125
297 124
298 123
299 122
300 121
301 120
302 120
303 119
304 118
305 117
306 116
307 115
308 115
309 114
310 113
311 112
312 112
313 111
314 110
315 110
316 109
317 108
318 108
319 107
320 106
321 106
322 105
323 105
324 104
325 103
326 103
327 102
328 102
329 101
330 101
331 100
332 100
333 99
