27 54
28 54
29 54
30 54
31 55
32 55
33 55
34 56
35 56
36 56
37 57
38 57
39 57
40 57
41 58
42 58
43 58
44 59
45 59
46 59
47 59
48 60
49 60
50 60
51 61
52 61
53 61
54 61
55 62
56 62
57 62
58 63
59 63
60 63
61 63
62 64
63 64
64 64
65 64
66 65
67 65
68 65
69 65
70 66
71 66
72 66
73 66
74 67
75 67
76 67
77 67
78 67
79 67
80 68
81 68
82 68
83 68
84 68
85 69
86 69
87 69
88 69
89 70
90 70
91 70
92 71
93 71
94 72
95 73
96 73
97 74
98 74
99 75
100 76
101 77
102 77
103 78
104 79
105 80
106 81
107 81
108 82
109 83
110 84
111 85
112 85
113 86
114 87
115 88
116 88
117 89
118 90
119 90
120 91
121 92
122 92
123 93
124 93
125 94
126 94
127 94
128 95
129 95
130 95
131 95
132 96
133 96
134 96
135 96
136 96
137 96
138 96
139 96
140 95
141 95
142 95
143 95
144 95
145 94
146 94
147 94
148 93
149 93
150 93
151 93
152 92
153 92
154 91
155 91
156 91
157 90
158 90
159 90
160 89
161 89
162 88
163 88
164 88
165 87
166 87
167 86
168 86
169 86
170 85
171 85
172 84
173 84
174 84
175 83
176 83
177 82
178 82
179 82
180 81
181 81
182 80
183 80
184 80
185 79
186 79
187 78
188 78
189 78
190 77
191 77
192 76
193 76
194 76
195 75
196 75
197 74
198 74
199 74
200 73
201 73
202 72
203 72
204 72
205 71
206 71
207 70
208 70
209 69
210 69
211 68
212 68
213 67
214 67
215 66
216 66
217 65
218 65
219 64
220 63
221 63
222 62
223 62
224 61
225 61
226 60
227 60
228 59
229 59
230 58
231 57
232 57
233 56
234 56
235 55
236 55
237 55
238 54
239 54
240 53
241 53
242 52
243 52
244 51
245 51
246 50
247 50
248 49
249 49
250 48
251 48
252 47
253 47
254 46
255 46
256 45
257 45
258 44
259 44
260 43
261 43
262 42
263 42
264 41
265 41
266 40
267 40
268 39
269 39
270 39
271 39
272 38
273 38
274 38
275 38
276 38
277 39
278 39
279 40
280 41
281 42
282 43
282 44
283 45
283 46
284 47
284 48
285 49
285 50
286 51
286 52
287 53
287 54
287 55
288 56
288 57
289 58
289 59
289 60
290 61
290 62
291 63
291 64
291 65
292 66
292 67
293 68
293 69
293 70
294 71
294 72
295 73
295 74
296 75
296 76
297 77
297 78
298 79
298 80
299 81
299 82
300 83
300 84
301 85
302 86
303 87
303 88
304 89
305 90
306 91
307 92
308 92
309 93
310 94
311 94
312 95
313 95
314 96
315 96
316 97
317 97
318 97
319 97
320 97
321 97
322 98
323 98
324 98
325 98
326 98
327 98
328 98
329 97
330 97
331 97
332 97
333 97
334 97
335 97
336 97
337 96
338 96
339 96
340 96
341 96
342 95
343 95
344 95
345 95
346 95
347 95
348 94
349 94
350 94
351 94
352 94
353 93
354 93
355 93
356 93
357 93
358 93
359 92
360 92
361 92
362 92
363 92
364 92
365 92
366 92
367 92
368 92
369 92
370 91
371 91
372 91
373 91
374 91
375 91
376 91
377 91
378 91
379 91
380 92
381 92
382 92
383 92
384 92
385 92
386 92
387 92
388 92
389 93
390 93
391 93
392 93
393 93
394 94
395 94
396 94
397 94
398 94
399 95
400 95
401 95
402 95
403 95
404 96
405 96
406 96
407 96
408 96
409 96
410 96
411 96
412 96
413 96
414 96
415 97
416 97
417 96
418 96
419 96
420 96
421 96
422 96
423 96
424 96
425 96
426 96
427 96
428 96
429 96
430 96
431 96
432 96
433 96
434 96
435 96
436 96
437 96
438 96
439 96
440 96
441 96
442 96
443 96
444 97
445 97
446 97
447 97
448 97
449 97
450 97
451 97
452 97
453 97
454 97
455 97
456 97
457 98
458 98
459 98
460 98
461 98
462 98
463 98
464 98
465 98
466 99
467 99
468 99
469 99
470 99
471 99
472 100
473 100
474 100
475 100
476 101
477 101
478 101
479 102
480 102
481 102
482 103
483 103
484 104
485 105
486 105
487 106
488 107
489 107
490 108
491 109
492 110
493 111
494 112
495 113
496 114
497 115
498 116
499 117
500 118
501 119
502 120
503 121
504 122
505 123
506 124
507 125
508 126
509 127
510 128
511 129
511 130
512 131
513 132
514 133
515 134
516 135
516 136
517 137
518 138
519 139
519 140
520 141
521 142
521 143
522 144
522 145
523 146
524 147
524 148
525 149
526 150
526 151
527 152
527 153
528 154
529 155
529 156
530 157
530 158
531 159
531 160
532 161
533 162
533 163
534 164
535 165
535 166
536 167
536 168
537 169
538 170
539 171
539 172
540 173
541 174
542 175
543 176
544 177
545 178
546 179
547 180
548 181
549 182
550 182
551 183
552 184
553 184
554 185
555 185
556 185
557 185
558 186
559 186
560 186
561 185
562 185
563 185
564 184
565 184
566 183
567 183
568 182
569 181
570 180
571 179
572 178
573 177
573 176
574 175
575 174
576 173
576 172
577 171
577 170
578 169
579 168
579 167
580 166
580 165
581 164
581 163
582 162
582 161
583 160
583 159
584 158
584 157
585 156
585 155
585 154
586 153
586 152
587 151
587 150
588 149
588 148
588 147
589 146
589 145
590 144
590 143
591 142
591 141
591 140
592 139
592 138
593 137
593 136
593 135
594 134
