5 11
6 12
6 13
7 14
7 15
8 16
9 17
9 18
10 19
11 20
11 21
12 22
13 23
14 23
15 24
16 24
17 25
18 24
19 24
20 24
21 24
22 23
23 23
24 22
25 22
26 21
27 21
28 21
29 20
30 20
31 19
32 19
33 18
34 18
35 17
36 17
37 17
38 16
39 16
40 16
41 15
42 15
43 15
44 15
45 14
46 14
47 14
48 14
49 14
50 14
51 13
52 13
53 13
54 13
55 13
56 13
57 13
58 14
59 14
60 14
61 14
62 14
63 15
64 15
65 16
66 16
67 17
68 17
69 18
70 18
71 19
72 20
73 20
74 21
75 22
76 22
77 23
78 24
79 25
80 26
81 27
82 28
83 29
84 30
85 31
86 32
87 33
88 34
89 35
90 36
91 37
92 38
92 39
93 40
94 41
95 42
96 43
96 44
97 45
98 46
99 47
99 48
100 49
101 50
102 51
102 52
103 53
104 54
105 55
106 56
106 57
107 58
108 59
109 60
110 61
111 62
112 63
112 64
113 65
114 66
115 67
116 68
