22 68
22 67
23 66
24 66
25 65
26 65
27 64
28 64
29 63
30 63
31 62
32 62
33 61
34 61
35 61
36 60
37 60
38 60
39 60
40 60
41 60
42 59
43 59
44 59
45 59
46 59
47 60
48 60
49 60
50 60
51 60
52 61
53 61
54 61
55 62
56 62
57 62
58 63
59 64
60 64
61 65
62 66
63 66
64 67
65 68
66 69
67 70
68 71
69 72
70 73
71 74
72 75
73 76
73 77
74 78
75 79
76 80
76 81
77 82
78 83
79 84
79 85
80 86
81 87
81 88
82 89
83 90
83 91
84 92
85 93
85 94
86 95
87 96
87 97
88 98
89 99
89 100
90 101
91 102
91 103
92 104
93 105
93 106
94 107
95 108
95 109
96 110
97 111
97 112
98 113
99 114
100 115
100 116
101 117
102 118
103 119
104 120
104 121
105 122
106 123
107 124
108 125
109 126
110 127
111 128
112 129
113 130
114 131
115 132
116 133
117 134
118 134
119 135
120 136
121 137
122 138
123 138
124 139
125 140
126 140
127 141
128 142
129 142
130 143
131 143
132 144
133 144
134 145
135 145
136 146
137 146
138 147
139 147
140 148
141 148
142 149
143 149
144 149
145 150
146 150
147 150
148 151
149 151
150 151
151 151
152 152
153 152
154 152
155 153
156 153
157 153
158 153
159 153
160 154
161 154
162 154
163 154
164 154
165 155
166 155
167 155
168 155
169 155
170 156
171 156
