16 3
17 3
18 4
19 5
20 5
21 6
22 6
23 7
24 8
25 8
26 9
27 10
28 10
29 11
30 12
31 12
32 13
33 14
34 15
35 16
36 17
37 18
38 18
39 19
40 20
40 21
41 22
42 23
43 24
44 25
45 26
46 27
47 28
47 29
48 30
49 31
50 32
50 33
51 34
52 35
53 36
53 37
54 38
55 39
55 40
56 41
56 42
57 43
58 44
58 45
59 46
59 47
60 48
61 49
61 50
62 51
62 52
63 53
63 54
64 55
64 56
65 57
65 58
66 59
66 60
67 61
67 62
68 63
68 64
69 65
69 66
70 67
70 68
71 69
71 70
72 71
72 72
73 73
73 74
74 75
74 76
75 77
75 78
76 79
76 80
77 81
77 82
78 83
78 84
79 85
79 86
80 87
80 88
81 89
81 90
82 91
82 92
83 93
83 94
84 95
84 96
85 97
86 98
86 99
87 100
88 101
88 102
89 103
90 104
90 105
91 106
92 107
92 108
93 109
94 110
95 111
96 112
97 113
98 114
99 115
100 116
101 117
102 118
103 118
104 119
105 119
106 120
107 120
108 119
109 119
110 118
111 117
112 116
113 115
114 114
115 113
115 112
116 111
117 110
117 109
118 108
118 107
119 106
120 105
120 104
121 103
122 102
123 101
124 100
125 99
126 98
127 98
128 97
129 97
130 97
131 97
132 97
133 97
134 98
135 98
136 98
137 98
138 99
139 99
140 99
141 100
142 100
143 100
144 100
145 100
146 100
147 100
148 100
149 100
150 100
151 100
152 100
153 99
154 99
155 99
156 99
157 99
158 99
159 98
160 98
161 98
162 98
163 97
164 97
165 97
166 97
167 96
168 96
169 96
170 96
171 96
172 95
173 95
174 95
175 95
176 95
177 95
178 95
179 95
180 95
181 95
182 96
183 96
184 96
185 97
186 97
187 97
188 98
189 99
190 99
191 100
192 101
193 101
194 102
195 103
196 104
197 105
198 106
199 107
200 108
201 109
202 110
203 111
204 112
205 113
205 114
206 115
207 116
208 117
209 118
209 119
210 120
211 121
212 122
213 123
213 124
214 125
215 126
216 127
217 128
217 129
218 130
219 131
220 132
221 133
222 134
223 135
224 136
225 136
226 137
227 138
228 138
229 139
230 139
231 139
232 140
233 140
234 140
235 139
236 139
237 139
238 138
239 138
240 137
241 136
242 136
243 135
244 134
245 133
246 133
247 132
248 131
249 130
250 129
251 128
252 128
253 127
254 126
255 125
256 124
257 123
258 122
259 122
260 121
261 120
262 119
263 118
264 118
265 117
266 116
267 116
268 115
269 114
270 114
271 113
272 112
273 112
274 111
275 111
276 110
277 109
278 109
279 108
280 108
281 107
282 107
283 106
284 106
285 105
286 105
287 105
288 104
289 104
290 103
291 103
292 102
