35 37
36 38
37 38
38 39
39 39
40 40
41 40
42 41
43 41
44 42
45 42
46 43
47 44
48 44
49 45
50 45
51 45
52 46
53 46
54 47
55 47
56 48
57 48
58 49
59 49
60 50
61 50
62 51
63 51
64 51
65 52
66 52
67 53
68 53
69 53
70 54
71 54
72 54
73 55
74 55
75 55
76 56
77 56
78 56
79 56
80 57
81 57
82 57
83 57
84 58
85 58
86 58
87 58
88 58
89 59
90 59
91 59
92 59
93 59
94 59
95 59
96 60
97 60
98 60
99 60
100 60
101 60
102 60
103 60
104 60
105 60
106 60
107 60
108 61
109 61
110 61
111 61
112 61
113 61
114 61
115 61
116 61
117 61
118 61
119 61
120 61
121 61
122 61
123 61
124 61
125 61
126 61
127 61
128 61
129 61
130 61
131 61
132 61
133 61
134 61
135 61
136 61
137 62
138 62
139 62
140 62
141 62
142 62
143 62
144 62
145 62
146 62
147 63
148 63
149 63
150 63
151 63
152 63
153 64
154 64
155 64
156 64
157 64
158 65
159 65
160 65
161 65
162 65
163 66
164 66
165 66
166 67
167 67
168 67
169 67
170 68
171 68
172 68
173 68
174 69
175 69
176 69
177 70
178 70
179 70
180 70
181 71
182 71
183 71
184 72
185 72
186 72
187 73
188 73
189 73
190 73
191 74
192 74
193 74
194 75
195 75
196 75
197 75
198 76
199 76
200 76
201 76
202 77
203 77
204 77
205 77
206 78
207 78
208 78
209 78
210 79
211 79
212 79
213 79
214 79
215 80
216 80
217 80
218 80
219 80
220 81
221 81
222 81
223 81
224 81
225 82
226 82
227 82
228 82
229 82
230 82
231 83
232 83
233 83
234 83
235 83
236 84
237 84
238 84
239 84
240 84
241 84
242 85
243 85
244 85
245 85
246 85
247 86
248 86
249 86
250 86
251 86
252 87
253 87
254 87
255 87
256 88
257 88
258 88
259 88
260 88
261 89
262 89
263 89
264 89
265 90
266 90
267 90
268 90
269 91
270 91
271 91
272 91
273 91
274 92
275 92
276 92
277 92
278 92
279 92
280 93
281 93
282 93
283 93
284 93
285 94
286 94
287 94
288 94
289 94
290 95
291 95
292 95
293 96
294 96
295 96
296 97
297 97
298 97
299 98
300 98
301 99
302 100
303 100
304 101
305 102
306 102
307 103
308 104
309 104
310 105
311 106
312 106
313 107
314 108
315 108
316 109
317 110
318 110
319 111
320 111
321 112
322 112
323 113
324 113
325 114
326 114
327 115
328 115
329 115
330 116
331 116
332 116
333 117
334 117
335 117
336 117
337 118
338 118
339 118
340 118
341 119
342 119
343 119
344 119
345 119
346 120
347 120
348 120
349 120
350 120
351 121
352 121
353 121
354 121
355 122
356 122
357 122
358 122
359 122
360 123
361 123
362 123
363 123
364 124
365 124
366 124
367 124
368 125
369 125
370 125
371 126
372 126
373 126
374 127
375 127
376 127
377 128
378 128
379 128
380 129
381 129
382 130
383 130
384 131
385 131
386 131
387 132
388 132
389 133
390 133
391 134
392 134
393 135
394 136
395 136
396 137
397 137
398 138
399 138
400 139
401 140
402 140
403 141
404 141
405 142
406 143
407 143
408 144
409 144
410 145
411 145
412 146
413 146
414 147
415 147
416 148
417 148
418 149
419 149
420 149
421 150
422 150
423 151
424 151
425 151
426 151
427 152
428 152
429 152
430 153
431 153
432 153
433 153
434 154
435 154
436 154
437 154
438 154
439 155
440 155
441 155
442 155
443 155
444 155
445 156
446 156
447 156
448 156
449 156
450 156
451 156
452 156
453 156
454 157
455 157
456 157
457 157
458 157
459 157
460 157
461 157
462 157
463 158
464 158
465 158
466 158
467 158
468 158
469 158
470 159
471 159
472 159
473 159
474 159
475 159
476 160
477 160
478 160
479 160
480 161
481 161
482 161
483 161
484 162
485 162
486 162
487 163
488 163
489 164
490 164
491 164
492 165
493 165
494 166
495 166
496 166
497 167
498 167
499 168
500 168
501 169
502 169
503 170
504 170
505 171
506 171
507 172
508 172
509 173
510 174
511 174
512 175
513 175
514 176
515 176
516 177
517 177
518 178
519 178
520 179
521 180
522 180
523 181
524 181
525 182
526 182
527 183
528 183
529 184
530 184
531 185
532 185
533 186
534 186
535 187
536 187
537 188
538 188
539 188
540 189
541 189
542 189
543 189
544 189
545 190
546 190
547 190
548 190
549 190
550 190
551 189
552 189
553 189
554 188
555 188
556 188
557 187
558 187
559 186
560 185
561 185
562 184
563 183
564 182
565 182
566 181
567 180
568 179
569 178
570 177
571 176
572 175
573 174
574 173
575 172
576 171
577 170
578 169
579 168
580 167
581 166
582 165
583 164
583 163
584 162
585 161
586 160
587 159
588 158
589 157
590 156
591 155
592 154
593 153
594 152
594 151
595 150
596 149
597 148
598 147
599 146
600 145
601 144
602 143
603 143
604 142
605 141
606 140
607 139
608 138
609 137
610 136
611 135
612 135
613 134
614 133
615 132
616 132
617 131
618 130
619 130
620 129
621 128
622 128
623 127
624 126
625 126
626 125
627 124
628 124
629 123
630 123
631 122
632 121
633 121
634 120
635 120
636 119
637 118
638 118
639 117
640 117
641 116
642 115
643 115
644 114
645 113
646 113
647 112
648 111
649 111
650 110
651 109
652 109
653 108
654 107
655 106
656 106
657 105
658 104
659 103
660 103
661 102
662 101
663 100
664 99
665 98
666 97
667 97
668 96
669 95
670 94
671 93
672 92
673 91
674 91
675 90
676 89
677 88
678 87
679 86
680 85
681 85
682 84
683 83
684 82
685 81
686 81
687 80
688 79
689 79
690 78
691 77
692 77
693 76
694 75
695 75
696 74
697 74
698 73
699 73
700 72
701 72
702 71
703 71
704 70
705 70
706 69
707 69
708 69
709 68
710 68
711 68
712 67
713 67
714 67
715 66
716 66
717 66
718 66
719 66
720 65
721 65
722 65
723 65
724 65
725 65
726 64
727 64
728 64
729 64
730 64
731 64
732 64
733 64
734 64
735 64
736 64
737 64
738 64
739 64
740 64
741 64
742 64
743 65
744 65
745 65
746 65
747 65
748 65
749 66
750 66
751 66
752 66
753 67
754 67
755 67
756 68
757 68
758 69
759 69
760 70
761 70
762 71
763 71
764 72
765 73
766 73
767 74
768 75
769 76
770 76
771 77
772 78
773 79
774 80
775 81
775 82
776 83
777 84
778 85
779 86
780 87
780 88
781 89
782 90
783 91
783 92
784 93
785 94
786 95
787 96
787 97
788 98
789 99
790 100
790 101
791 102
792 103
793 104
794 105
794 106
795 107
796 108
797 109
798 110
798 111
799 112
800 113
801 114
802 115
803 116
803 117
