8 4
9 5
10 6
10 7
11 8
12 9
13 10
13 11
14 12
15 13
16 14
16 15
17 16
18 17
19 18
19 19
20 20
21 21
22 22
22 23
23 24
24 25
25 26
25 27
26 28
27 29
28 30
28 31
29 32
30 33
31 34
32 35
32 36
33 37
34 38
35 39
35 40
36 41
37 42
38 43
39 44
39 45
40 46
41 47
42 48
43 49
43 50
44 51
45 52
46 53
47 54
47 55
48 56
49 57
50 58
51 59
51 60
52 61
53 62
54 63
54 64
55 65
56 66
57 67
58 68
58 69
59 70
60 71
61 72
61 73
62 74
63 75
64 76
64 77
65 78
66 79
67 80
68 81
69 82
69 83
70 84
71 85
72 86
73 87
74 88
75 89
76 90
77 91
78 91
79 92
80 93
81 94
82 94
83 95
84 95
85 95
86 96
87 96
88 96
89 97
90 97
91 97
92 97
93 97
94 97
95 96
96 96
97 96
98 96
99 95
100 95
101 95
102 94
103 94
104 94
105 93
106 93
107 93
108 92
109 92
110 91
111 91
112 91
113 90
114 90
115 90
116 90
117 89
118 89
119 89
120 89
121 89
122 89
123 89
124 88
125 88
126 88
127 88
128 88
129 88
130 88
131 88
132 88
133 88
134 88
135 88
136 88
137 88
138 88
139 88
140 88
141 87
142 87
143 87
144 86
145 86
146 86
147 85
148 84
149 84
150 83
151 82
152 81
153 81
154 80
155 79
156 78
156 77
157 76
158 75
159 74
160 73
161 72
161 71
162 70
163 69
164 68
164 67
165 66
166 65
166 64
167 63
168 62
168 61
169 60
170 59
170 58
171 57
171 56
172 55
173 54
173 53
174 52
174 51
175 50
176 49
176 48
177 47
177 46
178 45
178 44
179 43
