20 68
21 69
21 70
22 71
23 72
23 73
24 74
25 75
26 76
26 77
27 78
28 79
28 80
29 81
30 82
30 83
31 84
32 85
33 86
33 87
34 88
35 89
36 90
36 91
37 92
38 93
39 94
40 95
40 96
41 97
42 98
43 99
44 100
45 101
46 102
47 103
48 104
49 105
50 105
51 106
52 107
53 107
54 108
55 109
56 109
57 110
58 110
59 110
60 111
61 111
62 111
63 111
64 111
65 111
66 111
67 111
68 111
69 111
70 111
71 110
72 110
73 110
74 109
75 109
76 108
77 108
78 107
79 107
80 106
81 106
82 105
83 104
84 104
85 103
86 103
87 102
88 102
89 101
90 100
91 100
92 100
93 99
94 99
95 98
96 98
97 97
98 97
99 97
100 96
101 96
102 96
103 96
104 96
105 95
106 95
107 95
108 95
109 95
110 95
111 95
112 96
113 96
114 96
115 96
116 96
117 97
118 97
119 98
120 98
121 98
122 99
123 100
124 100
125 101
126 101
127 102
128 103
129 103
130 104
131 105
132 106
133 106
134 107
135 108
136 109
137 110
138 111
139 111
140 112
141 113
142 114
143 115
144 116
145 117
146 118
147 118
148 119
149 120
150 121
151 122
152 123
153 124
154 124
155 125
156 126
157 127
158 127
159 128
160 128
161 129
162 130
163 130
164 131
165 131
166 132
167 132
168 133
169 133
170 134
171 135
172 135
173 136
174 137
175 137
176 138
177 139
178 140
179 141
180 142
181 143
182 144
183 144
184 145
185 146
186 147
187 148
188 149
189 150
190 151
191 151
192 152
193 153
194 153
195 154
196 154
197 155
198 156
199 156
200 156
201 157
202 157
203 158
204 158
205 158
206 159
207 159
208 159
209 159
210 160
211 160
212 160
213 160
214 160
215 161
216 161
217 161
218 161
219 161
220 161
221 161
222 161
223 161
224 161
225 161
226 161
227 161
228 161
229 161
230 161
231 161
232 160
233 160
234 160
235 160
236 160
237 160
238 160
239 160
240 160
241 159
242 159
243 159
244 159
245 159
246 159
247 159
248 158
249 158
250 158
251 158
252 158
253 158
254 158
255 158
256 157
257 157
258 157
259 157
260 157
261 157
262 157
263 157
264 156
265 156
266 156
267 156
268 156
269 156
270 155
271 155
272 155
273 155
274 154
275 154
276 153
277 153
278 152
279 152
280 151
281 150
282 150
283 149
284 148
285 147
286 146
287 145
288 144
289 143
290 142
291 141
292 140
292 139
293 138
294 137
295 136
296 135
296 134
297 133
298 132
299 131
299 130
300 129
301 128
302 127
303 126
304 125
304 124
305 123
306 122
307 121
308 120
308 119
309 118
310 117
311 116
312 115
312 114
313 113
314 112
315 111
316 110
316 109
317 108
318 107
319 106
320 105
320 104
321 103
322 102
323 101
324 100
325 99
326 98
326 97
327 96
328 95
329 94
330 94
331 93
332 92
333 91
334 90
335 90
336 89
337 88
338 88
339 87
340 87
341 86
342 86
343 86
344 85
345 85
346 85
347 85
348 84
349 84
350 84
351 84
352 84
353 84
354 83
355 83
356 83
357 83
358 83
359 83
360 83
361 84
362 84
363 84
364 84
365 84
366 84
367 85
368 85
369 85
370 85
371 86
372 86
373 86
374 87
375 87
376 87
377 88
378 88
379 89
380 89
381 89
382 90
383 90
384 91
385 91
386 91
387 92
388 92
389 93
390 93
391 94
392 94
393 94
394 95
395 95
396 95
397 96
398 96
399 96
400 97
401 97
402 97
403 98
404 98
405 98
406 98
407 99
408 99
409 99
410 99
411 100
412 100
413 100
414 101
415 101
416 101
417 101
418 102
419 102
420 102
421 103
422 103
423 103
424 104
425 104
426 105
427 105
428 106
429 106
430 107
431 107
432 108
433 108
434 109
435 109
436 110
437 111
438 111
439 112
440 112
441 113
442 114
443 114
444 115
445 115
446 116
447 117
448 117
449 118
450 118
451 119
452 119
453 120
454 121
455 121
456 122
457 122
458 122
459 123
460 123
461 124
462 124
463 124
464 125
465 125
466 125
467 125
468 126
469 126
470 126
471 126
472 126
473 126
474 127
475 127
476 127
477 127
478 127
479 126
480 126
481 126
482 126
483 126
484 126
485 125
486 125
487 125
488 124
489 124
490 123
491 123
492 122
493 122
494 121
495 120
496 120
497 119
498 118
499 117
500 117
501 116
502 115
503 114
504 113
505 112
506 111
507 110
508 109
509 109
510 108
511 107
512 106
513 105
514 104
515 103
516 102
517 101
518 100
519 99
520 98
521 97
522 96
523 96
524 95
525 94
526 93
527 93
528 92
529 91
530 91
531 90
532 90
533 89
534 89
535 88
536 88
537 88
538 87
539 87
540 87
541 87
542 87
543 87
544 88
545 88
546 88
547 89
548 89
549 90
550 91
551 91
552 92
553 93
554 94
555 95
556 96
557 97
558 98
559 99
560 100
561 101
562 102
563 103
564 104
565 105
566 106
567 107
568 108
569 109
570 110
571 111
572 112
573 113
574 114
575 115
576 116
577 117
578 118
579 118
580 119
581 120
582 120
583 121
584 122
585 122
586 123
587 123
588 123
589 124
590 124
591 124
592 124
593 124
594 124
595 125
596 124
597 124
598 124
599 124
600 124
601 124
602 124
603 124
604 124
605 124
606 124
607 124
608 124
609 124
610 124
611 124
612 124
613 125
614 125
615 125
616 125
617 126
618 126
619 127
620 127
621 128
622 128
623 129
624 129
625 130
626 130
627 131
628 132
