33 31
33 32
34 33
35 34
35 35
36 36
36 37
37 38
37 39
38 40
38 41
39 42
39 43
40 44
40 45
41 46
42 47
42 48
43 49
43 50
44 51
44 52
45 53
46 54
46 55
47 56
47 57
48 58
48 59
49 60
50 61
50 62
51 63
52 64
52 65
53 66
54 67
54 68
55 69
56 70
56 71
57 72
58 73
59 74
59 75
60 76
61 77
62 78
63 79
63 80
64 81
65 82
66 83
66 84
67 85
68 86
69 87
70 88
70 89
71 90
72 91
72 92
73 93
74 94
74 95
75 96
76 97
76 98
77 99
77 100
78 101
79 102
79 103
80 104
80 105
81 106
82 107
82 108
83 109
83 110
84 111
85 112
85 113
86 114
86 115
87 116
88 117
88 118
89 119
89 120
90 121
90 122
91 123
92 124
92 125
93 126
93 127
94 128
95 129
95 130
96 131
96 132
97 133
98 134
99 135
99 136
100 137
101 138
102 139
102 140
103 141
104 142
105 143
106 143
107 144
108 145
109 145
110 146
111 146
112 146
113 145
114 145
115 145
116 144
117 143
118 142
119 141
120 140
121 139
122 138
123 137
124 136
125 135
125 134
126 133
127 132
128 131
129 130
130 129
131 128
132 127
133 126
134 125
135 125
136 124
137 124
138 123
139 123
140 123
141 122
142 122
143 122
144 122
145 122
146 122
147 122
148 122
149 122
150 122
151 122
152 122
153 123
154 123
155 123
156 123
157 124
158 124
159 124
160 125
161 125
162 126
163 126
164 127
165 127
166 128
167 128
168 129
169 129
170 130
171 131
172 131
173 132
174 133
175 133
176 134
177 135
178 136
179 136
180 137
181 138
182 139
183 140
184 141
185 141
186 142
187 143
188 144
189 145
190 146
191 147
191 148
192 149
193 150
194 151
195 152
196 153
197 154
197 155
198 156
199 157
200 158
200 159
201 160
202 161
202 162
203 163
204 164
205 165
205 166
206 167
207 168
207 169
208 170
209 171
209 172
210 173
211 174
211 175
212 176
213 177
214 178
214 179
215 180
216 181
217 182
218 183
219 184
220 185
221 186
222 187
223 188
224 189
225 189
226 190
227 191
228 191
229 192
230 192
231 193
232 193
233 193
234 194
235 194
236 194
237 194
238 194
239 194
240 195
241 195
242 195
243 194
244 194
245 194
246 194
247 194
248 194
249 193
250 193
251 192
252 192
253 192
254 191
255 191
256 190
257 189
258 189
259 188
260 187
261 187
262 186
263 185
264 184
265 183
266 183
267 182
268 181
269 180
270 179
271 178
272 177
273 177
274 176
275 175
276 174
277 173
278 172
279 171
280 170
281 169
282 169
283 168
284 167
285 166
286 165
287 165
288 164
289 163
290 162
291 161
292 160
293 159
294 159
295 158
296 157
297 156
298 155
298 154
299 153
300 152
301 151
302 150
302 149
303 148
304 147
304 146
305 145
306 144
307 143
307 142
308 141
309 140
309 139
310 138
311 137
311 136
312 135
313 134
314 133
315 132
316 131
317 130
318 129
319 128
320 127
321 126
322 125
323 125
324 124
