19 60
20 60
21 61
22 61
23 61
24 62
25 62
26 62
27 62
28 63
29 63
30 63
31 63
32 64
33 64
34 64
35 64
36 65
37 65
38 65
39 65
40 65
41 66
42 66
43 66
44 66
45 66
46 66
47 66
48 67
49 67
50 67
51 67
52 67
53 67
54 67
55 67
56 67
57 67
58 67
59 67
60 67
61 67
62 67
63 66
64 66
65 66
66 66
67 66
68 65
69 65
70 65
71 65
72 64
73 64
74 64
75 63
76 63
77 63
78 62
79 62
80 61
81 61
82 61
83 60
84 60
85 59
86 59
87 59
88 58
89 58
90 57
91 57
92 57
93 56
94 56
95 56
96 55
97 55
98 55
99 55
100 55
101 54
102 54
103 54
104 54
105 54
106 54
107 54
108 54
109 54
110 54
111 54
112 54
113 54
114 55
115 55
116 55
117 55
118 55
119 56
120 56
121 56
122 57
123 57
124 57
125 58
126 58
127 58
128 59
129 59
130 60
131 60
132 61
133 61
134 62
135 62
136 63
137 63
138 64
139 64
140 65
141 66
142 66
143 67
144 68
145 68
146 69
147 70
148 71
149 71
150 72
151 73
152 74
153 75
154 76
155 76
156 77
157 78
158 79
159 80
160 81
161 82
162 83
163 84
164 85
165 86
166 87
167 88
168 89
169 90
170 91
171 92
172 93
173 94
174 95
175 96
176 97
177 98
178 99
179 100
180 101
180 102
181 103
182 104
183 105
184 106
185 107
186 108
186 109
187 110
188 111
189 112
189 113
190 114
191 115
192 116
193 117
193 118
194 119
195 120
196 121
196 122
197 123
198 124
199 125
200 126
200 127
201 128
202 129
203 130
204 131
205 132
206 133
207 134
208 135
209 136
210 137
211 137
212 138
213 139
214 139
215 140
216 140
217 141
218 141
219 142
220 142
221 142
222 142
223 142
224 142
225 142
226 142
227 142
228 142
229 142
230 142
231 141
232 141
233 141
234 140
235 140
236 140
237 139
238 139
239 138
240 137
241 137
242 136
243 136
244 135
245 134
246 134
247 133
248 132
249 131
250 131
251 130
252 129
253 128
254 127
255 127
256 126
257 125
258 124
259 123
260 122
261 121
262 120
263 119
264 118
265 117
266 116
267 115
268 114
269 113
270 112
271 111
272 110
273 109
274 108
275 107
276 106
277 105
278 104
279 103
280 102
281 101
282 100
283 99
