39 31
39 32
40 33
40 34
41 35
42 36
42 37
43 38
43 39
44 40
45 41
45 42
46 43
46 44
47 45
47 46
48 47
49 48
49 49
50 50
51 51
51 52
52 53
52 54
53 55
54 56
54 57
55 58
56 59
56 60
57 61
58 62
58 63
59 64
60 65
61 66
61 67
62 68
63 69
64 70
64 71
65 72
66 73
67 74
67 75
68 76
69 77
70 78
71 79
72 80
72 81
73 82
74 83
75 84
76 85
77 86
78 87
79 88
79 89
80 90
81 91
82 92
83 93
84 94
85 95
86 96
86 97
87 98
88 99
89 100
90 101
91 102
91 103
92 104
93 105
94 106
95 107
95 108
96 109
97 110
98 111
99 112
99 113
100 114
101 115
102 116
103 117
104 118
105 119
106 120
107 121
108 121
109 122
110 123
111 123
112 124
113 124
114 124
115 125
116 125
117 125
118 125
119 125
120 125
121 125
122 125
123 125
124 125
125 125
126 125
127 125
128 125
129 125
130 125
131 125
132 125
133 125
134 125
135 125
136 125
137 125
138 126
139 126
140 126
141 126
142 126
143 126
144 126
145 126
146 126
147 126
148 126
149 126
150 126
151 126
152 126
153 126
154 126
155 126
156 126
157 126
158 126
159 126
160 126
161 126
162 126
163 126
164 126
165 126
166 126
167 125
168 125
169 125
170 125
171 125
172 125
173 125
174 125
175 125
176 125
177 124
178 124
179 124
180 124
181 124
182 124
183 123
184 123
185 123
186 123
187 123
188 122
189 122
190 122
191 122
192 122
193 121
194 121
195 121
196 121
197 120
198 120
199 120
200 120
201 119
202 119
203 119
204 119
205 118
206 118
207 118
208 117
209 117
210 117
211 117
212 116
213 116
214 116
215 115
216 115
217 115
218 114
219 114
220 114
221 114
222 113
223 113
224 113
225 112
226 112
227 112
228 112
229 112
230 111
231 111
232 111
233 111
234 111
235 111
236 111
237 111
238 110
239 110
240 110
241 111
242 111
243 111
244 111
245 111
246 111
247 111
248 112
249 112
250 112
251 113
252 113
253 113
254 114
255 114
256 115
257 115
258 116
259 116
260 117
261 117
262 118
263 118
264 119
265 120
266 120
267 121
268 122
269 123
270 123
271 124
272 125
273 126
274 126
275 127
276 128
277 129
278 130
279 131
280 132
281 132
282 133
283 134
284 135
285 136
286 137
287 138
288 139
289 140
290 141
291 142
292 143
293 143
294 144
295 145
296 146
297 147
298 148
299 149
300 150
301 151
302 152
303 153
304 154
305 155
306 156
307 156
308 157
309 158
310 159
311 160
312 161
313 162
314 163
315 163
316 164
317 165
318 166
319 167
320 168
321 168
322 169
323 170
324 171
325 171
326 172
327 173
328 174
329 174
330 175
331 176
332 176
333 177
334 178
335 178
336 179
337 180
338 180
339 181
340 181
341 182
342 182
343 183
344 183
345 184
346 184
347 185
348 185
349 185
350 186
351 186
352 186
353 186
354 186
355 187
356 187
357 187
358 186
359 186
360 186
361 186
362 185
363 185
364 185
365 184
366 183
367 183
368 182
369 181
370 180
371 179
372 178
373 177
374 176
375 175
375 174
376 173
377 172
378 171
378 170
379 169
380 168
381 167
381 166
382 165
383 164
383 163
384 162
385 161
385 160
386 159
387 158
387 157
388 156
389 155
389 154
390 153
391 152
392 151
392 150
393 149
394 148
395 147
396 147
397 146
398 145
399 145
400 144
401 144
402 143
403 143
404 143
405 143
406 143
407 142
408 142
409 142
410 143
411 143
412 143
413 143
414 143
415 143
416 144
417 144
418 144
419 144
420 144
421 145
422 145
423 145
424 145
425 145
426 145
427 145
428 145
429 145
430 145
431 145
432 145
433 144
434 144
435 144
436 144
437 143
438 143
439 143
440 142
441 142
442 142
443 141
444 141
445 140
446 140
447 139
448 139
449 139
450 138
451 138
452 137
453 137
454 136
455 136
456 135
457 134
458 134
459 133
460 133
461 132
462 132
463 131
464 130
465 130
466 129
467 128
468 127
469 127
470 126
471 125
472 124
473 123
474 123
475 122
476 121
477 120
478 119
479 118
480 117
481 116
482 115
483 114
484 113
485 112
486 111
487 110
488 109
489 108
490 107
491 106
491 105
492 104
493 103
494 102
495 101
496 100
497 99
498 98
499 97
500 96
501 95
501 94
502 93
503 92
504 91
505 90
506 89
507 88
508 87
509 86
510 85
510 84
511 83
512 82
513 81
514 80
515 79
516 78
517 77
518 76
519 75
519 74
520 73
521 72
