15 17
15 18
16 19
17 20
17 21
18 22
19 23
19 24
20 25
20 26
21 27
22 28
22 29
23 30
23 31
24 32
25 33
25 34
26 35
26 36
27 37
28 38
28 39
29 40
29 41
30 42
31 43
31 44
32 45
33 46
33 47
34 48
34 49
35 50
36 51
36 52
37 53
38 54
38 55
39 56
39 57
40 58
41 59
41 60
42 61
43 62
43 63
44 64
45 65
45 66
46 67
47 68
47 69
48 70
49 71
49 72
50 73
51 74
51 75
52 76
53 77
53 78
54 79
55 80
56 81
56 82
57 83
58 84
59 85
59 86
60 87
61 88
62 89
62 90
63 91
64 92
65 93
65 94
66 95
67 96
68 97
69 98
69 99
70 100
71 101
72 102
73 103
74 104
74 105
75 106
76 107
77 108
78 109
79 110
80 111
81 112
81 113
82 114
83 115
84 116
85 117
86 118
87 119
88 120
89 121
90 122
91 123
92 124
93 125
94 126
95 127
96 128
97 129
98 130
99 131
100 132
101 133
102 134
103 135
104 136
105 137
106 138
107 139
108 140
109 140
110 141
111 142
112 143
113 144
114 145
115 145
116 146
117 147
118 147
119 148
120 149
121 150
122 150
123 151
124 152
125 152
126 153
127 153
128 154
129 155
130 155
131 156
132 156
133 157
134 157
135 158
136 158
137 159
138 159
139 160
140 160
141 161
142 161
143 161
144 162
145 162
146 162
147 163
148 163
149 163
150 164
151 164
152 164
153 165
154 165
155 165
156 165
157 165
158 166
159 166
160 166
161 166
162 166
163 166
164 166
165 166
166 166
167 166
168 167
169 167
170 167
171 167
172 167
173 167
174 167
175 167
176 167
177 167
178 167
179 167
180 167
181 167
182 167
183 168
184 168
185 168
186 168
187 168
188 168
189 168
190 169
191 169
192 169
193 170
194 170
195 170
196 170
197 171
198 171
199 172
200 172
201 172
202 173
203 173
204 174
205 174
206 175
207 175
208 176
209 176
210 177
211 177
212 178
213 179
214 179
215 180
216 180
217 181
218 181
219 182
220 183
221 183
222 184
223 185
224 185
225 186
226 187
227 187
228 188
229 189
230 189
231 190
232 191
233 191
234 192
235 193
236 193
237 194
238 195
239 195
240 196
241 197
242 197
243 198
244 199
245 199
246 200
247 200
248 201
249 201
250 202
251 202
252 203
253 203
254 204
255 204
256 204
257 205
258 205
259 205
260 206
261 206
262 206
263 206
264 206
265 206
266 206
267 206
268 206
269 206
270 205
271 205
272 205
273 205
274 205
275 204
276 204
277 204
278 204
279 203
280 203
281 203
282 202
283 202
284 202
285 202
286 201
287 201
288 201
289 201
290 200
291 200
292 200
293 200
294 199
295 199
296 199
297 199
298 199
299 198
300 198
301 198
302 198
303 198
304 197
305 197
306 197
307 197
308 197
309 196
310 196
311 196
312 195
313 195
314 195
315 195
316 194
317 194
318 193
319 193
320 193
321 192
322 192
323 191
324 191
325 190
326 189
327 189
328 188
329 187
330 187
331 186
332 185
333 184
334 184
335 183
336 182
337 181
338 180
339 179
340 178
341 177
342 176
343 175
344 174
345 173
346 172
347 171
348 170
349 169
350 168
351 167
352 166
353 165
354 164
354 163
355 162
356 161
357 160
358 159
359 158
360 157
361 156
361 155
362 154
363 153
364 152
365 151
