9 78
9 79
10 80
10 81
11 82
11 83
12 84
13 85
13 86
14 87
14 88
15 89
16 90
17 91
17 92
18 93
19 94
20 94
21 95
22 95
23 96
24 96
25 96
26 95
27 95
28 95
29 94
30 94
31 94
32 93
33 93
34 92
35 92
36 91
37 91
38 91
39 90
40 90
41 90
42 89
43 89
44 89
45 88
46 88
47 88
48 87
49 87
50 87
51 86
52 86
53 86
54 86
55 85
56 85
57 85
58 85
59 85
60 84
61 84
62 84
63 84
64 84
65 84
66 84
67 84
68 84
69 84
70 84
71 84
72 84
73 84
74 84
75 84
76 84
77 85
78 85
79 85
80 85
81 86
82 86
83 87
84 87
85 88
86 88
87 89
88 89
89 90
90 90
91 91
92 92
93 92
94 93
95 94
96 94
97 95
98 96
99 97
100 98
101 98
102 99
103 100
104 101
105 102
106 103
107 104
108 105
109 106
110 107
111 108
112 109
113 110
114 111
115 112
116 113
117 114
118 115
119 116
120 117
121 118
122 119
123 120
124 121
125 122
