9 50
10 51
11 52
12 52
13 53
14 54
15 55
16 55
17 56
18 57
19 58
20 59
21 59
22 60
23 61
24 62
25 62
26 63
27 64
28 65
29 66
30 66
31 67
32 68
33 69
34 70
35 70
36 71
37 72
38 73
39 73
40 74
41 75
42 76
43 77
44 77
45 78
46 79
47 80
48 80
49 81
50 82
51 83
52 83
53 84
54 85
55 86
56 86
57 87
58 88
59 89
60 89
61 90
62 91
63 91
64 92
65 93
66 93
67 94
68 94
69 95
70 96
71 96
72 97
73 98
74 98
75 99
76 99
77 100
78 101
79 101
80 102
81 103
82 103
83 104
84 104
85 105
86 106
87 106
88 107
89 108
90 108
91 109
92 109
93 110
94 110
95 111
96 112
97 112
98 113
99 113
100 114
101 114
102 115
103 115
104 116
105 116
106 116
107 117
108 117
109 117
110 118
111 118
112 118
113 118
114 118
115 118
116 118
117 118
118 118
119 118
120 118
121 117
122 117
123 117
124 116
125 116
126 115
127 115
128 114
129 114
130 113
131 113
132 112
133 112
134 111
135 111
136 110
137 110
138 109
139 109
140 109
141 108
142 108
143 108
144 108
145 108
146 108
147 108
148 108
149 108
150 108
151 108
152 108
153 109
154 109
155 110
156 110
157 110
158 111
159 111
160 112
161 112
162 113
163 113
164 114
165 114
166 114
167 115
168 115
169 115
170 115
171 116
172 116
173 116
174 116
175 116
176 116
177 117
178 117
179 117
180 117
181 117
182 117
183 117
184 117
185 117
186 117
187 117
188 117
189 117
190 116
191 116
192 116
193 116
194 116
195 115
196 115
197 115
198 114
199 114
200 114
201 113
202 113
203 112
204 112
205 111
206 111
207 111
208 110
209 110
210 110
211 110
212 110
213 110
214 110
215 110
216 110
217 111
218 111
219 111
220 112
221 112
222 113
223 113
224 114
225 114
226 115
227 115
228 116
229 116
230 117
231 117
232 117
233 117
234 117
235 117
236 117
237 116
238 115
239 115
240 114
241 113
242 112
243 111
244 110
245 109
246 108
