13 0
14 1
15 2
16 3
17 4
17 5
18 6
19 7
20 8
21 9
22 10
23 11
23 12
24 13
25 14
26 15
27 16
27 17
28 18
29 19
30 20
31 21
32 22
32 23
33 24
34 25
35 26
36 27
37 28
38 29
39 30
40 31
41 31
42 32
43 33
44 34
45 34
46 35
47 35
48 36
49 37
50 37
51 38
52 38
53 39
54 39
55 40
56 41
57 41
58 42
59 43
60 43
61 44
62 45
63 46
64 47
65 48
65 49
66 50
67 51
68 52
68 53
69 54
70 55
71 56
72 57
72 58
73 59
74 60
75 61
76 62
76 63
77 64
78 65
79 66
80 67
81 68
82 69
83 70
84 71
85 72
86 73
87 73
88 74
89 75
90 75
91 75
92 75
93 76
94 75
95 75
96 75
97 74
98 73
99 73
100 72
101 71
102 70
103 69
103 68
104 67
105 66
106 65
106 64
107 63
108 62
108 61
109 60
110 59
