21 22
22 23
23 24
24 25
24 26
25 27
26 28
26 29
27 30
28 31
28 32
29 33
29 34
30 35
31 36
31 37
32 38
32 39
33 40
33 41
34 42
35 43
35 44
36 45
36 46
37 47
37 48
38 49
38 50
39 51
39 52
40 53
40 54
41 55
42 56
42 57
43 58
43 59
44 60
44 61
45 62
45 63
46 64
46 65
47 66
47 67
48 68
49 69
49 70
50 71
50 72
51 73
52 74
53 75
53 76
54 77
55 78
56 79
57 80
58 81
59 82
60 83
61 83
62 84
63 85
64 85
65 86
66 86
67 87
68 87
69 87
70 87
71 88
72 88
73 88
74 88
75 88
76 88
77 88
78 89
79 89
80 89
81 89
82 89
83 89
84 89
85 89
86 89
87 89
88 90
89 90
90 90
91 90
92 90
93 91
94 91
95 91
96 91
97 92
98 92
99 92
100 93
101 93
102 93
103 94
104 94
105 95
106 95
107 95
108 96
109 96
110 97
111 97
112 98
113 98
114 99
115 99
116 100
117 101
118 101
119 102
120 102
121 103
122 104
123 104
124 105
125 106
126 106
127 107
128 108
129 108
130 109
131 109
132 110
133 111
134 111
135 112
136 113
137 113
138 114
139 114
140 115
141 115
142 116
143 116
144 116
145 117
146 117
147 118
148 118
149 118
150 118
151 119
152 119
153 119
154 119
155 119
156 120
157 120
158 120
159 120
160 120
161 120
162 120
163 120
164 120
165 120
166 120
167 121
168 121
169 121
170 121
171 121
172 121
173 121
174 121
175 121
176 121
177 121
178 121
179 121
180 121
181 121
182 121
183 121
184 121
185 121
186 121
187 121
188 121
189 121
190 121
191 122
192 122
193 122
194 122
195 122
196 123
197 123
198 123
199 124
200 124
201 124
202 125
203 125
204 126
205 126
206 127
207 127
208 128
209 129
210 129
211 130
212 131
213 131
214 132
215 133
216 133
217 134
218 135
219 136
220 137
221 137
222 138
223 139
224 140
225 141
226 142
227 143
