9 31
10 31
11 32
12 32
13 33
14 33
15 33
16 34
17 34
18 35
19 35
20 35
21 35
22 36
23 36
24 36
25 36
26 36
27 36
28 36
29 36
30 36
31 36
32 36
33 36
34 36
35 36
36 36
37 37
38 37
39 37
40 37
41 37
42 37
43 38
44 38
45 38
46 39
47 39
48 40
49 40
50 41
51 41
52 42
53 42
54 43
55 43
56 44
57 45
58 45
59 46
60 46
61 47
62 47
63 48
64 48
65 49
66 49
67 50
68 50
69 51
70 51
71 51
72 52
73 52
74 52
75 52
76 53
77 53
78 53
79 53
80 54
81 54
82 54
83 54
84 54
85 54
86 54
87 54
88 55
89 55
90 55
91 55
92 55
93 55
94 55
95 55
96 55
97 55
98 55
99 55
100 55
101 55
102 55
103 55
104 55
105 55
106 55
107 55
108 56
109 56
110 56
111 56
112 56
113 57
114 57
115 57
116 57
117 58
118 58
119 58
120 59
121 59
122 60
123 60
124 61
125 61
126 61
127 62
128 62
129 63
130 64
131 64
132 65
133 65
134 66
135 66
136 67
137 68
138 68
139 69
140 70
