25 43
26 44
27 45
27 46
28 47
29 48
30 49
31 50
31 51
32 52
33 53
34 54
35 55
36 56
37 57
38 58
39 59
40 60
41 61
42 62
43 63
44 64
45 65
46 66
47 67
48 67
49 68
50 69
51 70
52 70
53 71
54 72
55 73
56 73
57 74
58 75
59 76
60 77
61 78
62 79
63 80
64 80
65 81
66 82
67 83
67 84
68 85
69 86
70 87
71 88
72 89
73 90
74 91
75 92
76 93
77 94
78 95
78 96
79 97
80 98
81 99
82 100
83 101
84 102
85 103
86 104
87 105
88 106
88 107
89 108
90 109
91 110
92 111
93 112
94 113
95 114
96 115
97 116
98 117
99 118
100 119
101 120
102 120
103 121
104 122
105 122
106 123
107 123
108 123
109 123
110 122
111 122
112 121
113 120
114 119
115 118
115 117
116 116
117 115
117 114
118 113
118 112
119 111
119 110
120 109
120 108
121 107
121 106
122 105
122 104
123 103
123 102
124 101
124 100
124 99
125 98
125 97
126 96
126 95
127 94
127 93
128 92
128 91
129 90
129 89
130 88
130 87
131 86
131 85
132 84
132 83
133 82
134 81
134 80
135 79
135 78
136 77
137 76
137 75
138 74
139 73
140 72
140 71
141 70
142 69
143 68
144 67
145 66
146 65
147 64
148 63
149 62
150 61
151 60
152 59
153 59
154 58
155 57
156 56
157 56
158 55
159 55
160 54
161 54
162 53
163 53
164 53
165 52
166 52
167 52
168 51
169 51
170 51
171 51
172 51
173 51
174 51
175 51
176 51
177 51
178 51
179 51
180 52
181 52
182 52
183 52
184 52
185 52
186 53
187 53
188 53
189 53
190 53
191 53
192 53
193 53
194 53
195 53
196 53
197 53
198 52
199 52
200 52
201 52
202 52
203 52
204 52
205 52
206 51
207 51
208 51
209 51
210 51
211 51
212 51
213 51
214 51
215 51
216 52
217 52
218 52
219 53
220 53
221 53
222 54
223 55
224 55
225 56
226 57
227 58
228 59
229 60
230 61
231 62
232 63
232 64
233 65
234 66
235 67
236 68
236 69
237 70
238 71
239 72
240 73
240 74
241 75
242 76
243 77
244 78
245 79
246 80
247 81
248 82
249 83
250 83
251 84
252 84
253 85
254 85
255 85
256 85
257 85
258 85
259 84
260 84
261 83
262 82
263 81
264 80
265 79
266 78
267 77
268 76
269 75
269 74
270 73
271 72
271 71
272 70
273 69
273 68
274 67
275 66
275 65
276 64
277 63
277 62
278 61
279 60
280 59
281 58
281 57
282 56
283 56
284 55
285 54
286 54
287 53
288 53
289 53
290 53
291 53
292 53
293 54
294 54
295 55
296 56
297 57
298 58
299 59
300 60
300 61
301 62
302 63
303 64
304 65
304 66
305 67
306 68
307 69
308 70
309 71
310 72
311 73
312 74
313 75
314 76
315 76
316 77
317 78
318 79
319 80
320 81
321 81
322 82
323 83
324 84
325 84
326 85
327 86
328 87
329 87
330 88
331 89
332 90
333 91
334 91
335 92
336 93
337 94
338 95
339 95
340 96
341 97
342 98
343 98
344 99
345 100
346 101
347 101
348 102
349 103
350 103
351 104
352 104
353 105
354 105
355 105
356 105
357 105
358 105
359 105
360 105
361 104
362 104
363 103
364 103
365 102
366 101
367 101
368 100
369 99
370 98
371 97
372 96
373 95
374 94
375 94
376 93
377 92
378 91
379 90
380 89
381 88
382 87
383 86
384 85
385 84
386 83
387 82
