11 6
12 7
13 8
14 9
14 10
15 11
16 12
17 13
17 14
18 15
19 16
20 17
20 18
21 19
22 20
23 21
23 22
24 23
25 24
26 25
26 26
27 27
28 28
29 29
29 30
30 31
31 32
32 33
33 34
33 35
34 36
35 37
36 38
36 39
37 40
38 41
39 42
39 43
40 44
41 45
42 46
43 47
43 48
44 49
45 50
46 51
46 52
47 53
48 54
49 55
50 56
50 57
51 58
52 59
53 60
53 61
54 62
55 63
56 64
57 65
57 66
58 67
59 68
60 69
61 70
61 71
62 72
63 73
64 74
65 75
65 76
66 77
67 78
68 79
69 80
69 81
70 82
71 83
72 84
73 85
73 86
74 87
75 88
76 89
76 90
77 91
78 92
79 93
80 94
80 95
81 96
82 97
83 98
83 99
84 100
85 101
86 102
86 103
87 104
88 105
89 106
90 107
90 108
91 109
92 110
93 111
94 112
94 113
95 114
96 115
97 116
98 117
99 118
100 119
100 120
101 121
102 122
103 123
104 124
105 125
106 126
107 126
108 127
109 128
110 129
111 130
112 130
113 131
114 132
115 132
116 133
117 133
118 134
119 134
120 134
121 135
122 135
123 135
124 135
125 136
126 136
127 136
128 136
129 136
130 136
131 136
132 136
133 136
134 135
135 135
136 135
137 135
138 134
139 134
140 134
141 134
142 133
143 133
144 132
145 132
146 132
147 131
148 131
149 131
150 130
151 130
152 129
153 129
154 129
155 128
156 128
157 128
158 127
159 127
160 127
161 126
162 126
163 126
164 126
165 125
166 125
167 125
168 125
169 125
170 125
171 124
172 124
173 124
174 124
175 124
176 124
177 124
178 124
179 124
180 124
181 124
182 124
183 124
184 124
185 124
186 124
187 124
188 124
189 124
190 124
191 124
192 124
193 124
194 123
195 123
196 123
197 123
198 123
199 122
200 122
201 122
202 121
203 121
204 121
205 120
206 120
207 119
208 118
209 118
210 117
211 116
212 116
213 115
214 114
215 113
216 112
217 111
218 110
219 109
220 108
221 107
222 106
222 105
223 104
224 103
225 102
226 101
226 100
227 99
228 98
229 97
229 96
230 95
231 94
231 93
232 92
233 91
233 90
234 89
235 88
235 87
236 86
237 85
237 84
238 83
239 82
239 81
240 80
240 79
241 78
242 77
242 76
243 75
243 74
244 73
245 72
245 71
246 70
246 69
247 68
247 67
248 66
249 65
249 64
250 63
250 62
251 61
