24 51
25 51
26 51
27 51
28 51
29 51
30 51
31 51
32 51
33 51
34 51
35 52
36 52
37 52
38 52
39 53
40 53
41 54
42 54
43 55
44 56
45 56
46 57
47 58
48 59
49 59
50 60
51 61
52 62
53 63
54 64
55 65
56 66
57 67
58 68
59 69
60 70
61 71
62 72
63 73
64 74
64 75
65 76
66 77
67 78
68 79
69 80
70 81
71 82
72 83
73 83
74 84
75 85
76 86
77 87
78 88
79 88
80 89
81 90
82 91
83 91
84 92
85 92
86 93
87 94
88 94
89 95
90 95
91 96
92 96
93 96
94 97
95 97
96 98
97 98
98 98
99 99
100 99
101 99
102 100
103 100
104 100
105 101
106 101
107 101
108 102
109 102
110 102
111 103
112 103
113 103
114 104
115 104
116 104
117 105
118 105
119 105
120 106
121 106
122 106
123 107
124 107
125 108
126 108
127 108
128 109
129 109
130 110
131 110
132 110
133 111
134 111
135 112
136 112
137 113
138 113
139 114
140 114
141 114
142 115
143 115
144 116
145 116
146 117
147 117
148 118
149 118
150 119
151 119
152 120
153 120
