14 43
15 44
15 45
16 46
17 47
17 48
18 49
18 50
19 51
20 52
20 53
21 54
21 55
22 56
23 57
23 58
24 59
24 60
25 61
26 62
26 63
27 64
27 65
28 66
28 67
29 68
30 69
30 70
31 71
31 72
32 73
33 74
33 75
34 76
34 77
35 78
35 79
36 80
37 81
37 82
38 83
38 84
39 85
39 86
40 87
41 88
41 89
42 90
42 91
43 92
43 93
44 94
44 95
45 96
46 97
46 98
47 99
47 100
48 101
48 102
49 103
50 104
50 105
51 106
51 107
52 108
52 109
53 110
54 111
54 112
55 113
55 114
56 115
56 116
57 117
58 118
58 119
59 120
59 121
60 122
61 123
61 124
62 125
63 126
63 127
64 128
64 129
65 130
66 131
66 132
67 133
68 134
68 135
69 136
70 137
70 138
71 139
72 140
73 141
73 142
74 143
75 144
76 145
76 146
77 147
78 148
79 149
80 150
81 151
82 152
83 153
84 154
85 155
86 156
87 157
88 158
89 158
90 159
91 160
92 160
93 161
94 161
95 162
96 162
97 163
98 163
99 163
100 164
101 164
102 164
103 165
104 165
105 165
106 166
107 166
108 166
109 167
110 167
111 167
112 168
113 168
114 168
115 169
116 169
117 169
118 170
119 170
120 171
121 171
122 171
123 172
124 172
125 173
126 173
127 174
128 174
129 175
130 175
131 175
132 176
133 176
134 177
135 177
136 178
137 178
138 178
139 179
140 179
141 179
142 180
143 180
144 180
145 180
146 181
147 181
148 181
149 182
150 182
151 182
152 182
153 183
154 183
155 183
156 183
157 184
158 184
159 184
160 184
161 184
162 185
163 185
164 185
165 185
166 186
167 186
168 186
169 186
170 186
171 186
172 187
173 187
174 187
175 187
176 187
177 187
178 187
179 187
180 187
181 187
182 187
183 186
184 186
185 186
186 186
187 186
188 185
189 185
190 185
191 184
192 184
193 184
194 183
195 183
196 182
197 182
198 181
199 181
200 180
201 179
202 179
203 178
204 177
205 177
206 176
207 175
208 175
209 174
210 173
211 173
212 172
213 171
214 171
215 170
216 169
217 168
218 168
219 167
220 166
221 166
222 165
223 164
224 164
225 163
226 162
227 162
228 161
229 160
230 160
231 159
232 159
233 158
234 157
235 157
236 156
237 156
238 155
239 155
240 154
241 154
242 153
243 153
244 152
245 152
246 151
247 151
248 150
249 150
250 150
251 149
252 149
253 148
254 148
255 148
256 147
257 147
258 147
259 146
260 146
261 146
262 145
263 145
264 145
265 144
266 144
267 144
268 144
269 143
270 143
271 143
272 142
273 142
274 142
275 142
276 141
277 141
278 141
