15 7
16 8
17 9
17 10
18 11
19 12
19 13
20 14
20 15
21 16
22 17
22 18
23 19
23 20
24 21
25 22
25 23
26 24
26 25
27 26
27 27
28 28
29 29
29 30
30 31
30 32
31 33
31 34
32 35
32 36
33 37
33 38
34 39
35 40
35 41
36 42
36 43
37 44
37 45
38 46
38 47
39 48
40 49
40 50
41 51
41 52
42 53
43 54
44 55
44 56
45 57
46 58
46 59
47 60
48 61
49 62
50 63
51 64
52 65
53 66
54 67
55 68
56 69
57 70
58 71
59 71
60 72
61 72
62 72
63 72
64 72
65 72
66 71
67 71
68 70
69 69
70 69
71 68
72 67
73 66
74 65
75 64
76 63
77 62
78 61
79 60
79 59
80 58
81 57
82 56
83 55
84 54
85 53
85 52
86 51
87 50
88 49
89 48
89 47
90 46
91 45
92 44
93 43
94 42
94 41
95 40
96 39
97 39
98 38
99 38
100 38
101 38
102 38
103 38
104 39
105 40
106 41
106 42
107 43
107 44
108 45
108 46
109 47
109 48
110 49
110 50
111 51
111 52
112 53
112 54
113 55
113 56
114 57
114 58
115 59
116 60
116 61
117 62
117 63
118 64
119 65
120 66
120 67
121 68
122 69
123 70
124 71
125 72
126 73
127 73
128 74
129 74
130 75
131 75
132 76
133 76
134 77
135 77
136 77
137 78
138 78
139 78
140 79
141 79
142 79
143 79
144 80
145 80
146 80
147 80
148 80
149 79
150 79
151 79
152 78
153 77
154 77
155 76
156 76
157 75
158 75
159 74
160 74
161 73
162 73
163 73
164 73
165 73
166 73
167 73
168 73
169 73
170 73
171 73
172 73
173 73
174 73
175 73
176 73
177 74
178 74
179 74
180 74
181 74
182 75
183 75
184 75
185 75
186 76
187 76
188 76
189 76
190 77
191 77
192 77
193 78
194 78
195 79
196 79
197 79
198 80
199 80
200 81
201 81
202 82
203 83
204 83
205 84
206 84
207 85
208 86
209 86
210 87
211 88
212 88
213 89
214 89
215 90
216 91
217 91
218 92
219 92
220 93
221 93
222 94
223 95
224 95
225 96
226 96
227 97
228 97
229 98
230 98
231 99
232 99
