13 22
13 23
14 24
14 25
15 26
15 27
16 28
16 29
16 30
17 31
17 32
18 33
18 34
19 35
19 36
20 37
20 38
21 39
21 40
22 41
22 42
23 43
23 44
24 45
24 46
25 47
25 48
26 49
26 50
27 51
27 52
28 53
28 54
29 55
29 56
30 57
31 58
31 59
32 60
32 61
33 62
34 63
34 64
35 65
36 66
36 67
37 68
37 69
38 70
39 71
39 72
40 73
41 74
42 75
42 76
43 77
44 78
44 79
45 80
46 81
47 82
47 83
48 84
49 85
50 86
50 87
51 88
52 89
53 90
53 91
54 92
55 93
56 94
56 95
57 96
58 97
59 98
60 99
60 100
61 101
62 102
63 103
64 104
64 105
65 106
66 107
67 108
68 109
69 110
69 111
70 112
71 113
72 114
73 115
74 116
75 117
75 118
76 119
77 120
78 121
79 122
80 123
81 124
82 125
83 126
84 127
85 128
86 129
87 130
87 131
88 132
89 133
90 134
91 135
92 136
93 137
94 138
95 139
96 139
97 140
98 141
99 142
100 143
101 144
102 145
103 146
104 147
105 148
106 148
107 149
108 150
109 151
110 151
111 152
112 153
113 154
114 154
115 155
116 156
117 156
118 157
119 157
120 158
121 158
122 159
123 159
124 160
125 160
126 160
127 161
128 161
129 161
130 162
131 162
132 162
133 162
134 163
135 163
136 163
137 163
138 163
139 163
140 163
141 164
142 164
143 164
144 164
145 164
146 164
147 164
148 164
149 164
150 164
151 164
152 164
153 164
154 164
155 165
156 165
157 165
158 165
159 165
160 165
161 165
162 166
163 166
164 166
165 166
166 166
167 167
168 167
169 167
170 167
171 167
172 168
173 168
174 168
175 169
176 169
177 169
178 169
179 170
180 170
181 170
182 171
183 171
184 171
185 171
186 172
187 172
188 172
189 173
190 173
191 173
192 174
193 174
194 175
