18 11
19 11
20 11
21 10
22 10
23 10
24 10
25 10
26 10
27 10
28 10
29 10
30 10
31 10
32 10
33 11
34 11
35 11
36 12
37 13
38 13
39 14
40 15
41 16
42 17
42 18
43 19
44 20
45 21
45 22
46 23
47 24
47 25
48 26
49 27
49 28
50 29
51 30
52 31
53 32
53 33
54 34
55 35
56 36
57 37
58 38
59 38
60 39
61 40
62 41
63 41
64 42
65 43
66 44
67 44
68 45
69 46
70 46
71 47
72 48
73 48
74 49
75 50
76 50
77 51
78 52
79 53
80 53
81 54
82 55
83 56
83 57
84 58
85 59
85 60
86 61
87 62
87 63
88 64
88 65
89 66
89 67
90 68
90 69
91 70
91 71
92 72
92 73
93 74
93 75
94 76
94 77
95 78
96 79
96 80
97 81
98 82
99 83
99 84
100 85
101 86
102 87
103 88
104 88
105 89
106 89
107 90
108 90
109 90
110 91
111 91
112 91
113 91
114 90
115 90
116 90
117 90
118 89
119 89
120 89
121 88
122 88
123 87
124 86
125 86
126 85
127 84
128 83
129 82
130 81
131 80
132 79
133 78
134 77
135 76
136 75
136 74
137 73
138 72
139 71
139 70
140 69
141 68
141 67
142 66
142 65
143 64
144 63
144 62
145 61
146 60
146 59
147 58
147 57
148 56
149 55
150 54
150 53
151 52
152 51
153 50
154 49
155 49
156 49
157 49
158 49
159 49
160 49
161 50
162 51
163 52
164 53
165 53
166 54
167 54
168 55
169 56
170 56
171 57
172 58
173 59
174 60
175 61
176 62
176 63
177 64
178 65
179 66
180 67
181 68
182 69
